timestamp,metric,interface,isd_as,neighbor_isd_as,raw_delta,delta_seconds,normalized_delta
2025-10-15T19:34:40.635000+00:00,router_dropped_pkts_total,->1,1-112,unknown,0.0,0.0,0.0
2025-10-15T19:34:40.635000+00:00,router_dropped_pkts_total,->2,1-112,unknown,0.0,0.0,0.0
2025-10-15T19:34:40.635000+00:00,router_dropped_pkts_total,->3,1-112,unknown,0.0,0.0,0.0
2025-10-15T19:34:40.635000+00:00,router_dropped_pkts_total,->4,1-112,unknown,0.0,0.0,0.0
2025-10-15T19:34:40.635000+00:00,router_dropped_pkts_total,->6,1-112,unknown,0.0,0.0,0.0
2025-10-15T19:34:40.635000+00:00,router_dropped_pkts_total,->7,1-112,unknown,0.0,0.0,0.0
2025-10-15T19:34:40.635000+00:00,router_dropped_pkts_total,5,1-112,1-113,0.0,0.0,0.0
2025-10-15T19:34:40.635000+00:00,router_dropped_pkts_total,internal,1-112,1-112,0.0,0.0,0.0
2025-10-15T19:34:40.635000+00:00,router_dropped_pkts_total,physical_local,1-112,local,0.0,0.0,0.0
2025-10-15T19:34:40.635000+00:00,router_dropped_pkts_total,physical_remote,1-112,remote,0.0,0.0,0.0
2025-10-15T19:34:40.635000+00:00,router_input_bytes_total,->1,1-112,unknown,0.0,0.0,0.0
2025-10-15T19:34:40.635000+00:00,router_input_bytes_total,->2,1-112,unknown,0.0,0.0,0.0
2025-10-15T19:34:40.635000+00:00,router_input_bytes_total,->3,1-112,unknown,0.0,0.0,0.0
2025-10-15T19:34:40.635000+00:00,router_input_bytes_total,->4,1-112,unknown,0.0,0.0,0.0
2025-10-15T19:34:40.635000+00:00,router_input_bytes_total,->6,1-112,unknown,0.0,0.0,0.0
2025-10-15T19:34:40.635000+00:00,router_input_bytes_total,->7,1-112,unknown,0.0,0.0,0.0
2025-10-15T19:34:40.635000+00:00,router_input_bytes_total,5,1-112,1-113,0.0,0.0,0.0
2025-10-15T19:34:40.635000+00:00,router_input_bytes_total,internal,1-112,1-112,0.0,0.0,0.0
2025-10-15T19:34:40.635000+00:00,router_input_bytes_total,physical_local,1-112,local,0.0,0.0,0.0
2025-10-15T19:34:40.635000+00:00,router_input_bytes_total,physical_remote,1-112,remote,0.0,0.0,0.0
2025-10-15T19:34:40.635000+00:00,router_input_pkts_total,->1,1-112,unknown,0.0,0.0,0.0
2025-10-15T19:34:40.635000+00:00,router_input_pkts_total,->2,1-112,unknown,0.0,0.0,0.0
2025-10-15T19:34:40.635000+00:00,router_input_pkts_total,->3,1-112,unknown,0.0,0.0,0.0
2025-10-15T19:34:40.635000+00:00,router_input_pkts_total,->4,1-112,unknown,0.0,0.0,0.0
2025-10-15T19:34:40.635000+00:00,router_input_pkts_total,->6,1-112,unknown,0.0,0.0,0.0
2025-10-15T19:34:40.635000+00:00,router_input_pkts_total,->7,1-112,unknown,0.0,0.0,0.0
2025-10-15T19:34:40.635000+00:00,router_input_pkts_total,5,1-112,1-113,0.0,0.0,0.0
2025-10-15T19:34:40.635000+00:00,router_input_pkts_total,internal,1-112,1-112,0.0,0.0,0.0
2025-10-15T19:34:40.635000+00:00,router_input_pkts_total,physical_local,1-112,local,0.0,0.0,0.0
2025-10-15T19:34:40.635000+00:00,router_input_pkts_total,physical_remote,1-112,remote,0.0,0.0,0.0
2025-10-15T19:34:40.635000+00:00,router_output_bytes_total,->1,1-112,unknown,0.0,0.0,0.0
2025-10-15T19:34:40.635000+00:00,router_output_bytes_total,->2,1-112,unknown,0.0,0.0,0.0
2025-10-15T19:34:40.635000+00:00,router_output_bytes_total,->3,1-112,unknown,0.0,0.0,0.0
2025-10-15T19:34:40.635000+00:00,router_output_bytes_total,->4,1-112,unknown,0.0,0.0,0.0
2025-10-15T19:34:40.635000+00:00,router_output_bytes_total,->6,1-112,unknown,0.0,0.0,0.0
2025-10-15T19:34:40.635000+00:00,router_output_bytes_total,->7,1-112,unknown,0.0,0.0,0.0
2025-10-15T19:34:40.635000+00:00,router_output_bytes_total,5,1-112,1-113,0.0,0.0,0.0
2025-10-15T19:34:40.635000+00:00,router_output_bytes_total,internal,1-112,1-112,0.0,0.0,0.0
2025-10-15T19:34:40.635000+00:00,router_output_bytes_total,physical_local,1-112,local,0.0,0.0,0.0
2025-10-15T19:34:40.635000+00:00,router_output_bytes_total,physical_remote,1-112,remote,0.0,0.0,0.0
2025-10-15T19:34:40.635000+00:00,router_output_pkts_total,->1,1-112,unknown,0.0,0.0,0.0
2025-10-15T19:34:40.635000+00:00,router_output_pkts_total,->2,1-112,unknown,0.0,0.0,0.0
2025-10-15T19:34:40.635000+00:00,router_output_pkts_total,->3,1-112,unknown,0.0,0.0,0.0
2025-10-15T19:34:40.635000+00:00,router_output_pkts_total,->4,1-112,unknown,0.0,0.0,0.0
2025-10-15T19:34:40.635000+00:00,router_output_pkts_total,->6,1-112,unknown,0.0,0.0,0.0
2025-10-15T19:34:40.635000+00:00,router_output_pkts_total,->7,1-112,unknown,0.0,0.0,0.0
2025-10-15T19:34:40.635000+00:00,router_output_pkts_total,5,1-112,1-113,0.0,0.0,0.0
2025-10-15T19:34:40.635000+00:00,router_output_pkts_total,internal,1-112,1-112,0.0,0.0,0.0
2025-10-15T19:34:40.635000+00:00,router_output_pkts_total,physical_local,1-112,local,0.0,0.0,0.0
2025-10-15T19:34:40.635000+00:00,router_output_pkts_total,physical_remote,1-112,remote,0.0,0.0,0.0
2025-10-15T19:34:41.758000+00:00,router_dropped_pkts_total,->1,1-112,unknown,0.0,1.123,0.0
2025-10-15T19:34:41.758000+00:00,router_dropped_pkts_total,->2,1-112,unknown,0.0,1.123,0.0
2025-10-15T19:34:41.758000+00:00,router_dropped_pkts_total,->3,1-112,unknown,0.0,1.123,0.0
2025-10-15T19:34:41.758000+00:00,router_dropped_pkts_total,->4,1-112,unknown,0.0,1.123,0.0
2025-10-15T19:34:41.758000+00:00,router_dropped_pkts_total,->6,1-112,unknown,0.0,1.123,0.0
2025-10-15T19:34:41.758000+00:00,router_dropped_pkts_total,->7,1-112,unknown,0.0,1.123,0.0
2025-10-15T19:34:41.758000+00:00,router_dropped_pkts_total,5,1-112,1-113,0.0,1.123,0.0
2025-10-15T19:34:41.758000+00:00,router_dropped_pkts_total,internal,1-112,1-112,0.0,1.123,0.0
2025-10-15T19:34:41.758000+00:00,router_dropped_pkts_total,physical_local,1-112,local,0.0,1.123,0.0
2025-10-15T19:34:41.758000+00:00,router_dropped_pkts_total,physical_remote,1-112,remote,0.0,1.123,0.0
2025-10-15T19:34:41.758000+00:00,router_input_bytes_total,->1,1-112,unknown,0.0,1.123,0.0
2025-10-15T19:34:41.758000+00:00,router_input_bytes_total,->2,1-112,unknown,0.0,1.123,0.0
2025-10-15T19:34:41.758000+00:00,router_input_bytes_total,->3,1-112,unknown,0.0,1.123,0.0
2025-10-15T19:34:41.758000+00:00,router_input_bytes_total,->4,1-112,unknown,0.0,1.123,0.0
2025-10-15T19:34:41.758000+00:00,router_input_bytes_total,->6,1-112,unknown,0.0,1.123,0.0
2025-10-15T19:34:41.758000+00:00,router_input_bytes_total,->7,1-112,unknown,0.0,1.123,0.0
2025-10-15T19:34:41.758000+00:00,router_input_bytes_total,5,1-112,1-113,6050.0,1.123,5387.355298308104
2025-10-15T19:34:41.758000+00:00,router_input_bytes_total,internal,1-112,1-112,30742.0,1.123,27374.888691006232
2025-10-15T19:34:41.758000+00:00,router_input_bytes_total,physical_local,1-112,local,30742.0,1.123,27374.888691006232
2025-10-15T19:34:41.758000+00:00,router_input_bytes_total,physical_remote,1-112,remote,6050.0,1.123,5387.355298308104
2025-10-15T19:34:41.758000+00:00,router_input_pkts_total,->1,1-112,unknown,0.0,1.123,0.0
2025-10-15T19:34:41.758000+00:00,router_input_pkts_total,->2,1-112,unknown,0.0,1.123,0.0
2025-10-15T19:34:41.758000+00:00,router_input_pkts_total,->3,1-112,unknown,0.0,1.123,0.0
2025-10-15T19:34:41.758000+00:00,router_input_pkts_total,->4,1-112,unknown,0.0,1.123,0.0
2025-10-15T19:34:41.758000+00:00,router_input_pkts_total,->6,1-112,unknown,0.0,1.123,0.0
2025-10-15T19:34:41.758000+00:00,router_input_pkts_total,->7,1-112,unknown,0.0,1.123,0.0
2025-10-15T19:34:41.758000+00:00,router_input_pkts_total,5,1-112,1-113,28.0,1.123,24.933214603739984
2025-10-15T19:34:41.758000+00:00,router_input_pkts_total,internal,1-112,1-112,31.0,1.123,27.604630454140693
2025-10-15T19:34:41.758000+00:00,router_input_pkts_total,physical_local,1-112,local,31.0,1.123,27.604630454140693
2025-10-15T19:34:41.758000+00:00,router_input_pkts_total,physical_remote,1-112,remote,28.0,1.123,24.933214603739984
2025-10-15T19:34:41.758000+00:00,router_output_bytes_total,->1,1-112,unknown,0.0,1.123,0.0
2025-10-15T19:34:41.758000+00:00,router_output_bytes_total,->2,1-112,unknown,0.0,1.123,0.0
2025-10-15T19:34:41.758000+00:00,router_output_bytes_total,->3,1-112,unknown,0.0,1.123,0.0
2025-10-15T19:34:41.758000+00:00,router_output_bytes_total,->4,1-112,unknown,0.0,1.123,0.0
2025-10-15T19:34:41.758000+00:00,router_output_bytes_total,->6,1-112,unknown,0.0,1.123,0.0
2025-10-15T19:34:41.758000+00:00,router_output_bytes_total,->7,1-112,unknown,0.0,1.123,0.0
2025-10-15T19:34:41.758000+00:00,router_output_bytes_total,5,1-112,1-113,30742.0,1.123,27374.888691006232
2025-10-15T19:34:41.758000+00:00,router_output_bytes_total,internal,1-112,1-112,6050.0,1.123,5387.355298308104
2025-10-15T19:34:41.758000+00:00,router_output_bytes_total,physical_local,1-112,local,6050.0,1.123,5387.355298308104
2025-10-15T19:34:41.758000+00:00,router_output_bytes_total,physical_remote,1-112,remote,30742.0,1.123,27374.888691006232
2025-10-15T19:34:41.758000+00:00,router_output_pkts_total,->1,1-112,unknown,0.0,1.123,0.0
2025-10-15T19:34:41.758000+00:00,router_output_pkts_total,->2,1-112,unknown,0.0,1.123,0.0
2025-10-15T19:34:41.758000+00:00,router_output_pkts_total,->3,1-112,unknown,0.0,1.123,0.0
2025-10-15T19:34:41.758000+00:00,router_output_pkts_total,->4,1-112,unknown,0.0,1.123,0.0
2025-10-15T19:34:41.758000+00:00,router_output_pkts_total,->6,1-112,unknown,0.0,1.123,0.0
2025-10-15T19:34:41.758000+00:00,router_output_pkts_total,->7,1-112,unknown,0.0,1.123,0.0
2025-10-15T19:34:41.758000+00:00,router_output_pkts_total,5,1-112,1-113,31.0,1.123,27.604630454140693
2025-10-15T19:34:41.758000+00:00,router_output_pkts_total,internal,1-112,1-112,28.0,1.123,24.933214603739984
2025-10-15T19:34:41.758000+00:00,router_output_pkts_total,physical_local,1-112,local,28.0,1.123,24.933214603739984
2025-10-15T19:34:41.758000+00:00,router_output_pkts_total,physical_remote,1-112,remote,31.0,1.123,27.604630454140693
2025-10-15T19:34:42.889000+00:00,router_dropped_pkts_total,->1,1-112,unknown,0.0,1.131,0.0
2025-10-15T19:34:42.889000+00:00,router_dropped_pkts_total,->2,1-112,unknown,0.0,1.131,0.0
2025-10-15T19:34:42.889000+00:00,router_dropped_pkts_total,->3,1-112,unknown,0.0,1.131,0.0
2025-10-15T19:34:42.889000+00:00,router_dropped_pkts_total,->4,1-112,unknown,0.0,1.131,0.0
2025-10-15T19:34:42.889000+00:00,router_dropped_pkts_total,->6,1-112,unknown,0.0,1.131,0.0
2025-10-15T19:34:42.889000+00:00,router_dropped_pkts_total,->7,1-112,unknown,0.0,1.131,0.0
2025-10-15T19:34:42.889000+00:00,router_dropped_pkts_total,5,1-112,1-113,0.0,1.131,0.0
2025-10-15T19:34:42.889000+00:00,router_dropped_pkts_total,internal,1-112,1-112,0.0,1.131,0.0
2025-10-15T19:34:42.889000+00:00,router_dropped_pkts_total,physical_local,1-112,local,0.0,1.131,0.0
2025-10-15T19:34:42.889000+00:00,router_dropped_pkts_total,physical_remote,1-112,remote,0.0,1.131,0.0
2025-10-15T19:34:42.889000+00:00,router_input_bytes_total,->1,1-112,unknown,0.0,1.131,0.0
2025-10-15T19:34:42.889000+00:00,router_input_bytes_total,->2,1-112,unknown,0.0,1.131,0.0
2025-10-15T19:34:42.889000+00:00,router_input_bytes_total,->3,1-112,unknown,0.0,1.131,0.0
2025-10-15T19:34:42.889000+00:00,router_input_bytes_total,->4,1-112,unknown,0.0,1.131,0.0
2025-10-15T19:34:42.889000+00:00,router_input_bytes_total,->6,1-112,unknown,0.0,1.131,0.0
2025-10-15T19:34:42.889000+00:00,router_input_bytes_total,->7,1-112,unknown,0.0,1.131,0.0
2025-10-15T19:34:42.889000+00:00,router_input_bytes_total,5,1-112,1-113,15789.0,1.131,13960.212201591512
2025-10-15T19:34:42.889000+00:00,router_input_bytes_total,internal,1-112,1-112,68869.0,1.131,60892.130857648095
2025-10-15T19:34:42.889000+00:00,router_input_bytes_total,physical_local,1-112,local,68869.0,1.131,60892.130857648095
2025-10-15T19:34:42.889000+00:00,router_input_bytes_total,physical_remote,1-112,remote,15789.0,1.131,13960.212201591512
2025-10-15T19:34:42.889000+00:00,router_input_pkts_total,->1,1-112,unknown,0.0,1.131,0.0
2025-10-15T19:34:42.889000+00:00,router_input_pkts_total,->2,1-112,unknown,0.0,1.131,0.0
2025-10-15T19:34:42.889000+00:00,router_input_pkts_total,->3,1-112,unknown,0.0,1.131,0.0
2025-10-15T19:34:42.889000+00:00,router_input_pkts_total,->4,1-112,unknown,0.0,1.131,0.0
2025-10-15T19:34:42.889000+00:00,router_input_pkts_total,->6,1-112,unknown,0.0,1.131,0.0
2025-10-15T19:34:42.889000+00:00,router_input_pkts_total,->7,1-112,unknown,0.0,1.131,0.0
2025-10-15T19:34:42.889000+00:00,router_input_pkts_total,5,1-112,1-113,99.0,1.131,87.53315649867373
2025-10-15T19:34:42.889000+00:00,router_input_pkts_total,internal,1-112,1-112,116.0,1.131,102.56410256410257
2025-10-15T19:34:42.889000+00:00,router_input_pkts_total,physical_local,1-112,local,116.0,1.131,102.56410256410257
2025-10-15T19:34:42.889000+00:00,router_input_pkts_total,physical_remote,1-112,remote,99.0,1.131,87.53315649867373
2025-10-15T19:34:42.889000+00:00,router_output_bytes_total,->1,1-112,unknown,0.0,1.131,0.0
2025-10-15T19:34:42.889000+00:00,router_output_bytes_total,->2,1-112,unknown,0.0,1.131,0.0
2025-10-15T19:34:42.889000+00:00,router_output_bytes_total,->3,1-112,unknown,0.0,1.131,0.0
2025-10-15T19:34:42.889000+00:00,router_output_bytes_total,->4,1-112,unknown,0.0,1.131,0.0
2025-10-15T19:34:42.889000+00:00,router_output_bytes_total,->6,1-112,unknown,0.0,1.131,0.0
2025-10-15T19:34:42.889000+00:00,router_output_bytes_total,->7,1-112,unknown,0.0,1.131,0.0
2025-10-15T19:34:42.889000+00:00,router_output_bytes_total,5,1-112,1-113,68869.0,1.131,60892.130857648095
2025-10-15T19:34:42.889000+00:00,router_output_bytes_total,internal,1-112,1-112,15789.0,1.131,13960.212201591512
2025-10-15T19:34:42.889000+00:00,router_output_bytes_total,physical_local,1-112,local,15789.0,1.131,13960.212201591512
2025-10-15T19:34:42.889000+00:00,router_output_bytes_total,physical_remote,1-112,remote,68869.0,1.131,60892.130857648095
2025-10-15T19:34:42.889000+00:00,router_output_pkts_total,->1,1-112,unknown,0.0,1.131,0.0
2025-10-15T19:34:42.889000+00:00,router_output_pkts_total,->2,1-112,unknown,0.0,1.131,0.0
2025-10-15T19:34:42.889000+00:00,router_output_pkts_total,->3,1-112,unknown,0.0,1.131,0.0
2025-10-15T19:34:42.889000+00:00,router_output_pkts_total,->4,1-112,unknown,0.0,1.131,0.0
2025-10-15T19:34:42.889000+00:00,router_output_pkts_total,->6,1-112,unknown,0.0,1.131,0.0
2025-10-15T19:34:42.889000+00:00,router_output_pkts_total,->7,1-112,unknown,0.0,1.131,0.0
2025-10-15T19:34:42.889000+00:00,router_output_pkts_total,5,1-112,1-113,116.0,1.131,102.56410256410257
2025-10-15T19:34:42.889000+00:00,router_output_pkts_total,internal,1-112,1-112,99.0,1.131,87.53315649867373
2025-10-15T19:34:42.889000+00:00,router_output_pkts_total,physical_local,1-112,local,99.0,1.131,87.53315649867373
2025-10-15T19:34:42.889000+00:00,router_output_pkts_total,physical_remote,1-112,remote,116.0,1.131,102.56410256410257
2025-10-15T19:34:44.046000+00:00,router_dropped_pkts_total,->1,1-112,unknown,0.0,1.157,0.0
2025-10-15T19:34:44.046000+00:00,router_dropped_pkts_total,->2,1-112,unknown,0.0,1.157,0.0
2025-10-15T19:34:44.046000+00:00,router_dropped_pkts_total,->3,1-112,unknown,0.0,1.157,0.0
2025-10-15T19:34:44.046000+00:00,router_dropped_pkts_total,->4,1-112,unknown,0.0,1.157,0.0
2025-10-15T19:34:44.046000+00:00,router_dropped_pkts_total,->6,1-112,unknown,0.0,1.157,0.0
2025-10-15T19:34:44.046000+00:00,router_dropped_pkts_total,->7,1-112,unknown,0.0,1.157,0.0
2025-10-15T19:34:44.046000+00:00,router_dropped_pkts_total,5,1-112,1-113,0.0,1.157,0.0
2025-10-15T19:34:44.046000+00:00,router_dropped_pkts_total,internal,1-112,1-112,0.0,1.157,0.0
2025-10-15T19:34:44.046000+00:00,router_dropped_pkts_total,physical_local,1-112,local,0.0,1.157,0.0
2025-10-15T19:34:44.046000+00:00,router_dropped_pkts_total,physical_remote,1-112,remote,0.0,1.157,0.0
2025-10-15T19:34:44.046000+00:00,router_input_bytes_total,->1,1-112,unknown,0.0,1.157,0.0
2025-10-15T19:34:44.046000+00:00,router_input_bytes_total,->2,1-112,unknown,0.0,1.157,0.0
2025-10-15T19:34:44.046000+00:00,router_input_bytes_total,->3,1-112,unknown,0.0,1.157,0.0
2025-10-15T19:34:44.046000+00:00,router_input_bytes_total,->4,1-112,unknown,0.0,1.157,0.0
2025-10-15T19:34:44.046000+00:00,router_input_bytes_total,->6,1-112,unknown,0.0,1.157,0.0
2025-10-15T19:34:44.046000+00:00,router_input_bytes_total,->7,1-112,unknown,0.0,1.157,0.0
2025-10-15T19:34:44.046000+00:00,router_input_bytes_total,5,1-112,1-113,22794.0,1.157,19700.9507346586
2025-10-15T19:34:44.046000+00:00,router_input_bytes_total,internal,1-112,1-112,65842.0,1.157,56907.51944684529
2025-10-15T19:34:44.046000+00:00,router_input_bytes_total,physical_local,1-112,local,65842.0,1.157,56907.51944684529
2025-10-15T19:34:44.046000+00:00,router_input_bytes_total,physical_remote,1-112,remote,22794.0,1.157,19700.9507346586
2025-10-15T19:34:44.046000+00:00,router_input_pkts_total,->1,1-112,unknown,0.0,1.157,0.0
2025-10-15T19:34:44.046000+00:00,router_input_pkts_total,->2,1-112,unknown,0.0,1.157,0.0
2025-10-15T19:34:44.046000+00:00,router_input_pkts_total,->3,1-112,unknown,0.0,1.157,0.0
2025-10-15T19:34:44.046000+00:00,router_input_pkts_total,->4,1-112,unknown,0.0,1.157,0.0
2025-10-15T19:34:44.046000+00:00,router_input_pkts_total,->6,1-112,unknown,0.0,1.157,0.0
2025-10-15T19:34:44.046000+00:00,router_input_pkts_total,->7,1-112,unknown,0.0,1.157,0.0
2025-10-15T19:34:44.046000+00:00,router_input_pkts_total,5,1-112,1-113,108.0,1.157,93.3448573898012
2025-10-15T19:34:44.046000+00:00,router_input_pkts_total,internal,1-112,1-112,101.0,1.157,87.29472774416594
2025-10-15T19:34:44.046000+00:00,router_input_pkts_total,physical_local,1-112,local,101.0,1.157,87.29472774416594
2025-10-15T19:34:44.046000+00:00,router_input_pkts_total,physical_remote,1-112,remote,108.0,1.157,93.3448573898012
2025-10-15T19:34:44.046000+00:00,router_output_bytes_total,->1,1-112,unknown,0.0,1.157,0.0
2025-10-15T19:34:44.046000+00:00,router_output_bytes_total,->2,1-112,unknown,0.0,1.157,0.0
2025-10-15T19:34:44.046000+00:00,router_output_bytes_total,->3,1-112,unknown,0.0,1.157,0.0
2025-10-15T19:34:44.046000+00:00,router_output_bytes_total,->4,1-112,unknown,0.0,1.157,0.0
2025-10-15T19:34:44.046000+00:00,router_output_bytes_total,->6,1-112,unknown,0.0,1.157,0.0
2025-10-15T19:34:44.046000+00:00,router_output_bytes_total,->7,1-112,unknown,0.0,1.157,0.0
2025-10-15T19:34:44.046000+00:00,router_output_bytes_total,5,1-112,1-113,65842.0,1.157,56907.51944684529
2025-10-15T19:34:44.046000+00:00,router_output_bytes_total,internal,1-112,1-112,22794.0,1.157,19700.9507346586
2025-10-15T19:34:44.046000+00:00,router_output_bytes_total,physical_local,1-112,local,22794.0,1.157,19700.9507346586
2025-10-15T19:34:44.046000+00:00,router_output_bytes_total,physical_remote,1-112,remote,65842.0,1.157,56907.51944684529
2025-10-15T19:34:44.046000+00:00,router_output_pkts_total,->1,1-112,unknown,0.0,1.157,0.0
2025-10-15T19:34:44.046000+00:00,router_output_pkts_total,->2,1-112,unknown,0.0,1.157,0.0
2025-10-15T19:34:44.046000+00:00,router_output_pkts_total,->3,1-112,unknown,0.0,1.157,0.0
2025-10-15T19:34:44.046000+00:00,router_output_pkts_total,->4,1-112,unknown,0.0,1.157,0.0
2025-10-15T19:34:44.046000+00:00,router_output_pkts_total,->6,1-112,unknown,0.0,1.157,0.0
2025-10-15T19:34:44.046000+00:00,router_output_pkts_total,->7,1-112,unknown,0.0,1.157,0.0
2025-10-15T19:34:44.046000+00:00,router_output_pkts_total,5,1-112,1-113,101.0,1.157,87.29472774416594
2025-10-15T19:34:44.046000+00:00,router_output_pkts_total,internal,1-112,1-112,108.0,1.157,93.3448573898012
2025-10-15T19:34:44.046000+00:00,router_output_pkts_total,physical_local,1-112,local,108.0,1.157,93.3448573898012
2025-10-15T19:34:44.046000+00:00,router_output_pkts_total,physical_remote,1-112,remote,101.0,1.157,87.29472774416594
2025-10-15T19:34:45.358000+00:00,router_dropped_pkts_total,->1,1-112,unknown,0.0,1.312,0.0
2025-10-15T19:34:45.358000+00:00,router_dropped_pkts_total,->2,1-112,unknown,0.0,1.312,0.0
2025-10-15T19:34:45.358000+00:00,router_dropped_pkts_total,->3,1-112,unknown,0.0,1.312,0.0
2025-10-15T19:34:45.358000+00:00,router_dropped_pkts_total,->4,1-112,unknown,0.0,1.312,0.0
2025-10-15T19:34:45.358000+00:00,router_dropped_pkts_total,->6,1-112,unknown,0.0,1.312,0.0
2025-10-15T19:34:45.358000+00:00,router_dropped_pkts_total,->7,1-112,unknown,0.0,1.312,0.0
2025-10-15T19:34:45.358000+00:00,router_dropped_pkts_total,5,1-112,1-113,0.0,1.312,0.0
2025-10-15T19:34:45.358000+00:00,router_dropped_pkts_total,internal,1-112,1-112,0.0,1.312,0.0
2025-10-15T19:34:45.358000+00:00,router_dropped_pkts_total,physical_local,1-112,local,0.0,1.312,0.0
2025-10-15T19:34:45.358000+00:00,router_dropped_pkts_total,physical_remote,1-112,remote,0.0,1.312,0.0
2025-10-15T19:34:45.358000+00:00,router_input_bytes_total,->1,1-112,unknown,0.0,1.312,0.0
2025-10-15T19:34:45.358000+00:00,router_input_bytes_total,->2,1-112,unknown,0.0,1.312,0.0
2025-10-15T19:34:45.358000+00:00,router_input_bytes_total,->3,1-112,unknown,0.0,1.312,0.0
2025-10-15T19:34:45.358000+00:00,router_input_bytes_total,->4,1-112,unknown,0.0,1.312,0.0
2025-10-15T19:34:45.358000+00:00,router_input_bytes_total,->6,1-112,unknown,0.0,1.312,0.0
2025-10-15T19:34:45.358000+00:00,router_input_bytes_total,->7,1-112,unknown,0.0,1.312,0.0
2025-10-15T19:34:45.358000+00:00,router_input_bytes_total,5,1-112,1-113,5876.0,1.312,4478.658536585365
2025-10-15T19:34:45.358000+00:00,router_input_bytes_total,internal,1-112,1-112,48006.0,1.312,36589.939024390245
2025-10-15T19:34:45.358000+00:00,router_input_bytes_total,physical_local,1-112,local,48006.0,1.312,36589.939024390245
2025-10-15T19:34:45.358000+00:00,router_input_bytes_total,physical_remote,1-112,remote,5876.0,1.312,4478.658536585365
2025-10-15T19:34:45.358000+00:00,router_input_pkts_total,->1,1-112,unknown,0.0,1.312,0.0
2025-10-15T19:34:45.358000+00:00,router_input_pkts_total,->2,1-112,unknown,0.0,1.312,0.0
2025-10-15T19:34:45.358000+00:00,router_input_pkts_total,->3,1-112,unknown,0.0,1.312,0.0
2025-10-15T19:34:45.358000+00:00,router_input_pkts_total,->4,1-112,unknown,0.0,1.312,0.0
2025-10-15T19:34:45.358000+00:00,router_input_pkts_total,->6,1-112,unknown,0.0,1.312,0.0
2025-10-15T19:34:45.358000+00:00,router_input_pkts_total,->7,1-112,unknown,0.0,1.312,0.0
2025-10-15T19:34:45.358000+00:00,router_input_pkts_total,5,1-112,1-113,50.0,1.312,38.109756097560975
2025-10-15T19:34:45.358000+00:00,router_input_pkts_total,internal,1-112,1-112,51.0,1.312,38.87195121951219
2025-10-15T19:34:45.358000+00:00,router_input_pkts_total,physical_local,1-112,local,51.0,1.312,38.87195121951219
2025-10-15T19:34:45.358000+00:00,router_input_pkts_total,physical_remote,1-112,remote,50.0,1.312,38.109756097560975
2025-10-15T19:34:45.358000+00:00,router_output_bytes_total,->1,1-112,unknown,0.0,1.312,0.0
2025-10-15T19:34:45.358000+00:00,router_output_bytes_total,->2,1-112,unknown,0.0,1.312,0.0
2025-10-15T19:34:45.358000+00:00,router_output_bytes_total,->3,1-112,unknown,0.0,1.312,0.0
2025-10-15T19:34:45.358000+00:00,router_output_bytes_total,->4,1-112,unknown,0.0,1.312,0.0
2025-10-15T19:34:45.358000+00:00,router_output_bytes_total,->6,1-112,unknown,0.0,1.312,0.0
2025-10-15T19:34:45.358000+00:00,router_output_bytes_total,->7,1-112,unknown,0.0,1.312,0.0
2025-10-15T19:34:45.358000+00:00,router_output_bytes_total,5,1-112,1-113,48342.0,1.312,36846.03658536585
2025-10-15T19:34:45.358000+00:00,router_output_bytes_total,internal,1-112,1-112,5552.0,1.312,4231.707317073171
2025-10-15T19:34:45.358000+00:00,router_output_bytes_total,physical_local,1-112,local,5552.0,1.312,4231.707317073171
2025-10-15T19:34:45.358000+00:00,router_output_bytes_total,physical_remote,1-112,remote,48342.0,1.312,36846.03658536585
2025-10-15T19:34:45.358000+00:00,router_output_pkts_total,->1,1-112,unknown,0.0,1.312,0.0
2025-10-15T19:34:45.358000+00:00,router_output_pkts_total,->2,1-112,unknown,0.0,1.312,0.0
2025-10-15T19:34:45.358000+00:00,router_output_pkts_total,->3,1-112,unknown,0.0,1.312,0.0
2025-10-15T19:34:45.358000+00:00,router_output_pkts_total,->4,1-112,unknown,0.0,1.312,0.0
2025-10-15T19:34:45.358000+00:00,router_output_pkts_total,->6,1-112,unknown,0.0,1.312,0.0
2025-10-15T19:34:45.358000+00:00,router_output_pkts_total,->7,1-112,unknown,0.0,1.312,0.0
2025-10-15T19:34:45.358000+00:00,router_output_pkts_total,5,1-112,1-113,54.0,1.312,41.15853658536585
2025-10-15T19:34:45.358000+00:00,router_output_pkts_total,internal,1-112,1-112,47.0,1.312,35.823170731707314
2025-10-15T19:34:45.358000+00:00,router_output_pkts_total,physical_local,1-112,local,47.0,1.312,35.823170731707314
2025-10-15T19:34:45.358000+00:00,router_output_pkts_total,physical_remote,1-112,remote,54.0,1.312,41.15853658536585
2025-10-15T19:34:46.425000+00:00,router_dropped_pkts_total,->1,1-112,unknown,0.0,1.067,0.0
2025-10-15T19:34:46.425000+00:00,router_dropped_pkts_total,->2,1-112,unknown,0.0,1.067,0.0
2025-10-15T19:34:46.425000+00:00,router_dropped_pkts_total,->3,1-112,unknown,0.0,1.067,0.0
2025-10-15T19:34:46.425000+00:00,router_dropped_pkts_total,->4,1-112,unknown,0.0,1.067,0.0
2025-10-15T19:34:46.425000+00:00,router_dropped_pkts_total,->6,1-112,unknown,0.0,1.067,0.0
2025-10-15T19:34:46.425000+00:00,router_dropped_pkts_total,->7,1-112,unknown,0.0,1.067,0.0
2025-10-15T19:34:46.425000+00:00,router_dropped_pkts_total,5,1-112,1-113,0.0,1.067,0.0
2025-10-15T19:34:46.425000+00:00,router_dropped_pkts_total,internal,1-112,1-112,0.0,1.067,0.0
2025-10-15T19:34:46.425000+00:00,router_dropped_pkts_total,physical_local,1-112,local,0.0,1.067,0.0
2025-10-15T19:34:46.425000+00:00,router_dropped_pkts_total,physical_remote,1-112,remote,0.0,1.067,0.0
2025-10-15T19:34:46.425000+00:00,router_input_bytes_total,->1,1-112,unknown,0.0,1.067,0.0
2025-10-15T19:34:46.425000+00:00,router_input_bytes_total,->2,1-112,unknown,0.0,1.067,0.0
2025-10-15T19:34:46.425000+00:00,router_input_bytes_total,->3,1-112,unknown,0.0,1.067,0.0
2025-10-15T19:34:46.425000+00:00,router_input_bytes_total,->4,1-112,unknown,0.0,1.067,0.0
2025-10-15T19:34:46.425000+00:00,router_input_bytes_total,->6,1-112,unknown,0.0,1.067,0.0
2025-10-15T19:34:46.425000+00:00,router_input_bytes_total,->7,1-112,unknown,0.0,1.067,0.0
2025-10-15T19:34:46.425000+00:00,router_input_bytes_total,5,1-112,1-113,6114.0,1.067,5730.08434864105
2025-10-15T19:34:46.425000+00:00,router_input_bytes_total,internal,1-112,1-112,48006.0,1.067,44991.565135895034
2025-10-15T19:34:46.425000+00:00,router_input_bytes_total,physical_local,1-112,local,48006.0,1.067,44991.565135895034
2025-10-15T19:34:46.425000+00:00,router_input_bytes_total,physical_remote,1-112,remote,6114.0,1.067,5730.08434864105
2025-10-15T19:34:46.425000+00:00,router_input_pkts_total,->1,1-112,unknown,0.0,1.067,0.0
2025-10-15T19:34:46.425000+00:00,router_input_pkts_total,->2,1-112,unknown,0.0,1.067,0.0
2025-10-15T19:34:46.425000+00:00,router_input_pkts_total,->3,1-112,unknown,0.0,1.067,0.0
2025-10-15T19:34:46.425000+00:00,router_input_pkts_total,->4,1-112,unknown,0.0,1.067,0.0
2025-10-15T19:34:46.425000+00:00,router_input_pkts_total,->6,1-112,unknown,0.0,1.067,0.0
2025-10-15T19:34:46.425000+00:00,router_input_pkts_total,->7,1-112,unknown,0.0,1.067,0.0
2025-10-15T19:34:46.425000+00:00,router_input_pkts_total,5,1-112,1-113,52.0,1.067,48.73477038425492
2025-10-15T19:34:46.425000+00:00,router_input_pkts_total,internal,1-112,1-112,51.0,1.067,47.79756326148079
2025-10-15T19:34:46.425000+00:00,router_input_pkts_total,physical_local,1-112,local,51.0,1.067,47.79756326148079
2025-10-15T19:34:46.425000+00:00,router_input_pkts_total,physical_remote,1-112,remote,52.0,1.067,48.73477038425492
2025-10-15T19:34:46.425000+00:00,router_output_bytes_total,->1,1-112,unknown,0.0,1.067,0.0
2025-10-15T19:34:46.425000+00:00,router_output_bytes_total,->2,1-112,unknown,0.0,1.067,0.0
2025-10-15T19:34:46.425000+00:00,router_output_bytes_total,->3,1-112,unknown,0.0,1.067,0.0
2025-10-15T19:34:46.425000+00:00,router_output_bytes_total,->4,1-112,unknown,0.0,1.067,0.0
2025-10-15T19:34:46.425000+00:00,router_output_bytes_total,->6,1-112,unknown,0.0,1.067,0.0
2025-10-15T19:34:46.425000+00:00,router_output_bytes_total,->7,1-112,unknown,0.0,1.067,0.0
2025-10-15T19:34:46.425000+00:00,router_output_bytes_total,5,1-112,1-113,48342.0,1.067,45306.46672914714
2025-10-15T19:34:46.425000+00:00,router_output_bytes_total,internal,1-112,1-112,5790.0,1.067,5426.4292408622305
2025-10-15T19:34:46.425000+00:00,router_output_bytes_total,physical_local,1-112,local,5790.0,1.067,5426.4292408622305
2025-10-15T19:34:46.425000+00:00,router_output_bytes_total,physical_remote,1-112,remote,48342.0,1.067,45306.46672914714
2025-10-15T19:34:46.425000+00:00,router_output_pkts_total,->1,1-112,unknown,0.0,1.067,0.0
2025-10-15T19:34:46.425000+00:00,router_output_pkts_total,->2,1-112,unknown,0.0,1.067,0.0
2025-10-15T19:34:46.425000+00:00,router_output_pkts_total,->3,1-112,unknown,0.0,1.067,0.0
2025-10-15T19:34:46.425000+00:00,router_output_pkts_total,->4,1-112,unknown,0.0,1.067,0.0
2025-10-15T19:34:46.425000+00:00,router_output_pkts_total,->6,1-112,unknown,0.0,1.067,0.0
2025-10-15T19:34:46.425000+00:00,router_output_pkts_total,->7,1-112,unknown,0.0,1.067,0.0
2025-10-15T19:34:46.425000+00:00,router_output_pkts_total,5,1-112,1-113,54.0,1.067,50.60918462980319
2025-10-15T19:34:46.425000+00:00,router_output_pkts_total,internal,1-112,1-112,49.0,1.067,45.92314901593252
2025-10-15T19:34:46.425000+00:00,router_output_pkts_total,physical_local,1-112,local,49.0,1.067,45.92314901593252
2025-10-15T19:34:46.425000+00:00,router_output_pkts_total,physical_remote,1-112,remote,54.0,1.067,50.60918462980319
2025-10-15T19:34:47.559000+00:00,router_dropped_pkts_total,->1,1-112,unknown,0.0,1.134,0.0
2025-10-15T19:34:47.559000+00:00,router_dropped_pkts_total,->2,1-112,unknown,0.0,1.134,0.0
2025-10-15T19:34:47.559000+00:00,router_dropped_pkts_total,->3,1-112,unknown,0.0,1.134,0.0
2025-10-15T19:34:47.559000+00:00,router_dropped_pkts_total,->4,1-112,unknown,0.0,1.134,0.0
2025-10-15T19:34:47.559000+00:00,router_dropped_pkts_total,->6,1-112,unknown,0.0,1.134,0.0
2025-10-15T19:34:47.559000+00:00,router_dropped_pkts_total,->7,1-112,unknown,0.0,1.134,0.0
2025-10-15T19:34:47.559000+00:00,router_dropped_pkts_total,5,1-112,1-113,0.0,1.134,0.0
2025-10-15T19:34:47.559000+00:00,router_dropped_pkts_total,internal,1-112,1-112,0.0,1.134,0.0
2025-10-15T19:34:47.559000+00:00,router_dropped_pkts_total,physical_local,1-112,local,0.0,1.134,0.0
2025-10-15T19:34:47.559000+00:00,router_dropped_pkts_total,physical_remote,1-112,remote,0.0,1.134,0.0
2025-10-15T19:34:47.559000+00:00,router_input_bytes_total,->1,1-112,unknown,0.0,1.134,0.0
2025-10-15T19:34:47.559000+00:00,router_input_bytes_total,->2,1-112,unknown,0.0,1.134,0.0
2025-10-15T19:34:47.559000+00:00,router_input_bytes_total,->3,1-112,unknown,0.0,1.134,0.0
2025-10-15T19:34:47.559000+00:00,router_input_bytes_total,->4,1-112,unknown,0.0,1.134,0.0
2025-10-15T19:34:47.559000+00:00,router_input_bytes_total,->6,1-112,unknown,0.0,1.134,0.0
2025-10-15T19:34:47.559000+00:00,router_input_bytes_total,->7,1-112,unknown,0.0,1.134,0.0
2025-10-15T19:34:47.559000+00:00,router_input_bytes_total,5,1-112,1-113,21442.0,1.134,18908.289241622577
2025-10-15T19:34:47.559000+00:00,router_input_bytes_total,internal,1-112,1-112,96569.0,1.134,85157.848324515
2025-10-15T19:34:47.559000+00:00,router_input_bytes_total,physical_local,1-112,local,96569.0,1.134,85157.848324515
2025-10-15T19:34:47.559000+00:00,router_input_bytes_total,physical_remote,1-112,remote,21442.0,1.134,18908.289241622577
2025-10-15T19:34:47.559000+00:00,router_input_pkts_total,->1,1-112,unknown,0.0,1.134,0.0
2025-10-15T19:34:47.559000+00:00,router_input_pkts_total,->2,1-112,unknown,0.0,1.134,0.0
2025-10-15T19:34:47.559000+00:00,router_input_pkts_total,->3,1-112,unknown,0.0,1.134,0.0
2025-10-15T19:34:47.559000+00:00,router_input_pkts_total,->4,1-112,unknown,0.0,1.134,0.0
2025-10-15T19:34:47.559000+00:00,router_input_pkts_total,->6,1-112,unknown,0.0,1.134,0.0
2025-10-15T19:34:47.559000+00:00,router_input_pkts_total,->7,1-112,unknown,0.0,1.134,0.0
2025-10-15T19:34:47.559000+00:00,router_input_pkts_total,5,1-112,1-113,123.0,1.134,108.46560846560847
2025-10-15T19:34:47.559000+00:00,router_input_pkts_total,internal,1-112,1-112,138.0,1.134,121.69312169312171
2025-10-15T19:34:47.559000+00:00,router_input_pkts_total,physical_local,1-112,local,138.0,1.134,121.69312169312171
2025-10-15T19:34:47.559000+00:00,router_input_pkts_total,physical_remote,1-112,remote,123.0,1.134,108.46560846560847
2025-10-15T19:34:47.559000+00:00,router_output_bytes_total,->1,1-112,unknown,0.0,1.134,0.0
2025-10-15T19:34:47.559000+00:00,router_output_bytes_total,->2,1-112,unknown,0.0,1.134,0.0
2025-10-15T19:34:47.559000+00:00,router_output_bytes_total,->3,1-112,unknown,0.0,1.134,0.0
2025-10-15T19:34:47.559000+00:00,router_output_bytes_total,->4,1-112,unknown,0.0,1.134,0.0
2025-10-15T19:34:47.559000+00:00,router_output_bytes_total,->6,1-112,unknown,0.0,1.134,0.0
2025-10-15T19:34:47.559000+00:00,router_output_bytes_total,->7,1-112,unknown,0.0,1.134,0.0
2025-10-15T19:34:47.559000+00:00,router_output_bytes_total,5,1-112,1-113,96905.0,1.134,85454.14462081129
2025-10-15T19:34:47.559000+00:00,router_output_bytes_total,internal,1-112,1-112,21118.0,1.134,18622.57495590829
2025-10-15T19:34:47.559000+00:00,router_output_bytes_total,physical_local,1-112,local,21118.0,1.134,18622.57495590829
2025-10-15T19:34:47.559000+00:00,router_output_bytes_total,physical_remote,1-112,remote,96905.0,1.134,85454.14462081129
2025-10-15T19:34:47.559000+00:00,router_output_pkts_total,->1,1-112,unknown,0.0,1.134,0.0
2025-10-15T19:34:47.559000+00:00,router_output_pkts_total,->2,1-112,unknown,0.0,1.134,0.0
2025-10-15T19:34:47.559000+00:00,router_output_pkts_total,->3,1-112,unknown,0.0,1.134,0.0
2025-10-15T19:34:47.559000+00:00,router_output_pkts_total,->4,1-112,unknown,0.0,1.134,0.0
2025-10-15T19:34:47.559000+00:00,router_output_pkts_total,->6,1-112,unknown,0.0,1.134,0.0
2025-10-15T19:34:47.559000+00:00,router_output_pkts_total,->7,1-112,unknown,0.0,1.134,0.0
2025-10-15T19:34:47.559000+00:00,router_output_pkts_total,5,1-112,1-113,141.0,1.134,124.33862433862436
2025-10-15T19:34:47.559000+00:00,router_output_pkts_total,internal,1-112,1-112,120.0,1.134,105.82010582010582
2025-10-15T19:34:47.559000+00:00,router_output_pkts_total,physical_local,1-112,local,120.0,1.134,105.82010582010582
2025-10-15T19:34:47.559000+00:00,router_output_pkts_total,physical_remote,1-112,remote,141.0,1.134,124.33862433862436
2025-10-15T19:34:48.731000+00:00,router_dropped_pkts_total,->1,1-112,unknown,0.0,1.172,0.0
2025-10-15T19:34:48.731000+00:00,router_dropped_pkts_total,->2,1-112,unknown,0.0,1.172,0.0
2025-10-15T19:34:48.731000+00:00,router_dropped_pkts_total,->3,1-112,unknown,0.0,1.172,0.0
2025-10-15T19:34:48.731000+00:00,router_dropped_pkts_total,->4,1-112,unknown,0.0,1.172,0.0
2025-10-15T19:34:48.731000+00:00,router_dropped_pkts_total,->6,1-112,unknown,0.0,1.172,0.0
2025-10-15T19:34:48.731000+00:00,router_dropped_pkts_total,->7,1-112,unknown,0.0,1.172,0.0
2025-10-15T19:34:48.731000+00:00,router_dropped_pkts_total,5,1-112,1-113,0.0,1.172,0.0
2025-10-15T19:34:48.731000+00:00,router_dropped_pkts_total,internal,1-112,1-112,0.0,1.172,0.0
2025-10-15T19:34:48.731000+00:00,router_dropped_pkts_total,physical_local,1-112,local,0.0,1.172,0.0
2025-10-15T19:34:48.731000+00:00,router_dropped_pkts_total,physical_remote,1-112,remote,0.0,1.172,0.0
2025-10-15T19:34:48.731000+00:00,router_input_bytes_total,->1,1-112,unknown,0.0,1.172,0.0
2025-10-15T19:34:48.731000+00:00,router_input_bytes_total,->2,1-112,unknown,0.0,1.172,0.0
2025-10-15T19:34:48.731000+00:00,router_input_bytes_total,->3,1-112,unknown,0.0,1.172,0.0
2025-10-15T19:34:48.731000+00:00,router_input_bytes_total,->4,1-112,unknown,0.0,1.172,0.0
2025-10-15T19:34:48.731000+00:00,router_input_bytes_total,->6,1-112,unknown,0.0,1.172,0.0
2025-10-15T19:34:48.731000+00:00,router_input_bytes_total,->7,1-112,unknown,0.0,1.172,0.0
2025-10-15T19:34:48.731000+00:00,router_input_bytes_total,5,1-112,1-113,11865.0,1.172,10123.720136518772
2025-10-15T19:34:48.731000+00:00,router_input_bytes_total,internal,1-112,1-112,98246.0,1.172,83827.64505119454
2025-10-15T19:34:48.731000+00:00,router_input_bytes_total,physical_local,1-112,local,98246.0,1.172,83827.64505119454
2025-10-15T19:34:48.731000+00:00,router_input_bytes_total,physical_remote,1-112,remote,11865.0,1.172,10123.720136518772
2025-10-15T19:34:48.731000+00:00,router_input_pkts_total,->1,1-112,unknown,0.0,1.172,0.0
2025-10-15T19:34:48.731000+00:00,router_input_pkts_total,->2,1-112,unknown,0.0,1.172,0.0
2025-10-15T19:34:48.731000+00:00,router_input_pkts_total,->3,1-112,unknown,0.0,1.172,0.0
2025-10-15T19:34:48.731000+00:00,router_input_pkts_total,->4,1-112,unknown,0.0,1.172,0.0
2025-10-15T19:34:48.731000+00:00,router_input_pkts_total,->6,1-112,unknown,0.0,1.172,0.0
2025-10-15T19:34:48.731000+00:00,router_input_pkts_total,->7,1-112,unknown,0.0,1.172,0.0
2025-10-15T19:34:48.731000+00:00,router_input_pkts_total,5,1-112,1-113,101.0,1.172,86.17747440273038
2025-10-15T19:34:48.731000+00:00,router_input_pkts_total,internal,1-112,1-112,104.0,1.172,88.73720136518772
2025-10-15T19:34:48.731000+00:00,router_input_pkts_total,physical_local,1-112,local,104.0,1.172,88.73720136518772
2025-10-15T19:34:48.731000+00:00,router_input_pkts_total,physical_remote,1-112,remote,101.0,1.172,86.17747440273038
2025-10-15T19:34:48.731000+00:00,router_output_bytes_total,->1,1-112,unknown,0.0,1.172,0.0
2025-10-15T19:34:48.731000+00:00,router_output_bytes_total,->2,1-112,unknown,0.0,1.172,0.0
2025-10-15T19:34:48.731000+00:00,router_output_bytes_total,->3,1-112,unknown,0.0,1.172,0.0
2025-10-15T19:34:48.731000+00:00,router_output_bytes_total,->4,1-112,unknown,0.0,1.172,0.0
2025-10-15T19:34:48.731000+00:00,router_output_bytes_total,->6,1-112,unknown,0.0,1.172,0.0
2025-10-15T19:34:48.731000+00:00,router_output_bytes_total,->7,1-112,unknown,0.0,1.172,0.0
2025-10-15T19:34:48.731000+00:00,router_output_bytes_total,5,1-112,1-113,98582.0,1.172,84114.33447098976
2025-10-15T19:34:48.731000+00:00,router_output_bytes_total,internal,1-112,1-112,11541.0,1.172,9847.269624573379
2025-10-15T19:34:48.731000+00:00,router_output_bytes_total,physical_local,1-112,local,11541.0,1.172,9847.269624573379
2025-10-15T19:34:48.731000+00:00,router_output_bytes_total,physical_remote,1-112,remote,98582.0,1.172,84114.33447098976
2025-10-15T19:34:48.731000+00:00,router_output_pkts_total,->1,1-112,unknown,0.0,1.172,0.0
2025-10-15T19:34:48.731000+00:00,router_output_pkts_total,->2,1-112,unknown,0.0,1.172,0.0
2025-10-15T19:34:48.731000+00:00,router_output_pkts_total,->3,1-112,unknown,0.0,1.172,0.0
2025-10-15T19:34:48.731000+00:00,router_output_pkts_total,->4,1-112,unknown,0.0,1.172,0.0
2025-10-15T19:34:48.731000+00:00,router_output_pkts_total,->6,1-112,unknown,0.0,1.172,0.0
2025-10-15T19:34:48.731000+00:00,router_output_pkts_total,->7,1-112,unknown,0.0,1.172,0.0
2025-10-15T19:34:48.731000+00:00,router_output_pkts_total,5,1-112,1-113,107.0,1.172,91.29692832764506
2025-10-15T19:34:48.731000+00:00,router_output_pkts_total,internal,1-112,1-112,98.0,1.172,83.61774744027304
2025-10-15T19:34:48.731000+00:00,router_output_pkts_total,physical_local,1-112,local,98.0,1.172,83.61774744027304
2025-10-15T19:34:48.731000+00:00,router_output_pkts_total,physical_remote,1-112,remote,107.0,1.172,91.29692832764506
2025-10-15T19:34:49.972000+00:00,router_dropped_pkts_total,->1,1-112,unknown,0.0,1.241,0.0
2025-10-15T19:34:49.972000+00:00,router_dropped_pkts_total,->2,1-112,unknown,0.0,1.241,0.0
2025-10-15T19:34:49.972000+00:00,router_dropped_pkts_total,->3,1-112,unknown,0.0,1.241,0.0
2025-10-15T19:34:49.972000+00:00,router_dropped_pkts_total,->4,1-112,unknown,0.0,1.241,0.0
2025-10-15T19:34:49.972000+00:00,router_dropped_pkts_total,->6,1-112,unknown,0.0,1.241,0.0
2025-10-15T19:34:49.972000+00:00,router_dropped_pkts_total,->7,1-112,unknown,0.0,1.241,0.0
2025-10-15T19:34:49.972000+00:00,router_dropped_pkts_total,5,1-112,1-113,0.0,1.241,0.0
2025-10-15T19:34:49.972000+00:00,router_dropped_pkts_total,internal,1-112,1-112,0.0,1.241,0.0
2025-10-15T19:34:49.972000+00:00,router_dropped_pkts_total,physical_local,1-112,local,0.0,1.241,0.0
2025-10-15T19:34:49.972000+00:00,router_dropped_pkts_total,physical_remote,1-112,remote,0.0,1.241,0.0
2025-10-15T19:34:49.972000+00:00,router_input_bytes_total,->1,1-112,unknown,0.0,1.241,0.0
2025-10-15T19:34:49.972000+00:00,router_input_bytes_total,->2,1-112,unknown,0.0,1.241,0.0
2025-10-15T19:34:49.972000+00:00,router_input_bytes_total,->3,1-112,unknown,0.0,1.241,0.0
2025-10-15T19:34:49.972000+00:00,router_input_bytes_total,->4,1-112,unknown,0.0,1.241,0.0
2025-10-15T19:34:49.972000+00:00,router_input_bytes_total,->6,1-112,unknown,0.0,1.241,0.0
2025-10-15T19:34:49.972000+00:00,router_input_bytes_total,->7,1-112,unknown,0.0,1.241,0.0
2025-10-15T19:34:49.972000+00:00,router_input_bytes_total,5,1-112,1-113,27373.0,1.241,22057.211925866235
2025-10-15T19:34:49.972000+00:00,router_input_bytes_total,internal,1-112,1-112,116082.0,1.241,93539.08138597904
2025-10-15T19:34:49.972000+00:00,router_input_bytes_total,physical_local,1-112,local,116082.0,1.241,93539.08138597904
2025-10-15T19:34:49.972000+00:00,router_input_bytes_total,physical_remote,1-112,remote,27373.0,1.241,22057.211925866235
2025-10-15T19:34:49.972000+00:00,router_input_pkts_total,->1,1-112,unknown,0.0,1.241,0.0
2025-10-15T19:34:49.972000+00:00,router_input_pkts_total,->2,1-112,unknown,0.0,1.241,0.0
2025-10-15T19:34:49.972000+00:00,router_input_pkts_total,->3,1-112,unknown,0.0,1.241,0.0
2025-10-15T19:34:49.972000+00:00,router_input_pkts_total,->4,1-112,unknown,0.0,1.241,0.0
2025-10-15T19:34:49.972000+00:00,router_input_pkts_total,->6,1-112,unknown,0.0,1.241,0.0
2025-10-15T19:34:49.972000+00:00,router_input_pkts_total,->7,1-112,unknown,0.0,1.241,0.0
2025-10-15T19:34:49.972000+00:00,router_input_pkts_total,5,1-112,1-113,147.0,1.241,118.4528605962933
2025-10-15T19:34:49.972000+00:00,router_input_pkts_total,internal,1-112,1-112,145.0,1.241,116.8412570507655
2025-10-15T19:34:49.972000+00:00,router_input_pkts_total,physical_local,1-112,local,145.0,1.241,116.8412570507655
2025-10-15T19:34:49.972000+00:00,router_input_pkts_total,physical_remote,1-112,remote,147.0,1.241,118.4528605962933
2025-10-15T19:34:49.972000+00:00,router_output_bytes_total,->1,1-112,unknown,0.0,1.241,0.0
2025-10-15T19:34:49.972000+00:00,router_output_bytes_total,->2,1-112,unknown,0.0,1.241,0.0
2025-10-15T19:34:49.972000+00:00,router_output_bytes_total,->3,1-112,unknown,0.0,1.241,0.0
2025-10-15T19:34:49.972000+00:00,router_output_bytes_total,->4,1-112,unknown,0.0,1.241,0.0
2025-10-15T19:34:49.972000+00:00,router_output_bytes_total,->6,1-112,unknown,0.0,1.241,0.0
2025-10-15T19:34:49.972000+00:00,router_output_bytes_total,->7,1-112,unknown,0.0,1.241,0.0
2025-10-15T19:34:49.972000+00:00,router_output_bytes_total,5,1-112,1-113,116418.0,1.241,93809.83078162771
2025-10-15T19:34:49.972000+00:00,router_output_bytes_total,internal,1-112,1-112,27049.0,1.241,21796.132151490732
2025-10-15T19:34:49.972000+00:00,router_output_bytes_total,physical_local,1-112,local,27049.0,1.241,21796.132151490732
2025-10-15T19:34:49.972000+00:00,router_output_bytes_total,physical_remote,1-112,remote,116418.0,1.241,93809.83078162771
2025-10-15T19:34:49.972000+00:00,router_output_pkts_total,->1,1-112,unknown,0.0,1.241,0.0
2025-10-15T19:34:49.972000+00:00,router_output_pkts_total,->2,1-112,unknown,0.0,1.241,0.0
2025-10-15T19:34:49.972000+00:00,router_output_pkts_total,->3,1-112,unknown,0.0,1.241,0.0
2025-10-15T19:34:49.972000+00:00,router_output_pkts_total,->4,1-112,unknown,0.0,1.241,0.0
2025-10-15T19:34:49.972000+00:00,router_output_pkts_total,->6,1-112,unknown,0.0,1.241,0.0
2025-10-15T19:34:49.972000+00:00,router_output_pkts_total,->7,1-112,unknown,0.0,1.241,0.0
2025-10-15T19:34:49.972000+00:00,router_output_pkts_total,5,1-112,1-113,148.0,1.241,119.2586623690572
2025-10-15T19:34:49.972000+00:00,router_output_pkts_total,internal,1-112,1-112,144.0,1.241,116.0354552780016
2025-10-15T19:34:49.972000+00:00,router_output_pkts_total,physical_local,1-112,local,144.0,1.241,116.0354552780016
2025-10-15T19:34:49.972000+00:00,router_output_pkts_total,physical_remote,1-112,remote,148.0,1.241,119.2586623690572
2025-10-15T19:34:51.172000+00:00,router_dropped_pkts_total,->1,1-112,unknown,0.0,1.2,0.0
2025-10-15T19:34:51.172000+00:00,router_dropped_pkts_total,->2,1-112,unknown,0.0,1.2,0.0
2025-10-15T19:34:51.172000+00:00,router_dropped_pkts_total,->3,1-112,unknown,0.0,1.2,0.0
2025-10-15T19:34:51.172000+00:00,router_dropped_pkts_total,->4,1-112,unknown,0.0,1.2,0.0
2025-10-15T19:34:51.172000+00:00,router_dropped_pkts_total,->6,1-112,unknown,0.0,1.2,0.0
2025-10-15T19:34:51.172000+00:00,router_dropped_pkts_total,->7,1-112,unknown,0.0,1.2,0.0
2025-10-15T19:34:51.172000+00:00,router_dropped_pkts_total,5,1-112,1-113,0.0,1.2,0.0
2025-10-15T19:34:51.172000+00:00,router_dropped_pkts_total,internal,1-112,1-112,0.0,1.2,0.0
2025-10-15T19:34:51.172000+00:00,router_dropped_pkts_total,physical_local,1-112,local,0.0,1.2,0.0
2025-10-15T19:34:51.172000+00:00,router_dropped_pkts_total,physical_remote,1-112,remote,0.0,1.2,0.0
2025-10-15T19:34:51.172000+00:00,router_input_bytes_total,->1,1-112,unknown,0.0,1.2,0.0
2025-10-15T19:34:51.172000+00:00,router_input_bytes_total,->2,1-112,unknown,0.0,1.2,0.0
2025-10-15T19:34:51.172000+00:00,router_input_bytes_total,->3,1-112,unknown,0.0,1.2,0.0
2025-10-15T19:34:51.172000+00:00,router_input_bytes_total,->4,1-112,unknown,0.0,1.2,0.0
2025-10-15T19:34:51.172000+00:00,router_input_bytes_total,->6,1-112,unknown,0.0,1.2,0.0
2025-10-15T19:34:51.172000+00:00,router_input_bytes_total,->7,1-112,unknown,0.0,1.2,0.0
2025-10-15T19:34:51.172000+00:00,router_input_bytes_total,5,1-112,1-113,14249.0,1.2,11874.166666666668
2025-10-15T19:34:51.172000+00:00,router_input_bytes_total,internal,1-112,1-112,102214.0,1.2,85178.33333333334
2025-10-15T19:34:51.172000+00:00,router_input_bytes_total,physical_local,1-112,local,102214.0,1.2,85178.33333333334
2025-10-15T19:34:51.172000+00:00,router_input_bytes_total,physical_remote,1-112,remote,14249.0,1.2,11874.166666666668
2025-10-15T19:34:51.172000+00:00,router_input_pkts_total,->1,1-112,unknown,0.0,1.2,0.0
2025-10-15T19:34:51.172000+00:00,router_input_pkts_total,->2,1-112,unknown,0.0,1.2,0.0
2025-10-15T19:34:51.172000+00:00,router_input_pkts_total,->3,1-112,unknown,0.0,1.2,0.0
2025-10-15T19:34:51.172000+00:00,router_input_pkts_total,->4,1-112,unknown,0.0,1.2,0.0
2025-10-15T19:34:51.172000+00:00,router_input_pkts_total,->6,1-112,unknown,0.0,1.2,0.0
2025-10-15T19:34:51.172000+00:00,router_input_pkts_total,->7,1-112,unknown,0.0,1.2,0.0
2025-10-15T19:34:51.172000+00:00,router_input_pkts_total,5,1-112,1-113,121.0,1.2,100.83333333333334
2025-10-15T19:34:51.172000+00:00,router_input_pkts_total,internal,1-112,1-112,121.0,1.2,100.83333333333334
2025-10-15T19:34:51.172000+00:00,router_input_pkts_total,physical_local,1-112,local,121.0,1.2,100.83333333333334
2025-10-15T19:34:51.172000+00:00,router_input_pkts_total,physical_remote,1-112,remote,121.0,1.2,100.83333333333334
2025-10-15T19:34:51.172000+00:00,router_output_bytes_total,->1,1-112,unknown,0.0,1.2,0.0
2025-10-15T19:34:51.172000+00:00,router_output_bytes_total,->2,1-112,unknown,0.0,1.2,0.0
2025-10-15T19:34:51.172000+00:00,router_output_bytes_total,->3,1-112,unknown,0.0,1.2,0.0
2025-10-15T19:34:51.172000+00:00,router_output_bytes_total,->4,1-112,unknown,0.0,1.2,0.0
2025-10-15T19:34:51.172000+00:00,router_output_bytes_total,->6,1-112,unknown,0.0,1.2,0.0
2025-10-15T19:34:51.172000+00:00,router_output_bytes_total,->7,1-112,unknown,0.0,1.2,0.0
2025-10-15T19:34:51.172000+00:00,router_output_bytes_total,5,1-112,1-113,103222.0,1.2,86018.33333333334
2025-10-15T19:34:51.172000+00:00,router_output_bytes_total,internal,1-112,1-112,13277.0,1.2,11064.166666666668
2025-10-15T19:34:51.172000+00:00,router_output_bytes_total,physical_local,1-112,local,13277.0,1.2,11064.166666666668
2025-10-15T19:34:51.172000+00:00,router_output_bytes_total,physical_remote,1-112,remote,103222.0,1.2,86018.33333333334
2025-10-15T19:34:51.172000+00:00,router_output_pkts_total,->1,1-112,unknown,0.0,1.2,0.0
2025-10-15T19:34:51.172000+00:00,router_output_pkts_total,->2,1-112,unknown,0.0,1.2,0.0
2025-10-15T19:34:51.172000+00:00,router_output_pkts_total,->3,1-112,unknown,0.0,1.2,0.0
2025-10-15T19:34:51.172000+00:00,router_output_pkts_total,->4,1-112,unknown,0.0,1.2,0.0
2025-10-15T19:34:51.172000+00:00,router_output_pkts_total,->6,1-112,unknown,0.0,1.2,0.0
2025-10-15T19:34:51.172000+00:00,router_output_pkts_total,->7,1-112,unknown,0.0,1.2,0.0
2025-10-15T19:34:51.172000+00:00,router_output_pkts_total,5,1-112,1-113,130.0,1.2,108.33333333333334
2025-10-15T19:34:51.172000+00:00,router_output_pkts_total,internal,1-112,1-112,112.0,1.2,93.33333333333334
2025-10-15T19:34:51.172000+00:00,router_output_pkts_total,physical_local,1-112,local,112.0,1.2,93.33333333333334
2025-10-15T19:34:51.172000+00:00,router_output_pkts_total,physical_remote,1-112,remote,130.0,1.2,108.33333333333334
2025-10-15T19:34:52.292000+00:00,router_dropped_pkts_total,->1,1-112,unknown,0.0,1.12,0.0
2025-10-15T19:34:52.292000+00:00,router_dropped_pkts_total,->2,1-112,unknown,0.0,1.12,0.0
2025-10-15T19:34:52.292000+00:00,router_dropped_pkts_total,->3,1-112,unknown,0.0,1.12,0.0
2025-10-15T19:34:52.292000+00:00,router_dropped_pkts_total,->4,1-112,unknown,0.0,1.12,0.0
2025-10-15T19:34:52.292000+00:00,router_dropped_pkts_total,->6,1-112,unknown,0.0,1.12,0.0
2025-10-15T19:34:52.292000+00:00,router_dropped_pkts_total,->7,1-112,unknown,0.0,1.12,0.0
2025-10-15T19:34:52.292000+00:00,router_dropped_pkts_total,5,1-112,1-113,0.0,1.12,0.0
2025-10-15T19:34:52.292000+00:00,router_dropped_pkts_total,internal,1-112,1-112,0.0,1.12,0.0
2025-10-15T19:34:52.292000+00:00,router_dropped_pkts_total,physical_local,1-112,local,0.0,1.12,0.0
2025-10-15T19:34:52.292000+00:00,router_dropped_pkts_total,physical_remote,1-112,remote,0.0,1.12,0.0
2025-10-15T19:34:52.292000+00:00,router_input_bytes_total,->1,1-112,unknown,0.0,1.12,0.0
2025-10-15T19:34:52.292000+00:00,router_input_bytes_total,->2,1-112,unknown,0.0,1.12,0.0
2025-10-15T19:34:52.292000+00:00,router_input_bytes_total,->3,1-112,unknown,0.0,1.12,0.0
2025-10-15T19:34:52.292000+00:00,router_input_bytes_total,->4,1-112,unknown,0.0,1.12,0.0
2025-10-15T19:34:52.292000+00:00,router_input_bytes_total,->6,1-112,unknown,0.0,1.12,0.0
2025-10-15T19:34:52.292000+00:00,router_input_bytes_total,->7,1-112,unknown,0.0,1.12,0.0
2025-10-15T19:34:52.292000+00:00,router_input_bytes_total,5,1-112,1-113,15703.0,1.12,14020.535714285714
2025-10-15T19:34:52.292000+00:00,router_input_bytes_total,internal,1-112,1-112,105082.0,1.12,93823.21428571428
2025-10-15T19:34:52.292000+00:00,router_input_bytes_total,physical_local,1-112,local,105082.0,1.12,93823.21428571428
2025-10-15T19:34:52.292000+00:00,router_input_bytes_total,physical_remote,1-112,remote,15703.0,1.12,14020.535714285714
2025-10-15T19:34:52.292000+00:00,router_input_pkts_total,->1,1-112,unknown,0.0,1.12,0.0
2025-10-15T19:34:52.292000+00:00,router_input_pkts_total,->2,1-112,unknown,0.0,1.12,0.0
2025-10-15T19:34:52.292000+00:00,router_input_pkts_total,->3,1-112,unknown,0.0,1.12,0.0
2025-10-15T19:34:52.292000+00:00,router_input_pkts_total,->4,1-112,unknown,0.0,1.12,0.0
2025-10-15T19:34:52.292000+00:00,router_input_pkts_total,->6,1-112,unknown,0.0,1.12,0.0
2025-10-15T19:34:52.292000+00:00,router_input_pkts_total,->7,1-112,unknown,0.0,1.12,0.0
2025-10-15T19:34:52.292000+00:00,router_input_pkts_total,5,1-112,1-113,118.0,1.12,105.35714285714285
2025-10-15T19:34:52.292000+00:00,router_input_pkts_total,internal,1-112,1-112,122.0,1.12,108.92857142857142
2025-10-15T19:34:52.292000+00:00,router_input_pkts_total,physical_local,1-112,local,122.0,1.12,108.92857142857142
2025-10-15T19:34:52.292000+00:00,router_input_pkts_total,physical_remote,1-112,remote,118.0,1.12,105.35714285714285
2025-10-15T19:34:52.292000+00:00,router_output_bytes_total,->1,1-112,unknown,0.0,1.12,0.0
2025-10-15T19:34:52.292000+00:00,router_output_bytes_total,->2,1-112,unknown,0.0,1.12,0.0
2025-10-15T19:34:52.292000+00:00,router_output_bytes_total,->3,1-112,unknown,0.0,1.12,0.0
2025-10-15T19:34:52.292000+00:00,router_output_bytes_total,->4,1-112,unknown,0.0,1.12,0.0
2025-10-15T19:34:52.292000+00:00,router_output_bytes_total,->6,1-112,unknown,0.0,1.12,0.0
2025-10-15T19:34:52.292000+00:00,router_output_bytes_total,->7,1-112,unknown,0.0,1.12,0.0
2025-10-15T19:34:52.292000+00:00,router_output_bytes_total,5,1-112,1-113,105754.0,1.12,94423.21428571428
2025-10-15T19:34:52.292000+00:00,router_output_bytes_total,internal,1-112,1-112,15055.0,1.12,13441.964285714284
2025-10-15T19:34:52.292000+00:00,router_output_bytes_total,physical_local,1-112,local,15055.0,1.12,13441.964285714284
2025-10-15T19:34:52.292000+00:00,router_output_bytes_total,physical_remote,1-112,remote,105754.0,1.12,94423.21428571428
2025-10-15T19:34:52.292000+00:00,router_output_pkts_total,->1,1-112,unknown,0.0,1.12,0.0
2025-10-15T19:34:52.292000+00:00,router_output_pkts_total,->2,1-112,unknown,0.0,1.12,0.0
2025-10-15T19:34:52.292000+00:00,router_output_pkts_total,->3,1-112,unknown,0.0,1.12,0.0
2025-10-15T19:34:52.292000+00:00,router_output_pkts_total,->4,1-112,unknown,0.0,1.12,0.0
2025-10-15T19:34:52.292000+00:00,router_output_pkts_total,->6,1-112,unknown,0.0,1.12,0.0
2025-10-15T19:34:52.292000+00:00,router_output_pkts_total,->7,1-112,unknown,0.0,1.12,0.0
2025-10-15T19:34:52.292000+00:00,router_output_pkts_total,5,1-112,1-113,128.0,1.12,114.28571428571428
2025-10-15T19:34:52.292000+00:00,router_output_pkts_total,internal,1-112,1-112,112.0,1.12,99.99999999999999
2025-10-15T19:34:52.292000+00:00,router_output_pkts_total,physical_local,1-112,local,112.0,1.12,99.99999999999999
2025-10-15T19:34:52.292000+00:00,router_output_pkts_total,physical_remote,1-112,remote,128.0,1.12,114.28571428571428
2025-10-15T19:34:53.536000+00:00,router_dropped_pkts_total,->1,1-112,unknown,0.0,1.244,0.0
2025-10-15T19:34:53.536000+00:00,router_dropped_pkts_total,->2,1-112,unknown,0.0,1.244,0.0
2025-10-15T19:34:53.536000+00:00,router_dropped_pkts_total,->3,1-112,unknown,0.0,1.244,0.0
2025-10-15T19:34:53.536000+00:00,router_dropped_pkts_total,->4,1-112,unknown,0.0,1.244,0.0
2025-10-15T19:34:53.536000+00:00,router_dropped_pkts_total,->6,1-112,unknown,0.0,1.244,0.0
2025-10-15T19:34:53.536000+00:00,router_dropped_pkts_total,->7,1-112,unknown,0.0,1.244,0.0
2025-10-15T19:34:53.536000+00:00,router_dropped_pkts_total,5,1-112,1-113,0.0,1.244,0.0
2025-10-15T19:34:53.536000+00:00,router_dropped_pkts_total,internal,1-112,1-112,0.0,1.244,0.0
2025-10-15T19:34:53.536000+00:00,router_dropped_pkts_total,physical_local,1-112,local,0.0,1.244,0.0
2025-10-15T19:34:53.536000+00:00,router_dropped_pkts_total,physical_remote,1-112,remote,0.0,1.244,0.0
2025-10-15T19:34:53.536000+00:00,router_input_bytes_total,->1,1-112,unknown,0.0,1.244,0.0
2025-10-15T19:34:53.536000+00:00,router_input_bytes_total,->2,1-112,unknown,0.0,1.244,0.0
2025-10-15T19:34:53.536000+00:00,router_input_bytes_total,->3,1-112,unknown,0.0,1.244,0.0
2025-10-15T19:34:53.536000+00:00,router_input_bytes_total,->4,1-112,unknown,0.0,1.244,0.0
2025-10-15T19:34:53.536000+00:00,router_input_bytes_total,->6,1-112,unknown,0.0,1.244,0.0
2025-10-15T19:34:53.536000+00:00,router_input_bytes_total,->7,1-112,unknown,0.0,1.244,0.0
2025-10-15T19:34:53.536000+00:00,router_input_bytes_total,5,1-112,1-113,25324.0,1.244,20356.913183279743
2025-10-15T19:34:53.536000+00:00,router_input_bytes_total,internal,1-112,1-112,143772.0,1.244,115572.34726688103
2025-10-15T19:34:53.536000+00:00,router_input_bytes_total,physical_local,1-112,local,143772.0,1.244,115572.34726688103
2025-10-15T19:34:53.536000+00:00,router_input_bytes_total,physical_remote,1-112,remote,25324.0,1.244,20356.913183279743
2025-10-15T19:34:53.536000+00:00,router_input_pkts_total,->1,1-112,unknown,0.0,1.244,0.0
2025-10-15T19:34:53.536000+00:00,router_input_pkts_total,->2,1-112,unknown,0.0,1.244,0.0
2025-10-15T19:34:53.536000+00:00,router_input_pkts_total,->3,1-112,unknown,0.0,1.244,0.0
2025-10-15T19:34:53.536000+00:00,router_input_pkts_total,->4,1-112,unknown,0.0,1.244,0.0
2025-10-15T19:34:53.536000+00:00,router_input_pkts_total,->6,1-112,unknown,0.0,1.244,0.0
2025-10-15T19:34:53.536000+00:00,router_input_pkts_total,->7,1-112,unknown,0.0,1.244,0.0
2025-10-15T19:34:53.536000+00:00,router_input_pkts_total,5,1-112,1-113,168.0,1.244,135.04823151125402
2025-10-15T19:34:53.536000+00:00,router_input_pkts_total,internal,1-112,1-112,180.0,1.244,144.6945337620579
2025-10-15T19:34:53.536000+00:00,router_input_pkts_total,physical_local,1-112,local,180.0,1.244,144.6945337620579
2025-10-15T19:34:53.536000+00:00,router_input_pkts_total,physical_remote,1-112,remote,168.0,1.244,135.04823151125402
2025-10-15T19:34:53.536000+00:00,router_output_bytes_total,->1,1-112,unknown,0.0,1.244,0.0
2025-10-15T19:34:53.536000+00:00,router_output_bytes_total,->2,1-112,unknown,0.0,1.244,0.0
2025-10-15T19:34:53.536000+00:00,router_output_bytes_total,->3,1-112,unknown,0.0,1.244,0.0
2025-10-15T19:34:53.536000+00:00,router_output_bytes_total,->4,1-112,unknown,0.0,1.244,0.0
2025-10-15T19:34:53.536000+00:00,router_output_bytes_total,->6,1-112,unknown,0.0,1.244,0.0
2025-10-15T19:34:53.536000+00:00,router_output_bytes_total,->7,1-112,unknown,0.0,1.244,0.0
2025-10-15T19:34:53.536000+00:00,router_output_bytes_total,5,1-112,1-113,144444.0,1.244,116112.54019292604
2025-10-15T19:34:53.536000+00:00,router_output_bytes_total,internal,1-112,1-112,24676.0,1.244,19836.012861736333
2025-10-15T19:34:53.536000+00:00,router_output_bytes_total,physical_local,1-112,local,24676.0,1.244,19836.012861736333
2025-10-15T19:34:53.536000+00:00,router_output_bytes_total,physical_remote,1-112,remote,144444.0,1.244,116112.54019292604
2025-10-15T19:34:53.536000+00:00,router_output_pkts_total,->1,1-112,unknown,0.0,1.244,0.0
2025-10-15T19:34:53.536000+00:00,router_output_pkts_total,->2,1-112,unknown,0.0,1.244,0.0
2025-10-15T19:34:53.536000+00:00,router_output_pkts_total,->3,1-112,unknown,0.0,1.244,0.0
2025-10-15T19:34:53.536000+00:00,router_output_pkts_total,->4,1-112,unknown,0.0,1.244,0.0
2025-10-15T19:34:53.536000+00:00,router_output_pkts_total,->6,1-112,unknown,0.0,1.244,0.0
2025-10-15T19:34:53.536000+00:00,router_output_pkts_total,->7,1-112,unknown,0.0,1.244,0.0
2025-10-15T19:34:53.536000+00:00,router_output_pkts_total,5,1-112,1-113,186.0,1.244,149.5176848874598
2025-10-15T19:34:53.536000+00:00,router_output_pkts_total,internal,1-112,1-112,162.0,1.244,130.2250803858521
2025-10-15T19:34:53.536000+00:00,router_output_pkts_total,physical_local,1-112,local,162.0,1.244,130.2250803858521
2025-10-15T19:34:53.536000+00:00,router_output_pkts_total,physical_remote,1-112,remote,186.0,1.244,149.5176848874598
2025-10-15T19:34:54.698000+00:00,router_dropped_pkts_total,->1,1-112,unknown,0.0,1.162,0.0
2025-10-15T19:34:54.698000+00:00,router_dropped_pkts_total,->2,1-112,unknown,0.0,1.162,0.0
2025-10-15T19:34:54.698000+00:00,router_dropped_pkts_total,->3,1-112,unknown,0.0,1.162,0.0
2025-10-15T19:34:54.698000+00:00,router_dropped_pkts_total,->4,1-112,unknown,0.0,1.162,0.0
2025-10-15T19:34:54.698000+00:00,router_dropped_pkts_total,->6,1-112,unknown,0.0,1.162,0.0
2025-10-15T19:34:54.698000+00:00,router_dropped_pkts_total,->7,1-112,unknown,0.0,1.162,0.0
2025-10-15T19:34:54.698000+00:00,router_dropped_pkts_total,5,1-112,1-113,0.0,1.162,0.0
2025-10-15T19:34:54.698000+00:00,router_dropped_pkts_total,internal,1-112,1-112,0.0,1.162,0.0
2025-10-15T19:34:54.698000+00:00,router_dropped_pkts_total,physical_local,1-112,local,0.0,1.162,0.0
2025-10-15T19:34:54.698000+00:00,router_dropped_pkts_total,physical_remote,1-112,remote,0.0,1.162,0.0
2025-10-15T19:34:54.698000+00:00,router_input_bytes_total,->1,1-112,unknown,0.0,1.162,0.0
2025-10-15T19:34:54.698000+00:00,router_input_bytes_total,->2,1-112,unknown,0.0,1.162,0.0
2025-10-15T19:34:54.698000+00:00,router_input_bytes_total,->3,1-112,unknown,0.0,1.162,0.0
2025-10-15T19:34:54.698000+00:00,router_input_bytes_total,->4,1-112,unknown,0.0,1.162,0.0
2025-10-15T19:34:54.698000+00:00,router_input_bytes_total,->6,1-112,unknown,0.0,1.162,0.0
2025-10-15T19:34:54.698000+00:00,router_input_bytes_total,->7,1-112,unknown,0.0,1.162,0.0
2025-10-15T19:34:54.698000+00:00,router_input_bytes_total,5,1-112,1-113,34515.0,1.162,29703.098106712565
2025-10-15T19:34:54.698000+00:00,router_input_bytes_total,internal,1-112,1-112,167191.0,1.162,143882.09982788298
2025-10-15T19:34:54.698000+00:00,router_input_bytes_total,physical_local,1-112,local,167191.0,1.162,143882.09982788298
2025-10-15T19:34:54.698000+00:00,router_input_bytes_total,physical_remote,1-112,remote,34515.0,1.162,29703.098106712565
2025-10-15T19:34:54.698000+00:00,router_input_pkts_total,->1,1-112,unknown,0.0,1.162,0.0
2025-10-15T19:34:54.698000+00:00,router_input_pkts_total,->2,1-112,unknown,0.0,1.162,0.0
2025-10-15T19:34:54.698000+00:00,router_input_pkts_total,->3,1-112,unknown,0.0,1.162,0.0
2025-10-15T19:34:54.698000+00:00,router_input_pkts_total,->4,1-112,unknown,0.0,1.162,0.0
2025-10-15T19:34:54.698000+00:00,router_input_pkts_total,->6,1-112,unknown,0.0,1.162,0.0
2025-10-15T19:34:54.698000+00:00,router_input_pkts_total,->7,1-112,unknown,0.0,1.162,0.0
2025-10-15T19:34:54.698000+00:00,router_input_pkts_total,5,1-112,1-113,208.0,1.162,179.00172117039588
2025-10-15T19:34:54.698000+00:00,router_input_pkts_total,internal,1-112,1-112,206.0,1.162,177.2805507745267
2025-10-15T19:34:54.698000+00:00,router_input_pkts_total,physical_local,1-112,local,206.0,1.162,177.2805507745267
2025-10-15T19:34:54.698000+00:00,router_input_pkts_total,physical_remote,1-112,remote,208.0,1.162,179.00172117039588
2025-10-15T19:34:54.698000+00:00,router_output_bytes_total,->1,1-112,unknown,0.0,1.162,0.0
2025-10-15T19:34:54.698000+00:00,router_output_bytes_total,->2,1-112,unknown,0.0,1.162,0.0
2025-10-15T19:34:54.698000+00:00,router_output_bytes_total,->3,1-112,unknown,0.0,1.162,0.0
2025-10-15T19:34:54.698000+00:00,router_output_bytes_total,->4,1-112,unknown,0.0,1.162,0.0
2025-10-15T19:34:54.698000+00:00,router_output_bytes_total,->6,1-112,unknown,0.0,1.162,0.0
2025-10-15T19:34:54.698000+00:00,router_output_bytes_total,->7,1-112,unknown,0.0,1.162,0.0
2025-10-15T19:34:54.698000+00:00,router_output_bytes_total,5,1-112,1-113,167863.0,1.162,144460.41308089503
2025-10-15T19:34:54.698000+00:00,router_output_bytes_total,internal,1-112,1-112,33867.0,1.162,29145.43889845095
2025-10-15T19:34:54.698000+00:00,router_output_bytes_total,physical_local,1-112,local,33867.0,1.162,29145.43889845095
2025-10-15T19:34:54.698000+00:00,router_output_bytes_total,physical_remote,1-112,remote,167863.0,1.162,144460.41308089503
2025-10-15T19:34:54.698000+00:00,router_output_pkts_total,->1,1-112,unknown,0.0,1.162,0.0
2025-10-15T19:34:54.698000+00:00,router_output_pkts_total,->2,1-112,unknown,0.0,1.162,0.0
2025-10-15T19:34:54.698000+00:00,router_output_pkts_total,->3,1-112,unknown,0.0,1.162,0.0
2025-10-15T19:34:54.698000+00:00,router_output_pkts_total,->4,1-112,unknown,0.0,1.162,0.0
2025-10-15T19:34:54.698000+00:00,router_output_pkts_total,->6,1-112,unknown,0.0,1.162,0.0
2025-10-15T19:34:54.698000+00:00,router_output_pkts_total,->7,1-112,unknown,0.0,1.162,0.0
2025-10-15T19:34:54.698000+00:00,router_output_pkts_total,5,1-112,1-113,212.0,1.162,182.44406196213427
2025-10-15T19:34:54.698000+00:00,router_output_pkts_total,internal,1-112,1-112,202.0,1.162,173.8382099827883
2025-10-15T19:34:54.698000+00:00,router_output_pkts_total,physical_local,1-112,local,202.0,1.162,173.8382099827883
2025-10-15T19:34:54.698000+00:00,router_output_pkts_total,physical_remote,1-112,remote,212.0,1.162,182.44406196213427
2025-10-15T19:34:56.036000+00:00,router_dropped_pkts_total,->1,1-112,unknown,0.0,1.338,0.0
2025-10-15T19:34:56.036000+00:00,router_dropped_pkts_total,->2,1-112,unknown,0.0,1.338,0.0
2025-10-15T19:34:56.036000+00:00,router_dropped_pkts_total,->3,1-112,unknown,0.0,1.338,0.0
2025-10-15T19:34:56.036000+00:00,router_dropped_pkts_total,->4,1-112,unknown,0.0,1.338,0.0
2025-10-15T19:34:56.036000+00:00,router_dropped_pkts_total,->6,1-112,unknown,0.0,1.338,0.0
2025-10-15T19:34:56.036000+00:00,router_dropped_pkts_total,->7,1-112,unknown,0.0,1.338,0.0
2025-10-15T19:34:56.036000+00:00,router_dropped_pkts_total,5,1-112,1-113,0.0,1.338,0.0
2025-10-15T19:34:56.036000+00:00,router_dropped_pkts_total,internal,1-112,1-112,0.0,1.338,0.0
2025-10-15T19:34:56.036000+00:00,router_dropped_pkts_total,physical_local,1-112,local,0.0,1.338,0.0
2025-10-15T19:34:56.036000+00:00,router_dropped_pkts_total,physical_remote,1-112,remote,0.0,1.338,0.0
2025-10-15T19:34:56.036000+00:00,router_input_bytes_total,->1,1-112,unknown,0.0,1.338,0.0
2025-10-15T19:34:56.036000+00:00,router_input_bytes_total,->2,1-112,unknown,0.0,1.338,0.0
2025-10-15T19:34:56.036000+00:00,router_input_bytes_total,->3,1-112,unknown,0.0,1.338,0.0
2025-10-15T19:34:56.036000+00:00,router_input_bytes_total,->4,1-112,unknown,0.0,1.338,0.0
2025-10-15T19:34:56.036000+00:00,router_input_bytes_total,->6,1-112,unknown,0.0,1.338,0.0
2025-10-15T19:34:56.036000+00:00,router_input_bytes_total,->7,1-112,unknown,0.0,1.338,0.0
2025-10-15T19:34:56.036000+00:00,router_input_bytes_total,5,1-112,1-113,18627.0,1.338,13921.52466367713
2025-10-15T19:34:56.036000+00:00,router_input_bytes_total,internal,1-112,1-112,156694.0,1.338,117110.61285500746
2025-10-15T19:34:56.036000+00:00,router_input_bytes_total,physical_local,1-112,local,156694.0,1.338,117110.61285500746
2025-10-15T19:34:56.036000+00:00,router_input_bytes_total,physical_remote,1-112,remote,18627.0,1.338,13921.52466367713
2025-10-15T19:34:56.036000+00:00,router_input_pkts_total,->1,1-112,unknown,0.0,1.338,0.0
2025-10-15T19:34:56.036000+00:00,router_input_pkts_total,->2,1-112,unknown,0.0,1.338,0.0
2025-10-15T19:34:56.036000+00:00,router_input_pkts_total,->3,1-112,unknown,0.0,1.338,0.0
2025-10-15T19:34:56.036000+00:00,router_input_pkts_total,->4,1-112,unknown,0.0,1.338,0.0
2025-10-15T19:34:56.036000+00:00,router_input_pkts_total,->6,1-112,unknown,0.0,1.338,0.0
2025-10-15T19:34:56.036000+00:00,router_input_pkts_total,->7,1-112,unknown,0.0,1.338,0.0
2025-10-15T19:34:56.036000+00:00,router_input_pkts_total,5,1-112,1-113,158.0,1.338,118.08669656203288
2025-10-15T19:34:56.036000+00:00,router_input_pkts_total,internal,1-112,1-112,167.0,1.338,124.81315396113601
2025-10-15T19:34:56.036000+00:00,router_input_pkts_total,physical_local,1-112,local,167.0,1.338,124.81315396113601
2025-10-15T19:34:56.036000+00:00,router_input_pkts_total,physical_remote,1-112,remote,158.0,1.338,118.08669656203288
2025-10-15T19:34:56.036000+00:00,router_output_bytes_total,->1,1-112,unknown,0.0,1.338,0.0
2025-10-15T19:34:56.036000+00:00,router_output_bytes_total,->2,1-112,unknown,0.0,1.338,0.0
2025-10-15T19:34:56.036000+00:00,router_output_bytes_total,->3,1-112,unknown,0.0,1.338,0.0
2025-10-15T19:34:56.036000+00:00,router_output_bytes_total,->4,1-112,unknown,0.0,1.338,0.0
2025-10-15T19:34:56.036000+00:00,router_output_bytes_total,->6,1-112,unknown,0.0,1.338,0.0
2025-10-15T19:34:56.036000+00:00,router_output_bytes_total,->7,1-112,unknown,0.0,1.338,0.0
2025-10-15T19:34:56.036000+00:00,router_output_bytes_total,5,1-112,1-113,157366.0,1.338,117612.85500747383
2025-10-15T19:34:56.036000+00:00,router_output_bytes_total,internal,1-112,1-112,17979.0,1.338,13437.219730941702
2025-10-15T19:34:56.036000+00:00,router_output_bytes_total,physical_local,1-112,local,17979.0,1.338,13437.219730941702
2025-10-15T19:34:56.036000+00:00,router_output_bytes_total,physical_remote,1-112,remote,157366.0,1.338,117612.85500747383
2025-10-15T19:34:56.036000+00:00,router_output_pkts_total,->1,1-112,unknown,0.0,1.338,0.0
2025-10-15T19:34:56.036000+00:00,router_output_pkts_total,->2,1-112,unknown,0.0,1.338,0.0
2025-10-15T19:34:56.036000+00:00,router_output_pkts_total,->3,1-112,unknown,0.0,1.338,0.0
2025-10-15T19:34:56.036000+00:00,router_output_pkts_total,->4,1-112,unknown,0.0,1.338,0.0
2025-10-15T19:34:56.036000+00:00,router_output_pkts_total,->6,1-112,unknown,0.0,1.338,0.0
2025-10-15T19:34:56.036000+00:00,router_output_pkts_total,->7,1-112,unknown,0.0,1.338,0.0
2025-10-15T19:34:56.036000+00:00,router_output_pkts_total,5,1-112,1-113,173.0,1.338,129.29745889387144
2025-10-15T19:34:56.036000+00:00,router_output_pkts_total,internal,1-112,1-112,152.0,1.338,113.60239162929746
2025-10-15T19:34:56.036000+00:00,router_output_pkts_total,physical_local,1-112,local,152.0,1.338,113.60239162929746
2025-10-15T19:34:56.036000+00:00,router_output_pkts_total,physical_remote,1-112,remote,173.0,1.338,129.29745889387144
2025-10-15T19:34:57.197000+00:00,router_dropped_pkts_total,->1,1-112,unknown,0.0,1.161,0.0
2025-10-15T19:34:57.197000+00:00,router_dropped_pkts_total,->2,1-112,unknown,0.0,1.161,0.0
2025-10-15T19:34:57.197000+00:00,router_dropped_pkts_total,->3,1-112,unknown,0.0,1.161,0.0
2025-10-15T19:34:57.197000+00:00,router_dropped_pkts_total,->4,1-112,unknown,0.0,1.161,0.0
2025-10-15T19:34:57.197000+00:00,router_dropped_pkts_total,->6,1-112,unknown,0.0,1.161,0.0
2025-10-15T19:34:57.197000+00:00,router_dropped_pkts_total,->7,1-112,unknown,0.0,1.161,0.0
2025-10-15T19:34:57.197000+00:00,router_dropped_pkts_total,5,1-112,1-113,0.0,1.161,0.0
2025-10-15T19:34:57.197000+00:00,router_dropped_pkts_total,internal,1-112,1-112,0.0,1.161,0.0
2025-10-15T19:34:57.197000+00:00,router_dropped_pkts_total,physical_local,1-112,local,0.0,1.161,0.0
2025-10-15T19:34:57.197000+00:00,router_dropped_pkts_total,physical_remote,1-112,remote,0.0,1.161,0.0
2025-10-15T19:34:57.197000+00:00,router_input_bytes_total,->1,1-112,unknown,0.0,1.161,0.0
2025-10-15T19:34:57.197000+00:00,router_input_bytes_total,->2,1-112,unknown,0.0,1.161,0.0
2025-10-15T19:34:57.197000+00:00,router_input_bytes_total,->3,1-112,unknown,0.0,1.161,0.0
2025-10-15T19:34:57.197000+00:00,router_input_bytes_total,->4,1-112,unknown,0.0,1.161,0.0
2025-10-15T19:34:57.197000+00:00,router_input_bytes_total,->6,1-112,unknown,0.0,1.161,0.0
2025-10-15T19:34:57.197000+00:00,router_input_bytes_total,->7,1-112,unknown,0.0,1.161,0.0
2025-10-15T19:34:57.197000+00:00,router_input_bytes_total,5,1-112,1-113,21384.0,1.161,18418.60465116279
2025-10-15T19:34:57.197000+00:00,router_input_bytes_total,internal,1-112,1-112,157854.0,1.161,135963.8242894057
2025-10-15T19:34:57.197000+00:00,router_input_bytes_total,physical_local,1-112,local,157854.0,1.161,135963.8242894057
2025-10-15T19:34:57.197000+00:00,router_input_bytes_total,physical_remote,1-112,remote,21384.0,1.161,18418.60465116279
2025-10-15T19:34:57.197000+00:00,router_input_pkts_total,->1,1-112,unknown,0.0,1.161,0.0
2025-10-15T19:34:57.197000+00:00,router_input_pkts_total,->2,1-112,unknown,0.0,1.161,0.0
2025-10-15T19:34:57.197000+00:00,router_input_pkts_total,->3,1-112,unknown,0.0,1.161,0.0
2025-10-15T19:34:57.197000+00:00,router_input_pkts_total,->4,1-112,unknown,0.0,1.161,0.0
2025-10-15T19:34:57.197000+00:00,router_input_pkts_total,->6,1-112,unknown,0.0,1.161,0.0
2025-10-15T19:34:57.197000+00:00,router_input_pkts_total,->7,1-112,unknown,0.0,1.161,0.0
2025-10-15T19:34:57.197000+00:00,router_input_pkts_total,5,1-112,1-113,182.0,1.161,156.76141257536605
2025-10-15T19:34:57.197000+00:00,router_input_pkts_total,internal,1-112,1-112,186.0,1.161,160.2067183462532
2025-10-15T19:34:57.197000+00:00,router_input_pkts_total,physical_local,1-112,local,186.0,1.161,160.2067183462532
2025-10-15T19:34:57.197000+00:00,router_input_pkts_total,physical_remote,1-112,remote,182.0,1.161,156.76141257536605
2025-10-15T19:34:57.197000+00:00,router_output_bytes_total,->1,1-112,unknown,0.0,1.161,0.0
2025-10-15T19:34:57.197000+00:00,router_output_bytes_total,->2,1-112,unknown,0.0,1.161,0.0
2025-10-15T19:34:57.197000+00:00,router_output_bytes_total,->3,1-112,unknown,0.0,1.161,0.0
2025-10-15T19:34:57.197000+00:00,router_output_bytes_total,->4,1-112,unknown,0.0,1.161,0.0
2025-10-15T19:34:57.197000+00:00,router_output_bytes_total,->6,1-112,unknown,0.0,1.161,0.0
2025-10-15T19:34:57.197000+00:00,router_output_bytes_total,->7,1-112,unknown,0.0,1.161,0.0
2025-10-15T19:34:57.197000+00:00,router_output_bytes_total,5,1-112,1-113,159534.0,1.161,137410.8527131783
2025-10-15T19:34:57.197000+00:00,router_output_bytes_total,internal,1-112,1-112,19764.0,1.161,17023.25581395349
2025-10-15T19:34:57.197000+00:00,router_output_bytes_total,physical_local,1-112,local,19764.0,1.161,17023.25581395349
2025-10-15T19:34:57.197000+00:00,router_output_bytes_total,physical_remote,1-112,remote,159534.0,1.161,137410.8527131783
2025-10-15T19:34:57.197000+00:00,router_output_pkts_total,->1,1-112,unknown,0.0,1.161,0.0
2025-10-15T19:34:57.197000+00:00,router_output_pkts_total,->2,1-112,unknown,0.0,1.161,0.0
2025-10-15T19:34:57.197000+00:00,router_output_pkts_total,->3,1-112,unknown,0.0,1.161,0.0
2025-10-15T19:34:57.197000+00:00,router_output_pkts_total,->4,1-112,unknown,0.0,1.161,0.0
2025-10-15T19:34:57.197000+00:00,router_output_pkts_total,->6,1-112,unknown,0.0,1.161,0.0
2025-10-15T19:34:57.197000+00:00,router_output_pkts_total,->7,1-112,unknown,0.0,1.161,0.0
2025-10-15T19:34:57.197000+00:00,router_output_pkts_total,5,1-112,1-113,201.0,1.161,173.1266149870801
2025-10-15T19:34:57.197000+00:00,router_output_pkts_total,internal,1-112,1-112,167.0,1.161,143.8415159345392
2025-10-15T19:34:57.197000+00:00,router_output_pkts_total,physical_local,1-112,local,167.0,1.161,143.8415159345392
2025-10-15T19:34:57.197000+00:00,router_output_pkts_total,physical_remote,1-112,remote,201.0,1.161,173.1266149870801
2025-10-15T19:34:58.382000+00:00,router_dropped_pkts_total,->1,1-112,unknown,0.0,1.185,0.0
2025-10-15T19:34:58.382000+00:00,router_dropped_pkts_total,->2,1-112,unknown,0.0,1.185,0.0
2025-10-15T19:34:58.382000+00:00,router_dropped_pkts_total,->3,1-112,unknown,0.0,1.185,0.0
2025-10-15T19:34:58.382000+00:00,router_dropped_pkts_total,->4,1-112,unknown,0.0,1.185,0.0
2025-10-15T19:34:58.382000+00:00,router_dropped_pkts_total,->6,1-112,unknown,0.0,1.185,0.0
2025-10-15T19:34:58.382000+00:00,router_dropped_pkts_total,->7,1-112,unknown,0.0,1.185,0.0
2025-10-15T19:34:58.382000+00:00,router_dropped_pkts_total,5,1-112,1-113,0.0,1.185,0.0
2025-10-15T19:34:58.382000+00:00,router_dropped_pkts_total,internal,1-112,1-112,0.0,1.185,0.0
2025-10-15T19:34:58.382000+00:00,router_dropped_pkts_total,physical_local,1-112,local,0.0,1.185,0.0
2025-10-15T19:34:58.382000+00:00,router_dropped_pkts_total,physical_remote,1-112,remote,0.0,1.185,0.0
2025-10-15T19:34:58.382000+00:00,router_input_bytes_total,->1,1-112,unknown,0.0,1.185,0.0
2025-10-15T19:34:58.382000+00:00,router_input_bytes_total,->2,1-112,unknown,0.0,1.185,0.0
2025-10-15T19:34:58.382000+00:00,router_input_bytes_total,->3,1-112,unknown,0.0,1.185,0.0
2025-10-15T19:34:58.382000+00:00,router_input_bytes_total,->4,1-112,unknown,0.0,1.185,0.0
2025-10-15T19:34:58.382000+00:00,router_input_bytes_total,->6,1-112,unknown,0.0,1.185,0.0
2025-10-15T19:34:58.382000+00:00,router_input_bytes_total,->7,1-112,unknown,0.0,1.185,0.0
2025-10-15T19:34:58.382000+00:00,router_input_bytes_total,5,1-112,1-113,28886.0,1.185,24376.371308016878
2025-10-15T19:34:58.382000+00:00,router_input_bytes_total,internal,1-112,1-112,183768.0,1.185,155078.48101265822
2025-10-15T19:34:58.382000+00:00,router_input_bytes_total,physical_local,1-112,local,183768.0,1.185,155078.48101265822
2025-10-15T19:34:58.382000+00:00,router_input_bytes_total,physical_remote,1-112,remote,28886.0,1.185,24376.371308016878
2025-10-15T19:34:58.382000+00:00,router_input_pkts_total,->1,1-112,unknown,0.0,1.185,0.0
2025-10-15T19:34:58.382000+00:00,router_input_pkts_total,->2,1-112,unknown,0.0,1.185,0.0
2025-10-15T19:34:58.382000+00:00,router_input_pkts_total,->3,1-112,unknown,0.0,1.185,0.0
2025-10-15T19:34:58.382000+00:00,router_input_pkts_total,->4,1-112,unknown,0.0,1.185,0.0
2025-10-15T19:34:58.382000+00:00,router_input_pkts_total,->6,1-112,unknown,0.0,1.185,0.0
2025-10-15T19:34:58.382000+00:00,router_input_pkts_total,->7,1-112,unknown,0.0,1.185,0.0
2025-10-15T19:34:58.382000+00:00,router_input_pkts_total,5,1-112,1-113,210.0,1.185,177.2151898734177
2025-10-15T19:34:58.382000+00:00,router_input_pkts_total,internal,1-112,1-112,225.0,1.185,189.873417721519
2025-10-15T19:34:58.382000+00:00,router_input_pkts_total,physical_local,1-112,local,225.0,1.185,189.873417721519
2025-10-15T19:34:58.382000+00:00,router_input_pkts_total,physical_remote,1-112,remote,210.0,1.185,177.2151898734177
2025-10-15T19:34:58.382000+00:00,router_output_bytes_total,->1,1-112,unknown,0.0,1.185,0.0
2025-10-15T19:34:58.382000+00:00,router_output_bytes_total,->2,1-112,unknown,0.0,1.185,0.0
2025-10-15T19:34:58.382000+00:00,router_output_bytes_total,->3,1-112,unknown,0.0,1.185,0.0
2025-10-15T19:34:58.382000+00:00,router_output_bytes_total,->4,1-112,unknown,0.0,1.185,0.0
2025-10-15T19:34:58.382000+00:00,router_output_bytes_total,->6,1-112,unknown,0.0,1.185,0.0
2025-10-15T19:34:58.382000+00:00,router_output_bytes_total,->7,1-112,unknown,0.0,1.185,0.0
2025-10-15T19:34:58.382000+00:00,router_output_bytes_total,5,1-112,1-113,184776.0,1.185,155929.11392405062
2025-10-15T19:34:58.382000+00:00,router_output_bytes_total,internal,1-112,1-112,27914.0,1.185,23556.118143459913
2025-10-15T19:34:58.382000+00:00,router_output_bytes_total,physical_local,1-112,local,27914.0,1.185,23556.118143459913
2025-10-15T19:34:58.382000+00:00,router_output_bytes_total,physical_remote,1-112,remote,184776.0,1.185,155929.11392405062
2025-10-15T19:34:58.382000+00:00,router_output_pkts_total,->1,1-112,unknown,0.0,1.185,0.0
2025-10-15T19:34:58.382000+00:00,router_output_pkts_total,->2,1-112,unknown,0.0,1.185,0.0
2025-10-15T19:34:58.382000+00:00,router_output_pkts_total,->3,1-112,unknown,0.0,1.185,0.0
2025-10-15T19:34:58.382000+00:00,router_output_pkts_total,->4,1-112,unknown,0.0,1.185,0.0
2025-10-15T19:34:58.382000+00:00,router_output_pkts_total,->6,1-112,unknown,0.0,1.185,0.0
2025-10-15T19:34:58.382000+00:00,router_output_pkts_total,->7,1-112,unknown,0.0,1.185,0.0
2025-10-15T19:34:58.382000+00:00,router_output_pkts_total,5,1-112,1-113,233.0,1.185,196.62447257383965
2025-10-15T19:34:58.382000+00:00,router_output_pkts_total,internal,1-112,1-112,201.0,1.185,169.62025316455694
2025-10-15T19:34:58.382000+00:00,router_output_pkts_total,physical_local,1-112,local,201.0,1.185,169.62025316455694
2025-10-15T19:34:58.382000+00:00,router_output_pkts_total,physical_remote,1-112,remote,233.0,1.185,196.62447257383965
2025-10-15T19:34:59.639000+00:00,router_dropped_pkts_total,->1,1-112,unknown,0.0,1.257,0.0
2025-10-15T19:34:59.639000+00:00,router_dropped_pkts_total,->2,1-112,unknown,0.0,1.257,0.0
2025-10-15T19:34:59.639000+00:00,router_dropped_pkts_total,->3,1-112,unknown,0.0,1.257,0.0
2025-10-15T19:34:59.639000+00:00,router_dropped_pkts_total,->4,1-112,unknown,0.0,1.257,0.0
2025-10-15T19:34:59.639000+00:00,router_dropped_pkts_total,->6,1-112,unknown,0.0,1.257,0.0
2025-10-15T19:34:59.639000+00:00,router_dropped_pkts_total,->7,1-112,unknown,0.0,1.257,0.0
2025-10-15T19:34:59.639000+00:00,router_dropped_pkts_total,5,1-112,1-113,0.0,1.257,0.0
2025-10-15T19:34:59.639000+00:00,router_dropped_pkts_total,internal,1-112,1-112,0.0,1.257,0.0
2025-10-15T19:34:59.639000+00:00,router_dropped_pkts_total,physical_local,1-112,local,0.0,1.257,0.0
2025-10-15T19:34:59.639000+00:00,router_dropped_pkts_total,physical_remote,1-112,remote,0.0,1.257,0.0
2025-10-15T19:34:59.639000+00:00,router_input_bytes_total,->1,1-112,unknown,0.0,1.257,0.0
2025-10-15T19:34:59.639000+00:00,router_input_bytes_total,->2,1-112,unknown,0.0,1.257,0.0
2025-10-15T19:34:59.639000+00:00,router_input_bytes_total,->3,1-112,unknown,0.0,1.257,0.0
2025-10-15T19:34:59.639000+00:00,router_input_bytes_total,->4,1-112,unknown,0.0,1.257,0.0
2025-10-15T19:34:59.639000+00:00,router_input_bytes_total,->6,1-112,unknown,0.0,1.257,0.0
2025-10-15T19:34:59.639000+00:00,router_input_bytes_total,->7,1-112,unknown,0.0,1.257,0.0
2025-10-15T19:34:59.639000+00:00,router_input_bytes_total,5,1-112,1-113,23681.0,1.257,18839.299920445508
2025-10-15T19:34:59.639000+00:00,router_input_bytes_total,internal,1-112,1-112,175765.0,1.257,139828.95783611774
2025-10-15T19:34:59.639000+00:00,router_input_bytes_total,physical_local,1-112,local,175765.0,1.257,139828.95783611774
2025-10-15T19:34:59.639000+00:00,router_input_bytes_total,physical_remote,1-112,remote,23681.0,1.257,18839.299920445508
2025-10-15T19:34:59.639000+00:00,router_input_pkts_total,->1,1-112,unknown,0.0,1.257,0.0
2025-10-15T19:34:59.639000+00:00,router_input_pkts_total,->2,1-112,unknown,0.0,1.257,0.0
2025-10-15T19:34:59.639000+00:00,router_input_pkts_total,->3,1-112,unknown,0.0,1.257,0.0
2025-10-15T19:34:59.639000+00:00,router_input_pkts_total,->4,1-112,unknown,0.0,1.257,0.0
2025-10-15T19:34:59.639000+00:00,router_input_pkts_total,->6,1-112,unknown,0.0,1.257,0.0
2025-10-15T19:34:59.639000+00:00,router_input_pkts_total,->7,1-112,unknown,0.0,1.257,0.0
2025-10-15T19:34:59.639000+00:00,router_input_pkts_total,5,1-112,1-113,178.0,1.257,141.60700079554496
2025-10-15T19:34:59.639000+00:00,router_input_pkts_total,internal,1-112,1-112,184.0,1.257,146.38027048528244
2025-10-15T19:34:59.639000+00:00,router_input_pkts_total,physical_local,1-112,local,184.0,1.257,146.38027048528244
2025-10-15T19:34:59.639000+00:00,router_input_pkts_total,physical_remote,1-112,remote,178.0,1.257,141.60700079554496
2025-10-15T19:34:59.639000+00:00,router_output_bytes_total,->1,1-112,unknown,0.0,1.257,0.0
2025-10-15T19:34:59.639000+00:00,router_output_bytes_total,->2,1-112,unknown,0.0,1.257,0.0
2025-10-15T19:34:59.639000+00:00,router_output_bytes_total,->3,1-112,unknown,0.0,1.257,0.0
2025-10-15T19:34:59.639000+00:00,router_output_bytes_total,->4,1-112,unknown,0.0,1.257,0.0
2025-10-15T19:34:59.639000+00:00,router_output_bytes_total,->6,1-112,unknown,0.0,1.257,0.0
2025-10-15T19:34:59.639000+00:00,router_output_bytes_total,->7,1-112,unknown,0.0,1.257,0.0
2025-10-15T19:34:59.639000+00:00,router_output_bytes_total,5,1-112,1-113,176773.0,1.257,140630.86714399364
2025-10-15T19:34:59.639000+00:00,router_output_bytes_total,internal,1-112,1-112,22709.0,1.257,18066.03023070804
2025-10-15T19:34:59.639000+00:00,router_output_bytes_total,physical_local,1-112,local,22709.0,1.257,18066.03023070804
2025-10-15T19:34:59.639000+00:00,router_output_bytes_total,physical_remote,1-112,remote,176773.0,1.257,140630.86714399364
2025-10-15T19:34:59.639000+00:00,router_output_pkts_total,->1,1-112,unknown,0.0,1.257,0.0
2025-10-15T19:34:59.639000+00:00,router_output_pkts_total,->2,1-112,unknown,0.0,1.257,0.0
2025-10-15T19:34:59.639000+00:00,router_output_pkts_total,->3,1-112,unknown,0.0,1.257,0.0
2025-10-15T19:34:59.639000+00:00,router_output_pkts_total,->4,1-112,unknown,0.0,1.257,0.0
2025-10-15T19:34:59.639000+00:00,router_output_pkts_total,->6,1-112,unknown,0.0,1.257,0.0
2025-10-15T19:34:59.639000+00:00,router_output_pkts_total,->7,1-112,unknown,0.0,1.257,0.0
2025-10-15T19:34:59.639000+00:00,router_output_pkts_total,5,1-112,1-113,194.0,1.257,154.3357199681782
2025-10-15T19:34:59.639000+00:00,router_output_pkts_total,internal,1-112,1-112,169.0,1.257,134.44709626093876
2025-10-15T19:34:59.639000+00:00,router_output_pkts_total,physical_local,1-112,local,169.0,1.257,134.44709626093876
2025-10-15T19:34:59.639000+00:00,router_output_pkts_total,physical_remote,1-112,remote,194.0,1.257,154.3357199681782
2025-10-15T19:35:00.858000+00:00,router_dropped_pkts_total,->1,1-112,unknown,0.0,1.219,0.0
2025-10-15T19:35:00.858000+00:00,router_dropped_pkts_total,->2,1-112,unknown,0.0,1.219,0.0
2025-10-15T19:35:00.858000+00:00,router_dropped_pkts_total,->3,1-112,unknown,0.0,1.219,0.0
2025-10-15T19:35:00.858000+00:00,router_dropped_pkts_total,->4,1-112,unknown,0.0,1.219,0.0
2025-10-15T19:35:00.858000+00:00,router_dropped_pkts_total,->6,1-112,unknown,0.0,1.219,0.0
2025-10-15T19:35:00.858000+00:00,router_dropped_pkts_total,->7,1-112,unknown,0.0,1.219,0.0
2025-10-15T19:35:00.858000+00:00,router_dropped_pkts_total,5,1-112,1-113,0.0,1.219,0.0
2025-10-15T19:35:00.858000+00:00,router_dropped_pkts_total,internal,1-112,1-112,0.0,1.219,0.0
2025-10-15T19:35:00.858000+00:00,router_dropped_pkts_total,physical_local,1-112,local,0.0,1.219,0.0
2025-10-15T19:35:00.858000+00:00,router_dropped_pkts_total,physical_remote,1-112,remote,0.0,1.219,0.0
2025-10-15T19:35:00.858000+00:00,router_input_bytes_total,->1,1-112,unknown,0.0,1.219,0.0
2025-10-15T19:35:00.858000+00:00,router_input_bytes_total,->2,1-112,unknown,0.0,1.219,0.0
2025-10-15T19:35:00.858000+00:00,router_input_bytes_total,->3,1-112,unknown,0.0,1.219,0.0
2025-10-15T19:35:00.858000+00:00,router_input_bytes_total,->4,1-112,unknown,0.0,1.219,0.0
2025-10-15T19:35:00.858000+00:00,router_input_bytes_total,->6,1-112,unknown,0.0,1.219,0.0
2025-10-15T19:35:00.858000+00:00,router_input_bytes_total,->7,1-112,unknown,0.0,1.219,0.0
2025-10-15T19:35:00.858000+00:00,router_input_bytes_total,5,1-112,1-113,41512.0,1.219,34054.142739950774
2025-10-15T19:35:00.858000+00:00,router_input_bytes_total,internal,1-112,1-112,227297.0,1.219,186461.85397867102
2025-10-15T19:35:00.858000+00:00,router_input_bytes_total,physical_local,1-112,local,227297.0,1.219,186461.85397867102
2025-10-15T19:35:00.858000+00:00,router_input_bytes_total,physical_remote,1-112,remote,41512.0,1.219,34054.142739950774
2025-10-15T19:35:00.858000+00:00,router_input_pkts_total,->1,1-112,unknown,0.0,1.219,0.0
2025-10-15T19:35:00.858000+00:00,router_input_pkts_total,->2,1-112,unknown,0.0,1.219,0.0
2025-10-15T19:35:00.858000+00:00,router_input_pkts_total,->3,1-112,unknown,0.0,1.219,0.0
2025-10-15T19:35:00.858000+00:00,router_input_pkts_total,->4,1-112,unknown,0.0,1.219,0.0
2025-10-15T19:35:00.858000+00:00,router_input_pkts_total,->6,1-112,unknown,0.0,1.219,0.0
2025-10-15T19:35:00.858000+00:00,router_input_pkts_total,->7,1-112,unknown,0.0,1.219,0.0
2025-10-15T19:35:00.858000+00:00,router_input_pkts_total,5,1-112,1-113,258.0,1.219,211.64889253486461
2025-10-15T19:35:00.858000+00:00,router_input_pkts_total,internal,1-112,1-112,263.0,1.219,215.75061525840852
2025-10-15T19:35:00.858000+00:00,router_input_pkts_total,physical_local,1-112,local,263.0,1.219,215.75061525840852
2025-10-15T19:35:00.858000+00:00,router_input_pkts_total,physical_remote,1-112,remote,258.0,1.219,211.64889253486461
2025-10-15T19:35:00.858000+00:00,router_output_bytes_total,->1,1-112,unknown,0.0,1.219,0.0
2025-10-15T19:35:00.858000+00:00,router_output_bytes_total,->2,1-112,unknown,0.0,1.219,0.0
2025-10-15T19:35:00.858000+00:00,router_output_bytes_total,->3,1-112,unknown,0.0,1.219,0.0
2025-10-15T19:35:00.858000+00:00,router_output_bytes_total,->4,1-112,unknown,0.0,1.219,0.0
2025-10-15T19:35:00.858000+00:00,router_output_bytes_total,->6,1-112,unknown,0.0,1.219,0.0
2025-10-15T19:35:00.858000+00:00,router_output_bytes_total,->7,1-112,unknown,0.0,1.219,0.0
2025-10-15T19:35:00.858000+00:00,router_output_bytes_total,5,1-112,1-113,228305.0,1.219,187288.7612797375
2025-10-15T19:35:00.858000+00:00,router_output_bytes_total,internal,1-112,1-112,40540.0,1.219,33256.76784249384
2025-10-15T19:35:00.858000+00:00,router_output_bytes_total,physical_local,1-112,local,40540.0,1.219,33256.76784249384
2025-10-15T19:35:00.858000+00:00,router_output_bytes_total,physical_remote,1-112,remote,228305.0,1.219,187288.7612797375
2025-10-15T19:35:00.858000+00:00,router_output_pkts_total,->1,1-112,unknown,0.0,1.219,0.0
2025-10-15T19:35:00.858000+00:00,router_output_pkts_total,->2,1-112,unknown,0.0,1.219,0.0
2025-10-15T19:35:00.858000+00:00,router_output_pkts_total,->3,1-112,unknown,0.0,1.219,0.0
2025-10-15T19:35:00.858000+00:00,router_output_pkts_total,->4,1-112,unknown,0.0,1.219,0.0
2025-10-15T19:35:00.858000+00:00,router_output_pkts_total,->6,1-112,unknown,0.0,1.219,0.0
2025-10-15T19:35:00.858000+00:00,router_output_pkts_total,->7,1-112,unknown,0.0,1.219,0.0
2025-10-15T19:35:00.858000+00:00,router_output_pkts_total,5,1-112,1-113,272.0,1.219,223.13371616078751
2025-10-15T19:35:00.858000+00:00,router_output_pkts_total,internal,1-112,1-112,249.0,1.219,204.26579163248562
2025-10-15T19:35:00.858000+00:00,router_output_pkts_total,physical_local,1-112,local,249.0,1.219,204.26579163248562
2025-10-15T19:35:00.858000+00:00,router_output_pkts_total,physical_remote,1-112,remote,272.0,1.219,223.13371616078751
2025-10-15T19:35:02.171000+00:00,router_dropped_pkts_total,->1,1-112,unknown,0.0,1.313,0.0
2025-10-15T19:35:02.171000+00:00,router_dropped_pkts_total,->2,1-112,unknown,0.0,1.313,0.0
2025-10-15T19:35:02.171000+00:00,router_dropped_pkts_total,->3,1-112,unknown,0.0,1.313,0.0
2025-10-15T19:35:02.171000+00:00,router_dropped_pkts_total,->4,1-112,unknown,0.0,1.313,0.0
2025-10-15T19:35:02.171000+00:00,router_dropped_pkts_total,->6,1-112,unknown,0.0,1.313,0.0
2025-10-15T19:35:02.171000+00:00,router_dropped_pkts_total,->7,1-112,unknown,0.0,1.313,0.0
2025-10-15T19:35:02.171000+00:00,router_dropped_pkts_total,5,1-112,1-113,0.0,1.313,0.0
2025-10-15T19:35:02.171000+00:00,router_dropped_pkts_total,internal,1-112,1-112,0.0,1.313,0.0
2025-10-15T19:35:02.171000+00:00,router_dropped_pkts_total,physical_local,1-112,local,0.0,1.313,0.0
2025-10-15T19:35:02.171000+00:00,router_dropped_pkts_total,physical_remote,1-112,remote,0.0,1.313,0.0
2025-10-15T19:35:02.171000+00:00,router_input_bytes_total,->1,1-112,unknown,0.0,1.313,0.0
2025-10-15T19:35:02.171000+00:00,router_input_bytes_total,->2,1-112,unknown,0.0,1.313,0.0
2025-10-15T19:35:02.171000+00:00,router_input_bytes_total,->3,1-112,unknown,0.0,1.313,0.0
2025-10-15T19:35:02.171000+00:00,router_input_bytes_total,->4,1-112,unknown,0.0,1.313,0.0
2025-10-15T19:35:02.171000+00:00,router_input_bytes_total,->6,1-112,unknown,0.0,1.313,0.0
2025-10-15T19:35:02.171000+00:00,router_input_bytes_total,->7,1-112,unknown,0.0,1.313,0.0
2025-10-15T19:35:02.171000+00:00,router_input_bytes_total,5,1-112,1-113,29612.0,1.313,22552.932216298555
2025-10-15T19:35:02.171000+00:00,router_input_bytes_total,internal,1-112,1-112,224454.0,1.313,170947.44859101294
2025-10-15T19:35:02.171000+00:00,router_input_bytes_total,physical_local,1-112,local,224454.0,1.313,170947.44859101294
2025-10-15T19:35:02.171000+00:00,router_input_bytes_total,physical_remote,1-112,remote,29612.0,1.313,22552.932216298555
2025-10-15T19:35:02.171000+00:00,router_input_pkts_total,->1,1-112,unknown,0.0,1.313,0.0
2025-10-15T19:35:02.171000+00:00,router_input_pkts_total,->2,1-112,unknown,0.0,1.313,0.0
2025-10-15T19:35:02.171000+00:00,router_input_pkts_total,->3,1-112,unknown,0.0,1.313,0.0
2025-10-15T19:35:02.171000+00:00,router_input_pkts_total,->4,1-112,unknown,0.0,1.313,0.0
2025-10-15T19:35:02.171000+00:00,router_input_pkts_total,->6,1-112,unknown,0.0,1.313,0.0
2025-10-15T19:35:02.171000+00:00,router_input_pkts_total,->7,1-112,unknown,0.0,1.313,0.0
2025-10-15T19:35:02.171000+00:00,router_input_pkts_total,5,1-112,1-113,252.0,1.313,191.92688499619194
2025-10-15T19:35:02.171000+00:00,router_input_pkts_total,internal,1-112,1-112,259.0,1.313,197.25818735719727
2025-10-15T19:35:02.171000+00:00,router_input_pkts_total,physical_local,1-112,local,259.0,1.313,197.25818735719727
2025-10-15T19:35:02.171000+00:00,router_input_pkts_total,physical_remote,1-112,remote,252.0,1.313,191.92688499619194
2025-10-15T19:35:02.171000+00:00,router_output_bytes_total,->1,1-112,unknown,0.0,1.313,0.0
2025-10-15T19:35:02.171000+00:00,router_output_bytes_total,->2,1-112,unknown,0.0,1.313,0.0
2025-10-15T19:35:02.171000+00:00,router_output_bytes_total,->3,1-112,unknown,0.0,1.313,0.0
2025-10-15T19:35:02.171000+00:00,router_output_bytes_total,->4,1-112,unknown,0.0,1.313,0.0
2025-10-15T19:35:02.171000+00:00,router_output_bytes_total,->6,1-112,unknown,0.0,1.313,0.0
2025-10-15T19:35:02.171000+00:00,router_output_bytes_total,->7,1-112,unknown,0.0,1.313,0.0
2025-10-15T19:35:02.171000+00:00,router_output_bytes_total,5,1-112,1-113,226470.0,1.313,172482.86367098248
2025-10-15T19:35:02.171000+00:00,router_output_bytes_total,internal,1-112,1-112,27668.0,1.313,21072.353389185075
2025-10-15T19:35:02.171000+00:00,router_output_bytes_total,physical_local,1-112,local,27668.0,1.313,21072.353389185075
2025-10-15T19:35:02.171000+00:00,router_output_bytes_total,physical_remote,1-112,remote,226470.0,1.313,172482.86367098248
2025-10-15T19:35:02.171000+00:00,router_output_pkts_total,->1,1-112,unknown,0.0,1.313,0.0
2025-10-15T19:35:02.171000+00:00,router_output_pkts_total,->2,1-112,unknown,0.0,1.313,0.0
2025-10-15T19:35:02.171000+00:00,router_output_pkts_total,->3,1-112,unknown,0.0,1.313,0.0
2025-10-15T19:35:02.171000+00:00,router_output_pkts_total,->4,1-112,unknown,0.0,1.313,0.0
2025-10-15T19:35:02.171000+00:00,router_output_pkts_total,->6,1-112,unknown,0.0,1.313,0.0
2025-10-15T19:35:02.171000+00:00,router_output_pkts_total,->7,1-112,unknown,0.0,1.313,0.0
2025-10-15T19:35:02.171000+00:00,router_output_pkts_total,5,1-112,1-113,277.0,1.313,210.96725057121097
2025-10-15T19:35:02.171000+00:00,router_output_pkts_total,internal,1-112,1-112,234.0,1.313,178.21782178217822
2025-10-15T19:35:02.171000+00:00,router_output_pkts_total,physical_local,1-112,local,234.0,1.313,178.21782178217822
2025-10-15T19:35:02.171000+00:00,router_output_pkts_total,physical_remote,1-112,remote,277.0,1.313,210.96725057121097
2025-10-15T19:35:03.372000+00:00,router_dropped_pkts_total,->1,1-112,unknown,0.0,1.201,0.0
2025-10-15T19:35:03.372000+00:00,router_dropped_pkts_total,->2,1-112,unknown,0.0,1.201,0.0
2025-10-15T19:35:03.372000+00:00,router_dropped_pkts_total,->3,1-112,unknown,0.0,1.201,0.0
2025-10-15T19:35:03.372000+00:00,router_dropped_pkts_total,->4,1-112,unknown,0.0,1.201,0.0
2025-10-15T19:35:03.372000+00:00,router_dropped_pkts_total,->6,1-112,unknown,0.0,1.201,0.0
2025-10-15T19:35:03.372000+00:00,router_dropped_pkts_total,->7,1-112,unknown,0.0,1.201,0.0
2025-10-15T19:35:03.372000+00:00,router_dropped_pkts_total,5,1-112,1-113,0.0,1.201,0.0
2025-10-15T19:35:03.372000+00:00,router_dropped_pkts_total,internal,1-112,1-112,0.0,1.201,0.0
2025-10-15T19:35:03.372000+00:00,router_dropped_pkts_total,physical_local,1-112,local,0.0,1.201,0.0
2025-10-15T19:35:03.372000+00:00,router_dropped_pkts_total,physical_remote,1-112,remote,0.0,1.201,0.0
2025-10-15T19:35:03.372000+00:00,router_input_bytes_total,->1,1-112,unknown,0.0,1.201,0.0
2025-10-15T19:35:03.372000+00:00,router_input_bytes_total,->2,1-112,unknown,0.0,1.201,0.0
2025-10-15T19:35:03.372000+00:00,router_input_bytes_total,->3,1-112,unknown,0.0,1.201,0.0
2025-10-15T19:35:03.372000+00:00,router_input_bytes_total,->4,1-112,unknown,0.0,1.201,0.0
2025-10-15T19:35:03.372000+00:00,router_input_bytes_total,->6,1-112,unknown,0.0,1.201,0.0
2025-10-15T19:35:03.372000+00:00,router_input_bytes_total,->7,1-112,unknown,0.0,1.201,0.0
2025-10-15T19:35:03.372000+00:00,router_input_bytes_total,5,1-112,1-113,34619.0,1.201,28825.14571190674
2025-10-15T19:35:03.372000+00:00,router_input_bytes_total,internal,1-112,1-112,233651.0,1.201,194547.04412989176
2025-10-15T19:35:03.372000+00:00,router_input_bytes_total,physical_local,1-112,local,233651.0,1.201,194547.04412989176
2025-10-15T19:35:03.372000+00:00,router_input_bytes_total,physical_remote,1-112,remote,34619.0,1.201,28825.14571190674
2025-10-15T19:35:03.372000+00:00,router_input_pkts_total,->1,1-112,unknown,0.0,1.201,0.0
2025-10-15T19:35:03.372000+00:00,router_input_pkts_total,->2,1-112,unknown,0.0,1.201,0.0
2025-10-15T19:35:03.372000+00:00,router_input_pkts_total,->3,1-112,unknown,0.0,1.201,0.0
2025-10-15T19:35:03.372000+00:00,router_input_pkts_total,->4,1-112,unknown,0.0,1.201,0.0
2025-10-15T19:35:03.372000+00:00,router_input_pkts_total,->6,1-112,unknown,0.0,1.201,0.0
2025-10-15T19:35:03.372000+00:00,router_input_pkts_total,->7,1-112,unknown,0.0,1.201,0.0
2025-10-15T19:35:03.372000+00:00,router_input_pkts_total,5,1-112,1-113,259.0,1.201,215.6536219816819
2025-10-15T19:35:03.372000+00:00,router_input_pkts_total,internal,1-112,1-112,275.0,1.201,228.97585345545377
2025-10-15T19:35:03.372000+00:00,router_input_pkts_total,physical_local,1-112,local,275.0,1.201,228.97585345545377
2025-10-15T19:35:03.372000+00:00,router_input_pkts_total,physical_remote,1-112,remote,259.0,1.201,215.6536219816819
2025-10-15T19:35:03.372000+00:00,router_output_bytes_total,->1,1-112,unknown,0.0,1.201,0.0
2025-10-15T19:35:03.372000+00:00,router_output_bytes_total,->2,1-112,unknown,0.0,1.201,0.0
2025-10-15T19:35:03.372000+00:00,router_output_bytes_total,->3,1-112,unknown,0.0,1.201,0.0
2025-10-15T19:35:03.372000+00:00,router_output_bytes_total,->4,1-112,unknown,0.0,1.201,0.0
2025-10-15T19:35:03.372000+00:00,router_output_bytes_total,->6,1-112,unknown,0.0,1.201,0.0
2025-10-15T19:35:03.372000+00:00,router_output_bytes_total,->7,1-112,unknown,0.0,1.201,0.0
2025-10-15T19:35:03.372000+00:00,router_output_bytes_total,5,1-112,1-113,234995.0,1.201,195666.11157368857
2025-10-15T19:35:03.372000+00:00,router_output_bytes_total,internal,1-112,1-112,33323.0,1.201,27746.04496253122
2025-10-15T19:35:03.372000+00:00,router_output_bytes_total,physical_local,1-112,local,33323.0,1.201,27746.04496253122
2025-10-15T19:35:03.372000+00:00,router_output_bytes_total,physical_remote,1-112,remote,234995.0,1.201,195666.11157368857
2025-10-15T19:35:03.372000+00:00,router_output_pkts_total,->1,1-112,unknown,0.0,1.201,0.0
2025-10-15T19:35:03.372000+00:00,router_output_pkts_total,->2,1-112,unknown,0.0,1.201,0.0
2025-10-15T19:35:03.372000+00:00,router_output_pkts_total,->3,1-112,unknown,0.0,1.201,0.0
2025-10-15T19:35:03.372000+00:00,router_output_pkts_total,->4,1-112,unknown,0.0,1.201,0.0
2025-10-15T19:35:03.372000+00:00,router_output_pkts_total,->6,1-112,unknown,0.0,1.201,0.0
2025-10-15T19:35:03.372000+00:00,router_output_pkts_total,->7,1-112,unknown,0.0,1.201,0.0
2025-10-15T19:35:03.372000+00:00,router_output_pkts_total,5,1-112,1-113,287.0,1.201,238.96752706078266
2025-10-15T19:35:03.372000+00:00,router_output_pkts_total,internal,1-112,1-112,247.0,1.201,205.66194837635302
2025-10-15T19:35:03.372000+00:00,router_output_pkts_total,physical_local,1-112,local,247.0,1.201,205.66194837635302
2025-10-15T19:35:03.372000+00:00,router_output_pkts_total,physical_remote,1-112,remote,287.0,1.201,238.96752706078266
2025-10-15T19:35:04.628000+00:00,router_dropped_pkts_total,->1,1-112,unknown,0.0,1.256,0.0
2025-10-15T19:35:04.628000+00:00,router_dropped_pkts_total,->2,1-112,unknown,0.0,1.256,0.0
2025-10-15T19:35:04.628000+00:00,router_dropped_pkts_total,->3,1-112,unknown,0.0,1.256,0.0
2025-10-15T19:35:04.628000+00:00,router_dropped_pkts_total,->4,1-112,unknown,0.0,1.256,0.0
2025-10-15T19:35:04.628000+00:00,router_dropped_pkts_total,->6,1-112,unknown,0.0,1.256,0.0
2025-10-15T19:35:04.628000+00:00,router_dropped_pkts_total,->7,1-112,unknown,0.0,1.256,0.0
2025-10-15T19:35:04.628000+00:00,router_dropped_pkts_total,5,1-112,1-113,0.0,1.256,0.0
2025-10-15T19:35:04.628000+00:00,router_dropped_pkts_total,internal,1-112,1-112,0.0,1.256,0.0
2025-10-15T19:35:04.628000+00:00,router_dropped_pkts_total,physical_local,1-112,local,0.0,1.256,0.0
2025-10-15T19:35:04.628000+00:00,router_dropped_pkts_total,physical_remote,1-112,remote,0.0,1.256,0.0
2025-10-15T19:35:04.628000+00:00,router_input_bytes_total,->1,1-112,unknown,0.0,1.256,0.0
2025-10-15T19:35:04.628000+00:00,router_input_bytes_total,->2,1-112,unknown,0.0,1.256,0.0
2025-10-15T19:35:04.628000+00:00,router_input_bytes_total,->3,1-112,unknown,0.0,1.256,0.0
2025-10-15T19:35:04.628000+00:00,router_input_bytes_total,->4,1-112,unknown,0.0,1.256,0.0
2025-10-15T19:35:04.628000+00:00,router_input_bytes_total,->6,1-112,unknown,0.0,1.256,0.0
2025-10-15T19:35:04.628000+00:00,router_input_bytes_total,->7,1-112,unknown,0.0,1.256,0.0
2025-10-15T19:35:04.628000+00:00,router_input_bytes_total,5,1-112,1-113,25665.0,1.256,20433.91719745223
2025-10-15T19:35:04.628000+00:00,router_input_bytes_total,internal,1-112,1-112,214404.0,1.256,170703.82165605095
2025-10-15T19:35:04.628000+00:00,router_input_bytes_total,physical_local,1-112,local,214404.0,1.256,170703.82165605095
2025-10-15T19:35:04.628000+00:00,router_input_bytes_total,physical_remote,1-112,remote,25665.0,1.256,20433.91719745223
2025-10-15T19:35:04.628000+00:00,router_input_pkts_total,->1,1-112,unknown,0.0,1.256,0.0
2025-10-15T19:35:04.628000+00:00,router_input_pkts_total,->2,1-112,unknown,0.0,1.256,0.0
2025-10-15T19:35:04.628000+00:00,router_input_pkts_total,->3,1-112,unknown,0.0,1.256,0.0
2025-10-15T19:35:04.628000+00:00,router_input_pkts_total,->4,1-112,unknown,0.0,1.256,0.0
2025-10-15T19:35:04.628000+00:00,router_input_pkts_total,->6,1-112,unknown,0.0,1.256,0.0
2025-10-15T19:35:04.628000+00:00,router_input_pkts_total,->7,1-112,unknown,0.0,1.256,0.0
2025-10-15T19:35:04.628000+00:00,router_input_pkts_total,5,1-112,1-113,218.0,1.256,173.56687898089172
2025-10-15T19:35:04.628000+00:00,router_input_pkts_total,internal,1-112,1-112,224.0,1.256,178.343949044586
2025-10-15T19:35:04.628000+00:00,router_input_pkts_total,physical_local,1-112,local,224.0,1.256,178.343949044586
2025-10-15T19:35:04.628000+00:00,router_input_pkts_total,physical_remote,1-112,remote,218.0,1.256,173.56687898089172
2025-10-15T19:35:04.628000+00:00,router_output_bytes_total,->1,1-112,unknown,0.0,1.256,0.0
2025-10-15T19:35:04.628000+00:00,router_output_bytes_total,->2,1-112,unknown,0.0,1.256,0.0
2025-10-15T19:35:04.628000+00:00,router_output_bytes_total,->3,1-112,unknown,0.0,1.256,0.0
2025-10-15T19:35:04.628000+00:00,router_output_bytes_total,->4,1-112,unknown,0.0,1.256,0.0
2025-10-15T19:35:04.628000+00:00,router_output_bytes_total,->6,1-112,unknown,0.0,1.256,0.0
2025-10-15T19:35:04.628000+00:00,router_output_bytes_total,->7,1-112,unknown,0.0,1.256,0.0
2025-10-15T19:35:04.628000+00:00,router_output_bytes_total,5,1-112,1-113,215748.0,1.256,171773.88535031848
2025-10-15T19:35:04.628000+00:00,router_output_bytes_total,internal,1-112,1-112,24369.0,1.256,19402.070063694267
2025-10-15T19:35:04.628000+00:00,router_output_bytes_total,physical_local,1-112,local,24369.0,1.256,19402.070063694267
2025-10-15T19:35:04.628000+00:00,router_output_bytes_total,physical_remote,1-112,remote,215748.0,1.256,171773.88535031848
2025-10-15T19:35:04.628000+00:00,router_output_pkts_total,->1,1-112,unknown,0.0,1.256,0.0
2025-10-15T19:35:04.628000+00:00,router_output_pkts_total,->2,1-112,unknown,0.0,1.256,0.0
2025-10-15T19:35:04.628000+00:00,router_output_pkts_total,->3,1-112,unknown,0.0,1.256,0.0
2025-10-15T19:35:04.628000+00:00,router_output_pkts_total,->4,1-112,unknown,0.0,1.256,0.0
2025-10-15T19:35:04.628000+00:00,router_output_pkts_total,->6,1-112,unknown,0.0,1.256,0.0
2025-10-15T19:35:04.628000+00:00,router_output_pkts_total,->7,1-112,unknown,0.0,1.256,0.0
2025-10-15T19:35:04.628000+00:00,router_output_pkts_total,5,1-112,1-113,236.0,1.256,187.89808917197453
2025-10-15T19:35:04.628000+00:00,router_output_pkts_total,internal,1-112,1-112,206.0,1.256,164.01273885350318
2025-10-15T19:35:04.628000+00:00,router_output_pkts_total,physical_local,1-112,local,206.0,1.256,164.01273885350318
2025-10-15T19:35:04.628000+00:00,router_output_pkts_total,physical_remote,1-112,remote,236.0,1.256,187.89808917197453
2025-10-15T19:35:05.958000+00:00,router_dropped_pkts_total,->1,1-112,unknown,0.0,1.33,0.0
2025-10-15T19:35:05.958000+00:00,router_dropped_pkts_total,->2,1-112,unknown,0.0,1.33,0.0
2025-10-15T19:35:05.958000+00:00,router_dropped_pkts_total,->3,1-112,unknown,0.0,1.33,0.0
2025-10-15T19:35:05.958000+00:00,router_dropped_pkts_total,->4,1-112,unknown,0.0,1.33,0.0
2025-10-15T19:35:05.958000+00:00,router_dropped_pkts_total,->6,1-112,unknown,0.0,1.33,0.0
2025-10-15T19:35:05.958000+00:00,router_dropped_pkts_total,->7,1-112,unknown,0.0,1.33,0.0
2025-10-15T19:35:05.958000+00:00,router_dropped_pkts_total,5,1-112,1-113,0.0,1.33,0.0
2025-10-15T19:35:05.958000+00:00,router_dropped_pkts_total,internal,1-112,1-112,0.0,1.33,0.0
2025-10-15T19:35:05.958000+00:00,router_dropped_pkts_total,physical_local,1-112,local,0.0,1.33,0.0
2025-10-15T19:35:05.958000+00:00,router_dropped_pkts_total,physical_remote,1-112,remote,0.0,1.33,0.0
2025-10-15T19:35:05.958000+00:00,router_input_bytes_total,->1,1-112,unknown,0.0,1.33,0.0
2025-10-15T19:35:05.958000+00:00,router_input_bytes_total,->2,1-112,unknown,0.0,1.33,0.0
2025-10-15T19:35:05.958000+00:00,router_input_bytes_total,->3,1-112,unknown,0.0,1.33,0.0
2025-10-15T19:35:05.958000+00:00,router_input_bytes_total,->4,1-112,unknown,0.0,1.33,0.0
2025-10-15T19:35:05.958000+00:00,router_input_bytes_total,->6,1-112,unknown,0.0,1.33,0.0
2025-10-15T19:35:05.958000+00:00,router_input_bytes_total,->7,1-112,unknown,0.0,1.33,0.0
2025-10-15T19:35:05.958000+00:00,router_input_bytes_total,5,1-112,1-113,50320.0,1.33,37834.58646616541
2025-10-15T19:35:05.958000+00:00,router_input_bytes_total,internal,1-112,1-112,280608.0,1.33,210983.45864661652
2025-10-15T19:35:05.958000+00:00,router_input_bytes_total,physical_local,1-112,local,280608.0,1.33,210983.45864661652
2025-10-15T19:35:05.958000+00:00,router_input_bytes_total,physical_remote,1-112,remote,50320.0,1.33,37834.58646616541
2025-10-15T19:35:05.958000+00:00,router_input_pkts_total,->1,1-112,unknown,0.0,1.33,0.0
2025-10-15T19:35:05.958000+00:00,router_input_pkts_total,->2,1-112,unknown,0.0,1.33,0.0
2025-10-15T19:35:05.958000+00:00,router_input_pkts_total,->3,1-112,unknown,0.0,1.33,0.0
2025-10-15T19:35:05.958000+00:00,router_input_pkts_total,->4,1-112,unknown,0.0,1.33,0.0
2025-10-15T19:35:05.958000+00:00,router_input_pkts_total,->6,1-112,unknown,0.0,1.33,0.0
2025-10-15T19:35:05.958000+00:00,router_input_pkts_total,->7,1-112,unknown,0.0,1.33,0.0
2025-10-15T19:35:05.958000+00:00,router_input_pkts_total,5,1-112,1-113,319.0,1.33,239.84962406015038
2025-10-15T19:35:05.958000+00:00,router_input_pkts_total,internal,1-112,1-112,328.0,1.33,246.61654135338344
2025-10-15T19:35:05.958000+00:00,router_input_pkts_total,physical_local,1-112,local,328.0,1.33,246.61654135338344
2025-10-15T19:35:05.958000+00:00,router_input_pkts_total,physical_remote,1-112,remote,319.0,1.33,239.84962406015038
2025-10-15T19:35:05.958000+00:00,router_output_bytes_total,->1,1-112,unknown,0.0,1.33,0.0
2025-10-15T19:35:05.958000+00:00,router_output_bytes_total,->2,1-112,unknown,0.0,1.33,0.0
2025-10-15T19:35:05.958000+00:00,router_output_bytes_total,->3,1-112,unknown,0.0,1.33,0.0
2025-10-15T19:35:05.958000+00:00,router_output_bytes_total,->4,1-112,unknown,0.0,1.33,0.0
2025-10-15T19:35:05.958000+00:00,router_output_bytes_total,->6,1-112,unknown,0.0,1.33,0.0
2025-10-15T19:35:05.958000+00:00,router_output_bytes_total,->7,1-112,unknown,0.0,1.33,0.0
2025-10-15T19:35:05.958000+00:00,router_output_bytes_total,5,1-112,1-113,281952.0,1.33,211993.98496240602
2025-10-15T19:35:05.958000+00:00,router_output_bytes_total,internal,1-112,1-112,49024.0,1.33,36860.15037593985
2025-10-15T19:35:05.958000+00:00,router_output_bytes_total,physical_local,1-112,local,49024.0,1.33,36860.15037593985
2025-10-15T19:35:05.958000+00:00,router_output_bytes_total,physical_remote,1-112,remote,281952.0,1.33,211993.98496240602
2025-10-15T19:35:05.958000+00:00,router_output_pkts_total,->1,1-112,unknown,0.0,1.33,0.0
2025-10-15T19:35:05.958000+00:00,router_output_pkts_total,->2,1-112,unknown,0.0,1.33,0.0
2025-10-15T19:35:05.958000+00:00,router_output_pkts_total,->3,1-112,unknown,0.0,1.33,0.0
2025-10-15T19:35:05.958000+00:00,router_output_pkts_total,->4,1-112,unknown,0.0,1.33,0.0
2025-10-15T19:35:05.958000+00:00,router_output_pkts_total,->6,1-112,unknown,0.0,1.33,0.0
2025-10-15T19:35:05.958000+00:00,router_output_pkts_total,->7,1-112,unknown,0.0,1.33,0.0
2025-10-15T19:35:05.958000+00:00,router_output_pkts_total,5,1-112,1-113,340.0,1.33,255.6390977443609
2025-10-15T19:35:05.958000+00:00,router_output_pkts_total,internal,1-112,1-112,307.0,1.33,230.82706766917292
2025-10-15T19:35:05.958000+00:00,router_output_pkts_total,physical_local,1-112,local,307.0,1.33,230.82706766917292
2025-10-15T19:35:05.958000+00:00,router_output_pkts_total,physical_remote,1-112,remote,340.0,1.33,255.6390977443609
2025-10-15T19:35:07.311000+00:00,router_dropped_pkts_total,->1,1-112,unknown,0.0,1.353,0.0
2025-10-15T19:35:07.311000+00:00,router_dropped_pkts_total,->2,1-112,unknown,0.0,1.353,0.0
2025-10-15T19:35:07.311000+00:00,router_dropped_pkts_total,->3,1-112,unknown,0.0,1.353,0.0
2025-10-15T19:35:07.311000+00:00,router_dropped_pkts_total,->4,1-112,unknown,0.0,1.353,0.0
2025-10-15T19:35:07.311000+00:00,router_dropped_pkts_total,->6,1-112,unknown,0.0,1.353,0.0
2025-10-15T19:35:07.311000+00:00,router_dropped_pkts_total,->7,1-112,unknown,0.0,1.353,0.0
2025-10-15T19:35:07.311000+00:00,router_dropped_pkts_total,5,1-112,1-113,0.0,1.353,0.0
2025-10-15T19:35:07.311000+00:00,router_dropped_pkts_total,internal,1-112,1-112,0.0,1.353,0.0
2025-10-15T19:35:07.311000+00:00,router_dropped_pkts_total,physical_local,1-112,local,0.0,1.353,0.0
2025-10-15T19:35:07.311000+00:00,router_dropped_pkts_total,physical_remote,1-112,remote,0.0,1.353,0.0
2025-10-15T19:35:07.311000+00:00,router_input_bytes_total,->1,1-112,unknown,0.0,1.353,0.0
2025-10-15T19:35:07.311000+00:00,router_input_bytes_total,->2,1-112,unknown,0.0,1.353,0.0
2025-10-15T19:35:07.311000+00:00,router_input_bytes_total,->3,1-112,unknown,0.0,1.353,0.0
2025-10-15T19:35:07.311000+00:00,router_input_bytes_total,->4,1-112,unknown,0.0,1.353,0.0
2025-10-15T19:35:07.311000+00:00,router_input_bytes_total,->6,1-112,unknown,0.0,1.353,0.0
2025-10-15T19:35:07.311000+00:00,router_input_bytes_total,->7,1-112,unknown,0.0,1.353,0.0
2025-10-15T19:35:07.311000+00:00,router_input_bytes_total,5,1-112,1-113,38845.0,1.353,28710.27346637103
2025-10-15T19:35:07.311000+00:00,router_input_bytes_total,internal,1-112,1-112,295757.0,1.353,218593.49593495936
2025-10-15T19:35:07.311000+00:00,router_input_bytes_total,physical_local,1-112,local,295757.0,1.353,218593.49593495936
2025-10-15T19:35:07.311000+00:00,router_input_bytes_total,physical_remote,1-112,remote,38845.0,1.353,28710.27346637103
2025-10-15T19:35:07.311000+00:00,router_input_pkts_total,->1,1-112,unknown,0.0,1.353,0.0
2025-10-15T19:35:07.311000+00:00,router_input_pkts_total,->2,1-112,unknown,0.0,1.353,0.0
2025-10-15T19:35:07.311000+00:00,router_input_pkts_total,->3,1-112,unknown,0.0,1.353,0.0
2025-10-15T19:35:07.311000+00:00,router_input_pkts_total,->4,1-112,unknown,0.0,1.353,0.0
2025-10-15T19:35:07.311000+00:00,router_input_pkts_total,->6,1-112,unknown,0.0,1.353,0.0
2025-10-15T19:35:07.311000+00:00,router_input_pkts_total,->7,1-112,unknown,0.0,1.353,0.0
2025-10-15T19:35:07.311000+00:00,router_input_pkts_total,5,1-112,1-113,331.0,1.353,244.64153732446417
2025-10-15T19:35:07.311000+00:00,router_input_pkts_total,internal,1-112,1-112,338.0,1.353,249.81522542498152
2025-10-15T19:35:07.311000+00:00,router_input_pkts_total,physical_local,1-112,local,338.0,1.353,249.81522542498152
2025-10-15T19:35:07.311000+00:00,router_input_pkts_total,physical_remote,1-112,remote,331.0,1.353,244.64153732446417
2025-10-15T19:35:07.311000+00:00,router_output_bytes_total,->1,1-112,unknown,0.0,1.353,0.0
2025-10-15T19:35:07.311000+00:00,router_output_bytes_total,->2,1-112,unknown,0.0,1.353,0.0
2025-10-15T19:35:07.311000+00:00,router_output_bytes_total,->3,1-112,unknown,0.0,1.353,0.0
2025-10-15T19:35:07.311000+00:00,router_output_bytes_total,->4,1-112,unknown,0.0,1.353,0.0
2025-10-15T19:35:07.311000+00:00,router_output_bytes_total,->6,1-112,unknown,0.0,1.353,0.0
2025-10-15T19:35:07.311000+00:00,router_output_bytes_total,->7,1-112,unknown,0.0,1.353,0.0
2025-10-15T19:35:07.311000+00:00,router_output_bytes_total,5,1-112,1-113,298445.0,1.353,220580.19216555802
2025-10-15T19:35:07.311000+00:00,router_output_bytes_total,internal,1-112,1-112,36371.0,1.353,26881.744271988176
2025-10-15T19:35:07.311000+00:00,router_output_bytes_total,physical_local,1-112,local,36371.0,1.353,26881.744271988176
2025-10-15T19:35:07.311000+00:00,router_output_bytes_total,physical_remote,1-112,remote,298445.0,1.353,220580.19216555802
2025-10-15T19:35:07.311000+00:00,router_output_pkts_total,->1,1-112,unknown,0.0,1.353,0.0
2025-10-15T19:35:07.311000+00:00,router_output_pkts_total,->2,1-112,unknown,0.0,1.353,0.0
2025-10-15T19:35:07.311000+00:00,router_output_pkts_total,->3,1-112,unknown,0.0,1.353,0.0
2025-10-15T19:35:07.311000+00:00,router_output_pkts_total,->4,1-112,unknown,0.0,1.353,0.0
2025-10-15T19:35:07.311000+00:00,router_output_pkts_total,->6,1-112,unknown,0.0,1.353,0.0
2025-10-15T19:35:07.311000+00:00,router_output_pkts_total,->7,1-112,unknown,0.0,1.353,0.0
2025-10-15T19:35:07.311000+00:00,router_output_pkts_total,5,1-112,1-113,362.0,1.353,267.55358462675537
2025-10-15T19:35:07.311000+00:00,router_output_pkts_total,internal,1-112,1-112,308.0,1.353,227.64227642276424
2025-10-15T19:35:07.311000+00:00,router_output_pkts_total,physical_local,1-112,local,308.0,1.353,227.64227642276424
2025-10-15T19:35:07.311000+00:00,router_output_pkts_total,physical_remote,1-112,remote,362.0,1.353,267.55358462675537
2025-10-15T19:35:08.603000+00:00,router_dropped_pkts_total,->1,1-112,unknown,0.0,1.292,0.0
2025-10-15T19:35:08.603000+00:00,router_dropped_pkts_total,->2,1-112,unknown,0.0,1.292,0.0
2025-10-15T19:35:08.603000+00:00,router_dropped_pkts_total,->3,1-112,unknown,0.0,1.292,0.0
2025-10-15T19:35:08.603000+00:00,router_dropped_pkts_total,->4,1-112,unknown,0.0,1.292,0.0
2025-10-15T19:35:08.603000+00:00,router_dropped_pkts_total,->6,1-112,unknown,0.0,1.292,0.0
2025-10-15T19:35:08.603000+00:00,router_dropped_pkts_total,->7,1-112,unknown,0.0,1.292,0.0
2025-10-15T19:35:08.603000+00:00,router_dropped_pkts_total,5,1-112,1-113,0.0,1.292,0.0
2025-10-15T19:35:08.603000+00:00,router_dropped_pkts_total,internal,1-112,1-112,0.0,1.292,0.0
2025-10-15T19:35:08.603000+00:00,router_dropped_pkts_total,physical_local,1-112,local,0.0,1.292,0.0
2025-10-15T19:35:08.603000+00:00,router_dropped_pkts_total,physical_remote,1-112,remote,0.0,1.292,0.0
2025-10-15T19:35:08.603000+00:00,router_input_bytes_total,->1,1-112,unknown,0.0,1.292,0.0
2025-10-15T19:35:08.603000+00:00,router_input_bytes_total,->2,1-112,unknown,0.0,1.292,0.0
2025-10-15T19:35:08.603000+00:00,router_input_bytes_total,->3,1-112,unknown,0.0,1.292,0.0
2025-10-15T19:35:08.603000+00:00,router_input_bytes_total,->4,1-112,unknown,0.0,1.292,0.0
2025-10-15T19:35:08.603000+00:00,router_input_bytes_total,->6,1-112,unknown,0.0,1.292,0.0
2025-10-15T19:35:08.603000+00:00,router_input_bytes_total,->7,1-112,unknown,0.0,1.292,0.0
2025-10-15T19:35:08.603000+00:00,router_input_bytes_total,5,1-112,1-113,42310.0,1.292,32747.67801857585
2025-10-15T19:35:08.603000+00:00,router_input_bytes_total,internal,1-112,1-112,292802.0,1.292,226626.9349845201
2025-10-15T19:35:08.603000+00:00,router_input_bytes_total,physical_local,1-112,local,292802.0,1.292,226626.9349845201
2025-10-15T19:35:08.603000+00:00,router_input_bytes_total,physical_remote,1-112,remote,42310.0,1.292,32747.67801857585
2025-10-15T19:35:08.603000+00:00,router_input_pkts_total,->1,1-112,unknown,0.0,1.292,0.0
2025-10-15T19:35:08.603000+00:00,router_input_pkts_total,->2,1-112,unknown,0.0,1.292,0.0
2025-10-15T19:35:08.603000+00:00,router_input_pkts_total,->3,1-112,unknown,0.0,1.292,0.0
2025-10-15T19:35:08.603000+00:00,router_input_pkts_total,->4,1-112,unknown,0.0,1.292,0.0
2025-10-15T19:35:08.603000+00:00,router_input_pkts_total,->6,1-112,unknown,0.0,1.292,0.0
2025-10-15T19:35:08.603000+00:00,router_input_pkts_total,->7,1-112,unknown,0.0,1.292,0.0
2025-10-15T19:35:08.603000+00:00,router_input_pkts_total,5,1-112,1-113,324.0,1.292,250.77399380804954
2025-10-15T19:35:08.603000+00:00,router_input_pkts_total,internal,1-112,1-112,344.0,1.292,266.25386996904024
2025-10-15T19:35:08.603000+00:00,router_input_pkts_total,physical_local,1-112,local,344.0,1.292,266.25386996904024
2025-10-15T19:35:08.603000+00:00,router_input_pkts_total,physical_remote,1-112,remote,324.0,1.292,250.77399380804954
2025-10-15T19:35:08.603000+00:00,router_output_bytes_total,->1,1-112,unknown,0.0,1.292,0.0
2025-10-15T19:35:08.603000+00:00,router_output_bytes_total,->2,1-112,unknown,0.0,1.292,0.0
2025-10-15T19:35:08.603000+00:00,router_output_bytes_total,->3,1-112,unknown,0.0,1.292,0.0
2025-10-15T19:35:08.603000+00:00,router_output_bytes_total,->4,1-112,unknown,0.0,1.292,0.0
2025-10-15T19:35:08.603000+00:00,router_output_bytes_total,->6,1-112,unknown,0.0,1.292,0.0
2025-10-15T19:35:08.603000+00:00,router_output_bytes_total,->7,1-112,unknown,0.0,1.292,0.0
2025-10-15T19:35:08.603000+00:00,router_output_bytes_total,5,1-112,1-113,294146.0,1.292,227667.1826625387
2025-10-15T19:35:08.603000+00:00,router_output_bytes_total,internal,1-112,1-112,40896.0,1.292,31653.25077399381
2025-10-15T19:35:08.603000+00:00,router_output_bytes_total,physical_local,1-112,local,40896.0,1.292,31653.25077399381
2025-10-15T19:35:08.603000+00:00,router_output_bytes_total,physical_remote,1-112,remote,294146.0,1.292,227667.1826625387
2025-10-15T19:35:08.603000+00:00,router_output_pkts_total,->1,1-112,unknown,0.0,1.292,0.0
2025-10-15T19:35:08.603000+00:00,router_output_pkts_total,->2,1-112,unknown,0.0,1.292,0.0
2025-10-15T19:35:08.603000+00:00,router_output_pkts_total,->3,1-112,unknown,0.0,1.292,0.0
2025-10-15T19:35:08.603000+00:00,router_output_pkts_total,->4,1-112,unknown,0.0,1.292,0.0
2025-10-15T19:35:08.603000+00:00,router_output_pkts_total,->6,1-112,unknown,0.0,1.292,0.0
2025-10-15T19:35:08.603000+00:00,router_output_pkts_total,->7,1-112,unknown,0.0,1.292,0.0
2025-10-15T19:35:08.603000+00:00,router_output_pkts_total,5,1-112,1-113,356.0,1.292,275.54179566563465
2025-10-15T19:35:08.603000+00:00,router_output_pkts_total,internal,1-112,1-112,311.0,1.292,240.71207430340556
2025-10-15T19:35:08.603000+00:00,router_output_pkts_total,physical_local,1-112,local,311.0,1.292,240.71207430340556
2025-10-15T19:35:08.603000+00:00,router_output_pkts_total,physical_remote,1-112,remote,356.0,1.292,275.54179566563465
2025-10-15T19:35:09.912000+00:00,router_dropped_pkts_total,->1,1-112,unknown,0.0,1.309,0.0
2025-10-15T19:35:09.912000+00:00,router_dropped_pkts_total,->2,1-112,unknown,0.0,1.309,0.0
2025-10-15T19:35:09.912000+00:00,router_dropped_pkts_total,->3,1-112,unknown,0.0,1.309,0.0
2025-10-15T19:35:09.912000+00:00,router_dropped_pkts_total,->4,1-112,unknown,0.0,1.309,0.0
2025-10-15T19:35:09.912000+00:00,router_dropped_pkts_total,->6,1-112,unknown,0.0,1.309,0.0
2025-10-15T19:35:09.912000+00:00,router_dropped_pkts_total,->7,1-112,unknown,0.0,1.309,0.0
2025-10-15T19:35:09.912000+00:00,router_dropped_pkts_total,5,1-112,1-113,0.0,1.309,0.0
2025-10-15T19:35:09.912000+00:00,router_dropped_pkts_total,internal,1-112,1-112,0.0,1.309,0.0
2025-10-15T19:35:09.912000+00:00,router_dropped_pkts_total,physical_local,1-112,local,0.0,1.309,0.0
2025-10-15T19:35:09.912000+00:00,router_dropped_pkts_total,physical_remote,1-112,remote,0.0,1.309,0.0
2025-10-15T19:35:09.912000+00:00,router_input_bytes_total,->1,1-112,unknown,0.0,1.309,0.0
2025-10-15T19:35:09.912000+00:00,router_input_bytes_total,->2,1-112,unknown,0.0,1.309,0.0
2025-10-15T19:35:09.912000+00:00,router_input_bytes_total,->3,1-112,unknown,0.0,1.309,0.0
2025-10-15T19:35:09.912000+00:00,router_input_bytes_total,->4,1-112,unknown,0.0,1.309,0.0
2025-10-15T19:35:09.912000+00:00,router_input_bytes_total,->6,1-112,unknown,0.0,1.309,0.0
2025-10-15T19:35:09.912000+00:00,router_input_bytes_total,->7,1-112,unknown,0.0,1.309,0.0
2025-10-15T19:35:09.912000+00:00,router_input_bytes_total,5,1-112,1-113,31877.0,1.309,24352.177234530176
2025-10-15T19:35:09.912000+00:00,router_input_bytes_total,internal,1-112,1-112,268142.0,1.309,204844.91978609626
2025-10-15T19:35:09.912000+00:00,router_input_bytes_total,physical_local,1-112,local,268142.0,1.309,204844.91978609626
2025-10-15T19:35:09.912000+00:00,router_input_bytes_total,physical_remote,1-112,remote,31877.0,1.309,24352.177234530176
2025-10-15T19:35:09.912000+00:00,router_input_pkts_total,->1,1-112,unknown,0.0,1.309,0.0
2025-10-15T19:35:09.912000+00:00,router_input_pkts_total,->2,1-112,unknown,0.0,1.309,0.0
2025-10-15T19:35:09.912000+00:00,router_input_pkts_total,->3,1-112,unknown,0.0,1.309,0.0
2025-10-15T19:35:09.912000+00:00,router_input_pkts_total,->4,1-112,unknown,0.0,1.309,0.0
2025-10-15T19:35:09.912000+00:00,router_input_pkts_total,->6,1-112,unknown,0.0,1.309,0.0
2025-10-15T19:35:09.912000+00:00,router_input_pkts_total,->7,1-112,unknown,0.0,1.309,0.0
2025-10-15T19:35:09.912000+00:00,router_input_pkts_total,5,1-112,1-113,271.0,1.309,207.02826585179528
2025-10-15T19:35:09.912000+00:00,router_input_pkts_total,internal,1-112,1-112,281.0,1.309,214.66768525592056
2025-10-15T19:35:09.912000+00:00,router_input_pkts_total,physical_local,1-112,local,281.0,1.309,214.66768525592056
2025-10-15T19:35:09.912000+00:00,router_input_pkts_total,physical_remote,1-112,remote,271.0,1.309,207.02826585179528
2025-10-15T19:35:09.912000+00:00,router_output_bytes_total,->1,1-112,unknown,0.0,1.309,0.0
2025-10-15T19:35:09.912000+00:00,router_output_bytes_total,->2,1-112,unknown,0.0,1.309,0.0
2025-10-15T19:35:09.912000+00:00,router_output_bytes_total,->3,1-112,unknown,0.0,1.309,0.0
2025-10-15T19:35:09.912000+00:00,router_output_bytes_total,->4,1-112,unknown,0.0,1.309,0.0
2025-10-15T19:35:09.912000+00:00,router_output_bytes_total,->6,1-112,unknown,0.0,1.309,0.0
2025-10-15T19:35:09.912000+00:00,router_output_bytes_total,->7,1-112,unknown,0.0,1.309,0.0
2025-10-15T19:35:09.912000+00:00,router_output_bytes_total,5,1-112,1-113,269822.0,1.309,206128.3422459893
2025-10-15T19:35:09.912000+00:00,router_output_bytes_total,internal,1-112,1-112,30257.0,1.309,23114.59129106188
2025-10-15T19:35:09.912000+00:00,router_output_bytes_total,physical_local,1-112,local,30257.0,1.309,23114.59129106188
2025-10-15T19:35:09.912000+00:00,router_output_bytes_total,physical_remote,1-112,remote,269822.0,1.309,206128.3422459893
2025-10-15T19:35:09.912000+00:00,router_output_pkts_total,->1,1-112,unknown,0.0,1.309,0.0
2025-10-15T19:35:09.912000+00:00,router_output_pkts_total,->2,1-112,unknown,0.0,1.309,0.0
2025-10-15T19:35:09.912000+00:00,router_output_pkts_total,->3,1-112,unknown,0.0,1.309,0.0
2025-10-15T19:35:09.912000+00:00,router_output_pkts_total,->4,1-112,unknown,0.0,1.309,0.0
2025-10-15T19:35:09.912000+00:00,router_output_pkts_total,->6,1-112,unknown,0.0,1.309,0.0
2025-10-15T19:35:09.912000+00:00,router_output_pkts_total,->7,1-112,unknown,0.0,1.309,0.0
2025-10-15T19:35:09.912000+00:00,router_output_pkts_total,5,1-112,1-113,296.0,1.309,226.1268143621085
2025-10-15T19:35:09.912000+00:00,router_output_pkts_total,internal,1-112,1-112,256.0,1.309,195.56913674560735
2025-10-15T19:35:09.912000+00:00,router_output_pkts_total,physical_local,1-112,local,256.0,1.309,195.56913674560735
2025-10-15T19:35:09.912000+00:00,router_output_pkts_total,physical_remote,1-112,remote,296.0,1.309,226.1268143621085
2025-10-15T19:35:11.274000+00:00,router_dropped_pkts_total,->1,1-112,unknown,0.0,1.362,0.0
2025-10-15T19:35:11.274000+00:00,router_dropped_pkts_total,->2,1-112,unknown,0.0,1.362,0.0
2025-10-15T19:35:11.274000+00:00,router_dropped_pkts_total,->3,1-112,unknown,0.0,1.362,0.0
2025-10-15T19:35:11.274000+00:00,router_dropped_pkts_total,->4,1-112,unknown,0.0,1.362,0.0
2025-10-15T19:35:11.274000+00:00,router_dropped_pkts_total,->6,1-112,unknown,0.0,1.362,0.0
2025-10-15T19:35:11.274000+00:00,router_dropped_pkts_total,->7,1-112,unknown,0.0,1.362,0.0
2025-10-15T19:35:11.274000+00:00,router_dropped_pkts_total,5,1-112,1-113,0.0,1.362,0.0
2025-10-15T19:35:11.274000+00:00,router_dropped_pkts_total,internal,1-112,1-112,0.0,1.362,0.0
2025-10-15T19:35:11.274000+00:00,router_dropped_pkts_total,physical_local,1-112,local,0.0,1.362,0.0
2025-10-15T19:35:11.274000+00:00,router_dropped_pkts_total,physical_remote,1-112,remote,0.0,1.362,0.0
2025-10-15T19:35:11.274000+00:00,router_input_bytes_total,->1,1-112,unknown,0.0,1.362,0.0
2025-10-15T19:35:11.274000+00:00,router_input_bytes_total,->2,1-112,unknown,0.0,1.362,0.0
2025-10-15T19:35:11.274000+00:00,router_input_bytes_total,->3,1-112,unknown,0.0,1.362,0.0
2025-10-15T19:35:11.274000+00:00,router_input_bytes_total,->4,1-112,unknown,0.0,1.362,0.0
2025-10-15T19:35:11.274000+00:00,router_input_bytes_total,->6,1-112,unknown,0.0,1.362,0.0
2025-10-15T19:35:11.274000+00:00,router_input_bytes_total,->7,1-112,unknown,0.0,1.362,0.0
2025-10-15T19:35:11.274000+00:00,router_input_bytes_total,5,1-112,1-113,63458.0,1.362,46591.77679882525
2025-10-15T19:35:11.274000+00:00,router_input_bytes_total,internal,1-112,1-112,393676.0,1.362,289042.5844346549
2025-10-15T19:35:11.274000+00:00,router_input_bytes_total,physical_local,1-112,local,393676.0,1.362,289042.5844346549
2025-10-15T19:35:11.274000+00:00,router_input_bytes_total,physical_remote,1-112,remote,63458.0,1.362,46591.77679882525
2025-10-15T19:35:11.274000+00:00,router_input_pkts_total,->1,1-112,unknown,0.0,1.362,0.0
2025-10-15T19:35:11.274000+00:00,router_input_pkts_total,->2,1-112,unknown,0.0,1.362,0.0
2025-10-15T19:35:11.274000+00:00,router_input_pkts_total,->3,1-112,unknown,0.0,1.362,0.0
2025-10-15T19:35:11.274000+00:00,router_input_pkts_total,->4,1-112,unknown,0.0,1.362,0.0
2025-10-15T19:35:11.274000+00:00,router_input_pkts_total,->6,1-112,unknown,0.0,1.362,0.0
2025-10-15T19:35:11.274000+00:00,router_input_pkts_total,->7,1-112,unknown,0.0,1.362,0.0
2025-10-15T19:35:11.274000+00:00,router_input_pkts_total,5,1-112,1-113,432.0,1.362,317.18061674008806
2025-10-15T19:35:11.274000+00:00,router_input_pkts_total,internal,1-112,1-112,446.0,1.362,327.4596182085169
2025-10-15T19:35:11.274000+00:00,router_input_pkts_total,physical_local,1-112,local,446.0,1.362,327.4596182085169
2025-10-15T19:35:11.274000+00:00,router_input_pkts_total,physical_remote,1-112,remote,432.0,1.362,317.18061674008806
2025-10-15T19:35:11.274000+00:00,router_output_bytes_total,->1,1-112,unknown,0.0,1.362,0.0
2025-10-15T19:35:11.274000+00:00,router_output_bytes_total,->2,1-112,unknown,0.0,1.362,0.0
2025-10-15T19:35:11.274000+00:00,router_output_bytes_total,->3,1-112,unknown,0.0,1.362,0.0
2025-10-15T19:35:11.274000+00:00,router_output_bytes_total,->4,1-112,unknown,0.0,1.362,0.0
2025-10-15T19:35:11.274000+00:00,router_output_bytes_total,->6,1-112,unknown,0.0,1.362,0.0
2025-10-15T19:35:11.274000+00:00,router_output_bytes_total,->7,1-112,unknown,0.0,1.362,0.0
2025-10-15T19:35:11.274000+00:00,router_output_bytes_total,5,1-112,1-113,397036.0,1.362,291509.5447870778
2025-10-15T19:35:11.274000+00:00,router_output_bytes_total,internal,1-112,1-112,60218.0,1.362,44212.922173274594
2025-10-15T19:35:11.274000+00:00,router_output_bytes_total,physical_local,1-112,local,60218.0,1.362,44212.922173274594
2025-10-15T19:35:11.274000+00:00,router_output_bytes_total,physical_remote,1-112,remote,397036.0,1.362,291509.5447870778
2025-10-15T19:35:11.274000+00:00,router_output_pkts_total,->1,1-112,unknown,0.0,1.362,0.0
2025-10-15T19:35:11.274000+00:00,router_output_pkts_total,->2,1-112,unknown,0.0,1.362,0.0
2025-10-15T19:35:11.274000+00:00,router_output_pkts_total,->3,1-112,unknown,0.0,1.362,0.0
2025-10-15T19:35:11.274000+00:00,router_output_pkts_total,->4,1-112,unknown,0.0,1.362,0.0
2025-10-15T19:35:11.274000+00:00,router_output_pkts_total,->6,1-112,unknown,0.0,1.362,0.0
2025-10-15T19:35:11.274000+00:00,router_output_pkts_total,->7,1-112,unknown,0.0,1.362,0.0
2025-10-15T19:35:11.274000+00:00,router_output_pkts_total,5,1-112,1-113,477.0,1.362,350.2202643171806
2025-10-15T19:35:11.274000+00:00,router_output_pkts_total,internal,1-112,1-112,402.0,1.362,295.1541850220264
2025-10-15T19:35:11.274000+00:00,router_output_pkts_total,physical_local,1-112,local,402.0,1.362,295.1541850220264
2025-10-15T19:35:11.274000+00:00,router_output_pkts_total,physical_remote,1-112,remote,477.0,1.362,350.2202643171806
2025-10-15T19:35:12.801000+00:00,router_dropped_pkts_total,->1,1-112,unknown,0.0,1.527,0.0
2025-10-15T19:35:12.801000+00:00,router_dropped_pkts_total,->2,1-112,unknown,0.0,1.527,0.0
2025-10-15T19:35:12.801000+00:00,router_dropped_pkts_total,->3,1-112,unknown,0.0,1.527,0.0
2025-10-15T19:35:12.801000+00:00,router_dropped_pkts_total,->4,1-112,unknown,0.0,1.527,0.0
2025-10-15T19:35:12.801000+00:00,router_dropped_pkts_total,->6,1-112,unknown,0.0,1.527,0.0
2025-10-15T19:35:12.801000+00:00,router_dropped_pkts_total,->7,1-112,unknown,0.0,1.527,0.0
2025-10-15T19:35:12.801000+00:00,router_dropped_pkts_total,5,1-112,1-113,0.0,1.527,0.0
2025-10-15T19:35:12.801000+00:00,router_dropped_pkts_total,internal,1-112,1-112,0.0,1.527,0.0
2025-10-15T19:35:12.801000+00:00,router_dropped_pkts_total,physical_local,1-112,local,0.0,1.527,0.0
2025-10-15T19:35:12.801000+00:00,router_dropped_pkts_total,physical_remote,1-112,remote,0.0,1.527,0.0
2025-10-15T19:35:12.801000+00:00,router_input_bytes_total,->1,1-112,unknown,0.0,1.527,0.0
2025-10-15T19:35:12.801000+00:00,router_input_bytes_total,->2,1-112,unknown,0.0,1.527,0.0
2025-10-15T19:35:12.801000+00:00,router_input_bytes_total,->3,1-112,unknown,0.0,1.527,0.0
2025-10-15T19:35:12.801000+00:00,router_input_bytes_total,->4,1-112,unknown,0.0,1.527,0.0
2025-10-15T19:35:12.801000+00:00,router_input_bytes_total,->6,1-112,unknown,0.0,1.527,0.0
2025-10-15T19:35:12.801000+00:00,router_input_bytes_total,->7,1-112,unknown,0.0,1.527,0.0
2025-10-15T19:35:12.801000+00:00,router_input_bytes_total,5,1-112,1-113,38784.0,1.527,25398.821218074656
2025-10-15T19:35:12.801000+00:00,router_input_bytes_total,internal,1-112,1-112,323066.0,1.527,211569.0897184021
2025-10-15T19:35:12.801000+00:00,router_input_bytes_total,physical_local,1-112,local,323066.0,1.527,211569.0897184021
2025-10-15T19:35:12.801000+00:00,router_input_bytes_total,physical_remote,1-112,remote,38784.0,1.527,25398.821218074656
2025-10-15T19:35:12.801000+00:00,router_input_pkts_total,->1,1-112,unknown,0.0,1.527,0.0
2025-10-15T19:35:12.801000+00:00,router_input_pkts_total,->2,1-112,unknown,0.0,1.527,0.0
2025-10-15T19:35:12.801000+00:00,router_input_pkts_total,->3,1-112,unknown,0.0,1.527,0.0
2025-10-15T19:35:12.801000+00:00,router_input_pkts_total,->4,1-112,unknown,0.0,1.527,0.0
2025-10-15T19:35:12.801000+00:00,router_input_pkts_total,->6,1-112,unknown,0.0,1.527,0.0
2025-10-15T19:35:12.801000+00:00,router_input_pkts_total,->7,1-112,unknown,0.0,1.527,0.0
2025-10-15T19:35:12.801000+00:00,router_input_pkts_total,5,1-112,1-113,332.0,1.527,217.4197773411919
2025-10-15T19:35:12.801000+00:00,router_input_pkts_total,internal,1-112,1-112,342.0,1.527,223.96856581532418
2025-10-15T19:35:12.801000+00:00,router_input_pkts_total,physical_local,1-112,local,342.0,1.527,223.96856581532418
2025-10-15T19:35:12.801000+00:00,router_input_pkts_total,physical_remote,1-112,remote,332.0,1.527,217.4197773411919
2025-10-15T19:35:12.801000+00:00,router_output_bytes_total,->1,1-112,unknown,0.0,1.527,0.0
2025-10-15T19:35:12.801000+00:00,router_output_bytes_total,->2,1-112,unknown,0.0,1.527,0.0
2025-10-15T19:35:12.801000+00:00,router_output_bytes_total,->3,1-112,unknown,0.0,1.527,0.0
2025-10-15T19:35:12.801000+00:00,router_output_bytes_total,->4,1-112,unknown,0.0,1.527,0.0
2025-10-15T19:35:12.801000+00:00,router_output_bytes_total,->6,1-112,unknown,0.0,1.527,0.0
2025-10-15T19:35:12.801000+00:00,router_output_bytes_total,->7,1-112,unknown,0.0,1.527,0.0
2025-10-15T19:35:12.801000+00:00,router_output_bytes_total,5,1-112,1-113,324746.0,1.527,212669.28618205633
2025-10-15T19:35:12.801000+00:00,router_output_bytes_total,internal,1-112,1-112,37046.0,1.527,24260.641781270468
2025-10-15T19:35:12.801000+00:00,router_output_bytes_total,physical_local,1-112,local,37046.0,1.527,24260.641781270468
2025-10-15T19:35:12.801000+00:00,router_output_bytes_total,physical_remote,1-112,remote,324746.0,1.527,212669.28618205633
2025-10-15T19:35:12.801000+00:00,router_output_pkts_total,->1,1-112,unknown,0.0,1.527,0.0
2025-10-15T19:35:12.801000+00:00,router_output_pkts_total,->2,1-112,unknown,0.0,1.527,0.0
2025-10-15T19:35:12.801000+00:00,router_output_pkts_total,->3,1-112,unknown,0.0,1.527,0.0
2025-10-15T19:35:12.801000+00:00,router_output_pkts_total,->4,1-112,unknown,0.0,1.527,0.0
2025-10-15T19:35:12.801000+00:00,router_output_pkts_total,->6,1-112,unknown,0.0,1.527,0.0
2025-10-15T19:35:12.801000+00:00,router_output_pkts_total,->7,1-112,unknown,0.0,1.527,0.0
2025-10-15T19:35:12.801000+00:00,router_output_pkts_total,5,1-112,1-113,355.0,1.527,232.48199083169615
2025-10-15T19:35:12.801000+00:00,router_output_pkts_total,internal,1-112,1-112,314.0,1.527,205.6319580877538
2025-10-15T19:35:12.801000+00:00,router_output_pkts_total,physical_local,1-112,local,314.0,1.527,205.6319580877538
2025-10-15T19:35:12.801000+00:00,router_output_pkts_total,physical_remote,1-112,remote,355.0,1.527,232.48199083169615
2025-10-15T19:35:14.252000+00:00,router_dropped_pkts_total,->1,1-112,unknown,0.0,1.451,0.0
2025-10-15T19:35:14.252000+00:00,router_dropped_pkts_total,->2,1-112,unknown,0.0,1.451,0.0
2025-10-15T19:35:14.252000+00:00,router_dropped_pkts_total,->3,1-112,unknown,0.0,1.451,0.0
2025-10-15T19:35:14.252000+00:00,router_dropped_pkts_total,->4,1-112,unknown,0.0,1.451,0.0
2025-10-15T19:35:14.252000+00:00,router_dropped_pkts_total,->6,1-112,unknown,0.0,1.451,0.0
2025-10-15T19:35:14.252000+00:00,router_dropped_pkts_total,->7,1-112,unknown,0.0,1.451,0.0
2025-10-15T19:35:14.252000+00:00,router_dropped_pkts_total,5,1-112,1-113,0.0,1.451,0.0
2025-10-15T19:35:14.252000+00:00,router_dropped_pkts_total,internal,1-112,1-112,0.0,1.451,0.0
2025-10-15T19:35:14.252000+00:00,router_dropped_pkts_total,physical_local,1-112,local,0.0,1.451,0.0
2025-10-15T19:35:14.252000+00:00,router_dropped_pkts_total,physical_remote,1-112,remote,0.0,1.451,0.0
2025-10-15T19:35:14.252000+00:00,router_input_bytes_total,->1,1-112,unknown,0.0,1.451,0.0
2025-10-15T19:35:14.252000+00:00,router_input_bytes_total,->2,1-112,unknown,0.0,1.451,0.0
2025-10-15T19:35:14.252000+00:00,router_input_bytes_total,->3,1-112,unknown,0.0,1.451,0.0
2025-10-15T19:35:14.252000+00:00,router_input_bytes_total,->4,1-112,unknown,0.0,1.451,0.0
2025-10-15T19:35:14.252000+00:00,router_input_bytes_total,->6,1-112,unknown,0.0,1.451,0.0
2025-10-15T19:35:14.252000+00:00,router_input_bytes_total,->7,1-112,unknown,0.0,1.451,0.0
2025-10-15T19:35:14.252000+00:00,router_input_bytes_total,5,1-112,1-113,58762.0,1.451,40497.58787043418
2025-10-15T19:35:14.252000+00:00,router_input_bytes_total,internal,1-112,1-112,417359.0,1.451,287635.4238456237
2025-10-15T19:35:14.252000+00:00,router_input_bytes_total,physical_local,1-112,local,417359.0,1.451,287635.4238456237
2025-10-15T19:35:14.252000+00:00,router_input_bytes_total,physical_remote,1-112,remote,58762.0,1.451,40497.58787043418
2025-10-15T19:35:14.252000+00:00,router_input_pkts_total,->1,1-112,unknown,0.0,1.451,0.0
2025-10-15T19:35:14.252000+00:00,router_input_pkts_total,->2,1-112,unknown,0.0,1.451,0.0
2025-10-15T19:35:14.252000+00:00,router_input_pkts_total,->3,1-112,unknown,0.0,1.451,0.0
2025-10-15T19:35:14.252000+00:00,router_input_pkts_total,->4,1-112,unknown,0.0,1.451,0.0
2025-10-15T19:35:14.252000+00:00,router_input_pkts_total,->6,1-112,unknown,0.0,1.451,0.0
2025-10-15T19:35:14.252000+00:00,router_input_pkts_total,->7,1-112,unknown,0.0,1.451,0.0
2025-10-15T19:35:14.252000+00:00,router_input_pkts_total,5,1-112,1-113,463.0,1.451,319.0902825637491
2025-10-15T19:35:14.252000+00:00,router_input_pkts_total,internal,1-112,1-112,502.0,1.451,345.9682977257064
2025-10-15T19:35:14.252000+00:00,router_input_pkts_total,physical_local,1-112,local,502.0,1.451,345.9682977257064
2025-10-15T19:35:14.252000+00:00,router_input_pkts_total,physical_remote,1-112,remote,463.0,1.451,319.0902825637491
2025-10-15T19:35:14.252000+00:00,router_output_bytes_total,->1,1-112,unknown,0.0,1.451,0.0
2025-10-15T19:35:14.252000+00:00,router_output_bytes_total,->2,1-112,unknown,0.0,1.451,0.0
2025-10-15T19:35:14.252000+00:00,router_output_bytes_total,->3,1-112,unknown,0.0,1.451,0.0
2025-10-15T19:35:14.252000+00:00,router_output_bytes_total,->4,1-112,unknown,0.0,1.451,0.0
2025-10-15T19:35:14.252000+00:00,router_output_bytes_total,->6,1-112,unknown,0.0,1.451,0.0
2025-10-15T19:35:14.252000+00:00,router_output_bytes_total,->7,1-112,unknown,0.0,1.451,0.0
2025-10-15T19:35:14.252000+00:00,router_output_bytes_total,5,1-112,1-113,420719.0,1.451,289951.0682288077
2025-10-15T19:35:14.252000+00:00,router_output_bytes_total,internal,1-112,1-112,55640.0,1.451,38345.9682977257
2025-10-15T19:35:14.252000+00:00,router_output_bytes_total,physical_local,1-112,local,55640.0,1.451,38345.9682977257
2025-10-15T19:35:14.252000+00:00,router_output_bytes_total,physical_remote,1-112,remote,420719.0,1.451,289951.0682288077
2025-10-15T19:35:14.252000+00:00,router_output_pkts_total,->1,1-112,unknown,0.0,1.451,0.0
2025-10-15T19:35:14.252000+00:00,router_output_pkts_total,->2,1-112,unknown,0.0,1.451,0.0
2025-10-15T19:35:14.252000+00:00,router_output_pkts_total,->3,1-112,unknown,0.0,1.451,0.0
2025-10-15T19:35:14.252000+00:00,router_output_pkts_total,->4,1-112,unknown,0.0,1.451,0.0
2025-10-15T19:35:14.252000+00:00,router_output_pkts_total,->6,1-112,unknown,0.0,1.451,0.0
2025-10-15T19:35:14.252000+00:00,router_output_pkts_total,->7,1-112,unknown,0.0,1.451,0.0
2025-10-15T19:35:14.252000+00:00,router_output_pkts_total,5,1-112,1-113,533.0,1.451,367.3328738800827
2025-10-15T19:35:14.252000+00:00,router_output_pkts_total,internal,1-112,1-112,436.0,1.451,300.4824259131633
2025-10-15T19:35:14.252000+00:00,router_output_pkts_total,physical_local,1-112,local,436.0,1.451,300.4824259131633
2025-10-15T19:35:14.252000+00:00,router_output_pkts_total,physical_remote,1-112,remote,533.0,1.451,367.3328738800827
2025-10-15T19:35:15.710000+00:00,router_dropped_pkts_total,->1,1-112,unknown,0.0,1.458,0.0
2025-10-15T19:35:15.710000+00:00,router_dropped_pkts_total,->2,1-112,unknown,0.0,1.458,0.0
2025-10-15T19:35:15.710000+00:00,router_dropped_pkts_total,->3,1-112,unknown,0.0,1.458,0.0
2025-10-15T19:35:15.710000+00:00,router_dropped_pkts_total,->4,1-112,unknown,0.0,1.458,0.0
2025-10-15T19:35:15.710000+00:00,router_dropped_pkts_total,->6,1-112,unknown,0.0,1.458,0.0
2025-10-15T19:35:15.710000+00:00,router_dropped_pkts_total,->7,1-112,unknown,0.0,1.458,0.0
2025-10-15T19:35:15.710000+00:00,router_dropped_pkts_total,5,1-112,1-113,0.0,1.458,0.0
2025-10-15T19:35:15.710000+00:00,router_dropped_pkts_total,internal,1-112,1-112,0.0,1.458,0.0
2025-10-15T19:35:15.710000+00:00,router_dropped_pkts_total,physical_local,1-112,local,0.0,1.458,0.0
2025-10-15T19:35:15.710000+00:00,router_dropped_pkts_total,physical_remote,1-112,remote,0.0,1.458,0.0
2025-10-15T19:35:15.710000+00:00,router_input_bytes_total,->1,1-112,unknown,0.0,1.458,0.0
2025-10-15T19:35:15.710000+00:00,router_input_bytes_total,->2,1-112,unknown,0.0,1.458,0.0
2025-10-15T19:35:15.710000+00:00,router_input_bytes_total,->3,1-112,unknown,0.0,1.458,0.0
2025-10-15T19:35:15.710000+00:00,router_input_bytes_total,->4,1-112,unknown,0.0,1.458,0.0
2025-10-15T19:35:15.710000+00:00,router_input_bytes_total,->6,1-112,unknown,0.0,1.458,0.0
2025-10-15T19:35:15.710000+00:00,router_input_bytes_total,->7,1-112,unknown,0.0,1.458,0.0
2025-10-15T19:35:15.710000+00:00,router_input_bytes_total,5,1-112,1-113,40790.0,1.458,27976.68038408779
2025-10-15T19:35:15.710000+00:00,router_input_bytes_total,internal,1-112,1-112,357863.0,1.458,245447.87379972567
2025-10-15T19:35:15.710000+00:00,router_input_bytes_total,physical_local,1-112,local,357863.0,1.458,245447.87379972567
2025-10-15T19:35:15.710000+00:00,router_input_bytes_total,physical_remote,1-112,remote,40790.0,1.458,27976.68038408779
2025-10-15T19:35:15.710000+00:00,router_input_pkts_total,->1,1-112,unknown,0.0,1.458,0.0
2025-10-15T19:35:15.710000+00:00,router_input_pkts_total,->2,1-112,unknown,0.0,1.458,0.0
2025-10-15T19:35:15.710000+00:00,router_input_pkts_total,->3,1-112,unknown,0.0,1.458,0.0
2025-10-15T19:35:15.710000+00:00,router_input_pkts_total,->4,1-112,unknown,0.0,1.458,0.0
2025-10-15T19:35:15.710000+00:00,router_input_pkts_total,->6,1-112,unknown,0.0,1.458,0.0
2025-10-15T19:35:15.710000+00:00,router_input_pkts_total,->7,1-112,unknown,0.0,1.458,0.0
2025-10-15T19:35:15.710000+00:00,router_input_pkts_total,5,1-112,1-113,348.0,1.458,238.68312757201647
2025-10-15T19:35:15.710000+00:00,router_input_pkts_total,internal,1-112,1-112,372.0,1.458,255.14403292181072
2025-10-15T19:35:15.710000+00:00,router_input_pkts_total,physical_local,1-112,local,372.0,1.458,255.14403292181072
2025-10-15T19:35:15.710000+00:00,router_input_pkts_total,physical_remote,1-112,remote,348.0,1.458,238.68312757201647
2025-10-15T19:35:15.710000+00:00,router_output_bytes_total,->1,1-112,unknown,0.0,1.458,0.0
2025-10-15T19:35:15.710000+00:00,router_output_bytes_total,->2,1-112,unknown,0.0,1.458,0.0
2025-10-15T19:35:15.710000+00:00,router_output_bytes_total,->3,1-112,unknown,0.0,1.458,0.0
2025-10-15T19:35:15.710000+00:00,router_output_bytes_total,->4,1-112,unknown,0.0,1.458,0.0
2025-10-15T19:35:15.710000+00:00,router_output_bytes_total,->6,1-112,unknown,0.0,1.458,0.0
2025-10-15T19:35:15.710000+00:00,router_output_bytes_total,->7,1-112,unknown,0.0,1.458,0.0
2025-10-15T19:35:15.710000+00:00,router_output_bytes_total,5,1-112,1-113,359879.0,1.458,246830.58984910836
2025-10-15T19:35:15.710000+00:00,router_output_bytes_total,internal,1-112,1-112,38846.0,1.458,26643.34705075446
2025-10-15T19:35:15.710000+00:00,router_output_bytes_total,physical_local,1-112,local,38846.0,1.458,26643.34705075446
2025-10-15T19:35:15.710000+00:00,router_output_bytes_total,physical_remote,1-112,remote,359879.0,1.458,246830.58984910836
2025-10-15T19:35:15.710000+00:00,router_output_pkts_total,->1,1-112,unknown,0.0,1.458,0.0
2025-10-15T19:35:15.710000+00:00,router_output_pkts_total,->2,1-112,unknown,0.0,1.458,0.0
2025-10-15T19:35:15.710000+00:00,router_output_pkts_total,->3,1-112,unknown,0.0,1.458,0.0
2025-10-15T19:35:15.710000+00:00,router_output_pkts_total,->4,1-112,unknown,0.0,1.458,0.0
2025-10-15T19:35:15.710000+00:00,router_output_pkts_total,->6,1-112,unknown,0.0,1.458,0.0
2025-10-15T19:35:15.710000+00:00,router_output_pkts_total,->7,1-112,unknown,0.0,1.458,0.0
2025-10-15T19:35:15.710000+00:00,router_output_pkts_total,5,1-112,1-113,390.0,1.458,267.4897119341564
2025-10-15T19:35:15.710000+00:00,router_output_pkts_total,internal,1-112,1-112,329.0,1.458,225.65157750342937
2025-10-15T19:35:15.710000+00:00,router_output_pkts_total,physical_local,1-112,local,329.0,1.458,225.65157750342937
2025-10-15T19:35:15.710000+00:00,router_output_pkts_total,physical_remote,1-112,remote,390.0,1.458,267.4897119341564
2025-10-15T19:35:17.273000+00:00,router_dropped_pkts_total,->1,1-112,unknown,0.0,1.563,0.0
2025-10-15T19:35:17.273000+00:00,router_dropped_pkts_total,->2,1-112,unknown,0.0,1.563,0.0
2025-10-15T19:35:17.273000+00:00,router_dropped_pkts_total,->3,1-112,unknown,0.0,1.563,0.0
2025-10-15T19:35:17.273000+00:00,router_dropped_pkts_total,->4,1-112,unknown,0.0,1.563,0.0
2025-10-15T19:35:17.273000+00:00,router_dropped_pkts_total,->6,1-112,unknown,0.0,1.563,0.0
2025-10-15T19:35:17.273000+00:00,router_dropped_pkts_total,->7,1-112,unknown,0.0,1.563,0.0
2025-10-15T19:35:17.273000+00:00,router_dropped_pkts_total,5,1-112,1-113,0.0,1.563,0.0
2025-10-15T19:35:17.273000+00:00,router_dropped_pkts_total,internal,1-112,1-112,0.0,1.563,0.0
2025-10-15T19:35:17.273000+00:00,router_dropped_pkts_total,physical_local,1-112,local,0.0,1.563,0.0
2025-10-15T19:35:17.273000+00:00,router_dropped_pkts_total,physical_remote,1-112,remote,0.0,1.563,0.0
2025-10-15T19:35:17.273000+00:00,router_input_bytes_total,->1,1-112,unknown,0.0,1.563,0.0
2025-10-15T19:35:17.273000+00:00,router_input_bytes_total,->2,1-112,unknown,0.0,1.563,0.0
2025-10-15T19:35:17.273000+00:00,router_input_bytes_total,->3,1-112,unknown,0.0,1.563,0.0
2025-10-15T19:35:17.273000+00:00,router_input_bytes_total,->4,1-112,unknown,0.0,1.563,0.0
2025-10-15T19:35:17.273000+00:00,router_input_bytes_total,->6,1-112,unknown,0.0,1.563,0.0
2025-10-15T19:35:17.273000+00:00,router_input_bytes_total,->7,1-112,unknown,0.0,1.563,0.0
2025-10-15T19:35:17.273000+00:00,router_input_bytes_total,5,1-112,1-113,69924.0,1.563,44737.04414587332
2025-10-15T19:35:17.273000+00:00,router_input_bytes_total,internal,1-112,1-112,430522.0,1.563,275445.93730006396
2025-10-15T19:35:17.273000+00:00,router_input_bytes_total,physical_local,1-112,local,430522.0,1.563,275445.93730006396
2025-10-15T19:35:17.273000+00:00,router_input_bytes_total,physical_remote,1-112,remote,69924.0,1.563,44737.04414587332
2025-10-15T19:35:17.273000+00:00,router_input_pkts_total,->1,1-112,unknown,0.0,1.563,0.0
2025-10-15T19:35:17.273000+00:00,router_input_pkts_total,->2,1-112,unknown,0.0,1.563,0.0
2025-10-15T19:35:17.273000+00:00,router_input_pkts_total,->3,1-112,unknown,0.0,1.563,0.0
2025-10-15T19:35:17.273000+00:00,router_input_pkts_total,->4,1-112,unknown,0.0,1.563,0.0
2025-10-15T19:35:17.273000+00:00,router_input_pkts_total,->6,1-112,unknown,0.0,1.563,0.0
2025-10-15T19:35:17.273000+00:00,router_input_pkts_total,->7,1-112,unknown,0.0,1.563,0.0
2025-10-15T19:35:17.273000+00:00,router_input_pkts_total,5,1-112,1-113,488.0,1.563,312.22008957133716
2025-10-15T19:35:17.273000+00:00,router_input_pkts_total,internal,1-112,1-112,507.0,1.563,324.37619961612285
2025-10-15T19:35:17.273000+00:00,router_input_pkts_total,physical_local,1-112,local,507.0,1.563,324.37619961612285
2025-10-15T19:35:17.273000+00:00,router_input_pkts_total,physical_remote,1-112,remote,488.0,1.563,312.22008957133716
2025-10-15T19:35:17.273000+00:00,router_output_bytes_total,->1,1-112,unknown,0.0,1.563,0.0
2025-10-15T19:35:17.273000+00:00,router_output_bytes_total,->2,1-112,unknown,0.0,1.563,0.0
2025-10-15T19:35:17.273000+00:00,router_output_bytes_total,->3,1-112,unknown,0.0,1.563,0.0
2025-10-15T19:35:17.273000+00:00,router_output_bytes_total,->4,1-112,unknown,0.0,1.563,0.0
2025-10-15T19:35:17.273000+00:00,router_output_bytes_total,->6,1-112,unknown,0.0,1.563,0.0
2025-10-15T19:35:17.273000+00:00,router_output_bytes_total,->7,1-112,unknown,0.0,1.563,0.0
2025-10-15T19:35:17.273000+00:00,router_output_bytes_total,5,1-112,1-113,435672.0,1.563,278740.8829174664
2025-10-15T19:35:17.273000+00:00,router_output_bytes_total,internal,1-112,1-112,66154.0,1.563,42325.015994881636
2025-10-15T19:35:17.273000+00:00,router_output_bytes_total,physical_local,1-112,local,66154.0,1.563,42325.015994881636
2025-10-15T19:35:17.273000+00:00,router_output_bytes_total,physical_remote,1-112,remote,435672.0,1.563,278740.8829174664
2025-10-15T19:35:17.273000+00:00,router_output_pkts_total,->1,1-112,unknown,0.0,1.563,0.0
2025-10-15T19:35:17.273000+00:00,router_output_pkts_total,->2,1-112,unknown,0.0,1.563,0.0
2025-10-15T19:35:17.273000+00:00,router_output_pkts_total,->3,1-112,unknown,0.0,1.563,0.0
2025-10-15T19:35:17.273000+00:00,router_output_pkts_total,->4,1-112,unknown,0.0,1.563,0.0
2025-10-15T19:35:17.273000+00:00,router_output_pkts_total,->6,1-112,unknown,0.0,1.563,0.0
2025-10-15T19:35:17.273000+00:00,router_output_pkts_total,->7,1-112,unknown,0.0,1.563,0.0
2025-10-15T19:35:17.273000+00:00,router_output_pkts_total,5,1-112,1-113,542.0,1.563,346.7690339091491
2025-10-15T19:35:17.273000+00:00,router_output_pkts_total,internal,1-112,1-112,451.0,1.563,288.54766474728086
2025-10-15T19:35:17.273000+00:00,router_output_pkts_total,physical_local,1-112,local,451.0,1.563,288.54766474728086
2025-10-15T19:35:17.273000+00:00,router_output_pkts_total,physical_remote,1-112,remote,542.0,1.563,346.7690339091491
2025-10-15T19:35:18.599000+00:00,router_dropped_pkts_total,->1,1-112,unknown,0.0,1.326,0.0
2025-10-15T19:35:18.599000+00:00,router_dropped_pkts_total,->2,1-112,unknown,0.0,1.326,0.0
2025-10-15T19:35:18.599000+00:00,router_dropped_pkts_total,->3,1-112,unknown,0.0,1.326,0.0
2025-10-15T19:35:18.599000+00:00,router_dropped_pkts_total,->4,1-112,unknown,0.0,1.326,0.0
2025-10-15T19:35:18.599000+00:00,router_dropped_pkts_total,->6,1-112,unknown,0.0,1.326,0.0
2025-10-15T19:35:18.599000+00:00,router_dropped_pkts_total,->7,1-112,unknown,0.0,1.326,0.0
2025-10-15T19:35:18.599000+00:00,router_dropped_pkts_total,5,1-112,1-113,0.0,1.326,0.0
2025-10-15T19:35:18.599000+00:00,router_dropped_pkts_total,internal,1-112,1-112,0.0,1.326,0.0
2025-10-15T19:35:18.599000+00:00,router_dropped_pkts_total,physical_local,1-112,local,0.0,1.326,0.0
2025-10-15T19:35:18.599000+00:00,router_dropped_pkts_total,physical_remote,1-112,remote,0.0,1.326,0.0
2025-10-15T19:35:18.599000+00:00,router_input_bytes_total,->1,1-112,unknown,0.0,1.326,0.0
2025-10-15T19:35:18.599000+00:00,router_input_bytes_total,->2,1-112,unknown,0.0,1.326,0.0
2025-10-15T19:35:18.599000+00:00,router_input_bytes_total,->3,1-112,unknown,0.0,1.326,0.0
2025-10-15T19:35:18.599000+00:00,router_input_bytes_total,->4,1-112,unknown,0.0,1.326,0.0
2025-10-15T19:35:18.599000+00:00,router_input_bytes_total,->6,1-112,unknown,0.0,1.326,0.0
2025-10-15T19:35:18.599000+00:00,router_input_bytes_total,->7,1-112,unknown,0.0,1.326,0.0
2025-10-15T19:35:18.599000+00:00,router_input_bytes_total,5,1-112,1-113,57027.0,1.326,43006.78733031674
2025-10-15T19:35:18.599000+00:00,router_input_bytes_total,internal,1-112,1-112,430686.0,1.326,324800.9049773755
2025-10-15T19:35:18.599000+00:00,router_input_bytes_total,physical_local,1-112,local,430686.0,1.326,324800.9049773755
2025-10-15T19:35:18.599000+00:00,router_input_bytes_total,physical_remote,1-112,remote,57027.0,1.326,43006.78733031674
2025-10-15T19:35:18.599000+00:00,router_input_pkts_total,->1,1-112,unknown,0.0,1.326,0.0
2025-10-15T19:35:18.599000+00:00,router_input_pkts_total,->2,1-112,unknown,0.0,1.326,0.0
2025-10-15T19:35:18.599000+00:00,router_input_pkts_total,->3,1-112,unknown,0.0,1.326,0.0
2025-10-15T19:35:18.599000+00:00,router_input_pkts_total,->4,1-112,unknown,0.0,1.326,0.0
2025-10-15T19:35:18.599000+00:00,router_input_pkts_total,->6,1-112,unknown,0.0,1.326,0.0
2025-10-15T19:35:18.599000+00:00,router_input_pkts_total,->7,1-112,unknown,0.0,1.326,0.0
2025-10-15T19:35:18.599000+00:00,router_input_pkts_total,5,1-112,1-113,448.0,1.326,337.8582202111614
2025-10-15T19:35:18.599000+00:00,router_input_pkts_total,internal,1-112,1-112,487.0,1.326,367.2699849170437
2025-10-15T19:35:18.599000+00:00,router_input_pkts_total,physical_local,1-112,local,487.0,1.326,367.2699849170437
2025-10-15T19:35:18.599000+00:00,router_input_pkts_total,physical_remote,1-112,remote,448.0,1.326,337.8582202111614
2025-10-15T19:35:18.599000+00:00,router_output_bytes_total,->1,1-112,unknown,0.0,1.326,0.0
2025-10-15T19:35:18.599000+00:00,router_output_bytes_total,->2,1-112,unknown,0.0,1.326,0.0
2025-10-15T19:35:18.599000+00:00,router_output_bytes_total,->3,1-112,unknown,0.0,1.326,0.0
2025-10-15T19:35:18.599000+00:00,router_output_bytes_total,->4,1-112,unknown,0.0,1.326,0.0
2025-10-15T19:35:18.599000+00:00,router_output_bytes_total,->6,1-112,unknown,0.0,1.326,0.0
2025-10-15T19:35:18.599000+00:00,router_output_bytes_total,->7,1-112,unknown,0.0,1.326,0.0
2025-10-15T19:35:18.599000+00:00,router_output_bytes_total,5,1-112,1-113,431584.0,1.326,325478.12971342384
2025-10-15T19:35:18.599000+00:00,router_output_bytes_total,internal,1-112,1-112,54965.0,1.326,41451.73453996983
2025-10-15T19:35:18.599000+00:00,router_output_bytes_total,physical_local,1-112,local,54965.0,1.326,41451.73453996983
2025-10-15T19:35:18.599000+00:00,router_output_bytes_total,physical_remote,1-112,remote,431584.0,1.326,325478.12971342384
2025-10-15T19:35:18.599000+00:00,router_output_pkts_total,->1,1-112,unknown,0.0,1.326,0.0
2025-10-15T19:35:18.599000+00:00,router_output_pkts_total,->2,1-112,unknown,0.0,1.326,0.0
2025-10-15T19:35:18.599000+00:00,router_output_pkts_total,->3,1-112,unknown,0.0,1.326,0.0
2025-10-15T19:35:18.599000+00:00,router_output_pkts_total,->4,1-112,unknown,0.0,1.326,0.0
2025-10-15T19:35:18.599000+00:00,router_output_pkts_total,->6,1-112,unknown,0.0,1.326,0.0
2025-10-15T19:35:18.599000+00:00,router_output_pkts_total,->7,1-112,unknown,0.0,1.326,0.0
2025-10-15T19:35:18.599000+00:00,router_output_pkts_total,5,1-112,1-113,505.0,1.326,380.8446455505279
2025-10-15T19:35:18.599000+00:00,router_output_pkts_total,internal,1-112,1-112,432.0,1.326,325.7918552036199
2025-10-15T19:35:18.599000+00:00,router_output_pkts_total,physical_local,1-112,local,432.0,1.326,325.7918552036199
2025-10-15T19:35:18.599000+00:00,router_output_pkts_total,physical_remote,1-112,remote,505.0,1.326,380.8446455505279
2025-10-15T19:35:20.177000+00:00,router_dropped_pkts_total,->1,1-112,unknown,0.0,1.578,0.0
2025-10-15T19:35:20.177000+00:00,router_dropped_pkts_total,->2,1-112,unknown,0.0,1.578,0.0
2025-10-15T19:35:20.177000+00:00,router_dropped_pkts_total,->3,1-112,unknown,0.0,1.578,0.0
2025-10-15T19:35:20.177000+00:00,router_dropped_pkts_total,->4,1-112,unknown,0.0,1.578,0.0
2025-10-15T19:35:20.177000+00:00,router_dropped_pkts_total,->6,1-112,unknown,0.0,1.578,0.0
2025-10-15T19:35:20.177000+00:00,router_dropped_pkts_total,->7,1-112,unknown,0.0,1.578,0.0
2025-10-15T19:35:20.177000+00:00,router_dropped_pkts_total,5,1-112,1-113,0.0,1.578,0.0
2025-10-15T19:35:20.177000+00:00,router_dropped_pkts_total,internal,1-112,1-112,0.0,1.578,0.0
2025-10-15T19:35:20.177000+00:00,router_dropped_pkts_total,physical_local,1-112,local,0.0,1.578,0.0
2025-10-15T19:35:20.177000+00:00,router_dropped_pkts_total,physical_remote,1-112,remote,0.0,1.578,0.0
2025-10-15T19:35:20.177000+00:00,router_input_bytes_total,->1,1-112,unknown,0.0,1.578,0.0
2025-10-15T19:35:20.177000+00:00,router_input_bytes_total,->2,1-112,unknown,0.0,1.578,0.0
2025-10-15T19:35:20.177000+00:00,router_input_bytes_total,->3,1-112,unknown,0.0,1.578,0.0
2025-10-15T19:35:20.177000+00:00,router_input_bytes_total,->4,1-112,unknown,0.0,1.578,0.0
2025-10-15T19:35:20.177000+00:00,router_input_bytes_total,->6,1-112,unknown,0.0,1.578,0.0
2025-10-15T19:35:20.177000+00:00,router_input_bytes_total,->7,1-112,unknown,0.0,1.578,0.0
2025-10-15T19:35:20.177000+00:00,router_input_bytes_total,5,1-112,1-113,59530.0,1.578,37724.96831432192
2025-10-15T19:35:20.177000+00:00,router_input_bytes_total,internal,1-112,1-112,492218.0,1.578,311925.2217997465
2025-10-15T19:35:20.177000+00:00,router_input_bytes_total,physical_local,1-112,local,492218.0,1.578,311925.2217997465
2025-10-15T19:35:20.177000+00:00,router_input_bytes_total,physical_remote,1-112,remote,59530.0,1.578,37724.96831432192
2025-10-15T19:35:20.177000+00:00,router_input_pkts_total,->1,1-112,unknown,0.0,1.578,0.0
2025-10-15T19:35:20.177000+00:00,router_input_pkts_total,->2,1-112,unknown,0.0,1.578,0.0
2025-10-15T19:35:20.177000+00:00,router_input_pkts_total,->3,1-112,unknown,0.0,1.578,0.0
2025-10-15T19:35:20.177000+00:00,router_input_pkts_total,->4,1-112,unknown,0.0,1.578,0.0
2025-10-15T19:35:20.177000+00:00,router_input_pkts_total,->6,1-112,unknown,0.0,1.578,0.0
2025-10-15T19:35:20.177000+00:00,router_input_pkts_total,->7,1-112,unknown,0.0,1.578,0.0
2025-10-15T19:35:20.177000+00:00,router_input_pkts_total,5,1-112,1-113,507.0,1.578,321.29277566539923
2025-10-15T19:35:20.177000+00:00,router_input_pkts_total,internal,1-112,1-112,545.0,1.578,345.3738910012674
2025-10-15T19:35:20.177000+00:00,router_input_pkts_total,physical_local,1-112,local,545.0,1.578,345.3738910012674
2025-10-15T19:35:20.177000+00:00,router_input_pkts_total,physical_remote,1-112,remote,507.0,1.578,321.29277566539923
2025-10-15T19:35:20.177000+00:00,router_output_bytes_total,->1,1-112,unknown,0.0,1.578,0.0
2025-10-15T19:35:20.177000+00:00,router_output_bytes_total,->2,1-112,unknown,0.0,1.578,0.0
2025-10-15T19:35:20.177000+00:00,router_output_bytes_total,->3,1-112,unknown,0.0,1.578,0.0
2025-10-15T19:35:20.177000+00:00,router_output_bytes_total,->4,1-112,unknown,0.0,1.578,0.0
2025-10-15T19:35:20.177000+00:00,router_output_bytes_total,->6,1-112,unknown,0.0,1.578,0.0
2025-10-15T19:35:20.177000+00:00,router_output_bytes_total,->7,1-112,unknown,0.0,1.578,0.0
2025-10-15T19:35:20.177000+00:00,router_output_bytes_total,5,1-112,1-113,496250.0,1.578,314480.3548795944
2025-10-15T19:35:20.177000+00:00,router_output_bytes_total,internal,1-112,1-112,55760.0,1.578,35335.86818757921
2025-10-15T19:35:20.177000+00:00,router_output_bytes_total,physical_local,1-112,local,55760.0,1.578,35335.86818757921
2025-10-15T19:35:20.177000+00:00,router_output_bytes_total,physical_remote,1-112,remote,496250.0,1.578,314480.3548795944
2025-10-15T19:35:20.177000+00:00,router_output_pkts_total,->1,1-112,unknown,0.0,1.578,0.0
2025-10-15T19:35:20.177000+00:00,router_output_pkts_total,->2,1-112,unknown,0.0,1.578,0.0
2025-10-15T19:35:20.177000+00:00,router_output_pkts_total,->3,1-112,unknown,0.0,1.578,0.0
2025-10-15T19:35:20.177000+00:00,router_output_pkts_total,->4,1-112,unknown,0.0,1.578,0.0
2025-10-15T19:35:20.177000+00:00,router_output_pkts_total,->6,1-112,unknown,0.0,1.578,0.0
2025-10-15T19:35:20.177000+00:00,router_output_pkts_total,->7,1-112,unknown,0.0,1.578,0.0
2025-10-15T19:35:20.177000+00:00,router_output_pkts_total,5,1-112,1-113,583.0,1.578,369.4550063371356
2025-10-15T19:35:20.177000+00:00,router_output_pkts_total,internal,1-112,1-112,471.0,1.578,298.47908745247145
2025-10-15T19:35:20.177000+00:00,router_output_pkts_total,physical_local,1-112,local,471.0,1.578,298.47908745247145
2025-10-15T19:35:20.177000+00:00,router_output_pkts_total,physical_remote,1-112,remote,583.0,1.578,369.4550063371356
2025-10-15T19:35:21.595000+00:00,router_dropped_pkts_total,->1,1-112,unknown,0.0,1.418,0.0
2025-10-15T19:35:21.595000+00:00,router_dropped_pkts_total,->2,1-112,unknown,0.0,1.418,0.0
2025-10-15T19:35:21.595000+00:00,router_dropped_pkts_total,->3,1-112,unknown,0.0,1.418,0.0
2025-10-15T19:35:21.595000+00:00,router_dropped_pkts_total,->4,1-112,unknown,0.0,1.418,0.0
2025-10-15T19:35:21.595000+00:00,router_dropped_pkts_total,->6,1-112,unknown,0.0,1.418,0.0
2025-10-15T19:35:21.595000+00:00,router_dropped_pkts_total,->7,1-112,unknown,0.0,1.418,0.0
2025-10-15T19:35:21.595000+00:00,router_dropped_pkts_total,5,1-112,1-113,0.0,1.418,0.0
2025-10-15T19:35:21.595000+00:00,router_dropped_pkts_total,internal,1-112,1-112,0.0,1.418,0.0
2025-10-15T19:35:21.595000+00:00,router_dropped_pkts_total,physical_local,1-112,local,0.0,1.418,0.0
2025-10-15T19:35:21.595000+00:00,router_dropped_pkts_total,physical_remote,1-112,remote,0.0,1.418,0.0
2025-10-15T19:35:21.595000+00:00,router_input_bytes_total,->1,1-112,unknown,0.0,1.418,0.0
2025-10-15T19:35:21.595000+00:00,router_input_bytes_total,->2,1-112,unknown,0.0,1.418,0.0
2025-10-15T19:35:21.595000+00:00,router_input_bytes_total,->3,1-112,unknown,0.0,1.418,0.0
2025-10-15T19:35:21.595000+00:00,router_input_bytes_total,->4,1-112,unknown,0.0,1.418,0.0
2025-10-15T19:35:21.595000+00:00,router_input_bytes_total,->6,1-112,unknown,0.0,1.418,0.0
2025-10-15T19:35:21.595000+00:00,router_input_bytes_total,->7,1-112,unknown,0.0,1.418,0.0
2025-10-15T19:35:21.595000+00:00,router_input_bytes_total,5,1-112,1-113,62302.0,1.418,43936.53032440057
2025-10-15T19:35:21.595000+00:00,router_input_bytes_total,internal,1-112,1-112,433185.0,1.418,305490.1269393512
2025-10-15T19:35:21.595000+00:00,router_input_bytes_total,physical_local,1-112,local,433185.0,1.418,305490.1269393512
2025-10-15T19:35:21.595000+00:00,router_input_bytes_total,physical_remote,1-112,remote,62302.0,1.418,43936.53032440057
2025-10-15T19:35:21.595000+00:00,router_input_pkts_total,->1,1-112,unknown,0.0,1.418,0.0
2025-10-15T19:35:21.595000+00:00,router_input_pkts_total,->2,1-112,unknown,0.0,1.418,0.0
2025-10-15T19:35:21.595000+00:00,router_input_pkts_total,->3,1-112,unknown,0.0,1.418,0.0
2025-10-15T19:35:21.595000+00:00,router_input_pkts_total,->4,1-112,unknown,0.0,1.418,0.0
2025-10-15T19:35:21.595000+00:00,router_input_pkts_total,->6,1-112,unknown,0.0,1.418,0.0
2025-10-15T19:35:21.595000+00:00,router_input_pkts_total,->7,1-112,unknown,0.0,1.418,0.0
2025-10-15T19:35:21.595000+00:00,router_input_pkts_total,5,1-112,1-113,444.0,1.418,313.1170662905501
2025-10-15T19:35:21.595000+00:00,router_input_pkts_total,internal,1-112,1-112,468.0,1.418,330.0423131170663
2025-10-15T19:35:21.595000+00:00,router_input_pkts_total,physical_local,1-112,local,468.0,1.418,330.0423131170663
2025-10-15T19:35:21.595000+00:00,router_input_pkts_total,physical_remote,1-112,remote,444.0,1.418,313.1170662905501
2025-10-15T19:35:21.595000+00:00,router_output_bytes_total,->1,1-112,unknown,0.0,1.418,0.0
2025-10-15T19:35:21.595000+00:00,router_output_bytes_total,->2,1-112,unknown,0.0,1.418,0.0
2025-10-15T19:35:21.595000+00:00,router_output_bytes_total,->3,1-112,unknown,0.0,1.418,0.0
2025-10-15T19:35:21.595000+00:00,router_output_bytes_total,->4,1-112,unknown,0.0,1.418,0.0
2025-10-15T19:35:21.595000+00:00,router_output_bytes_total,->6,1-112,unknown,0.0,1.418,0.0
2025-10-15T19:35:21.595000+00:00,router_output_bytes_total,->7,1-112,unknown,0.0,1.418,0.0
2025-10-15T19:35:21.595000+00:00,router_output_bytes_total,5,1-112,1-113,435537.0,1.418,307148.8011283498
2025-10-15T19:35:21.595000+00:00,router_output_bytes_total,internal,1-112,1-112,59916.0,1.418,42253.87870239774
2025-10-15T19:35:21.595000+00:00,router_output_bytes_total,physical_local,1-112,local,59916.0,1.418,42253.87870239774
2025-10-15T19:35:21.595000+00:00,router_output_bytes_total,physical_remote,1-112,remote,435537.0,1.418,307148.8011283498
2025-10-15T19:35:21.595000+00:00,router_output_pkts_total,->1,1-112,unknown,0.0,1.418,0.0
2025-10-15T19:35:21.595000+00:00,router_output_pkts_total,->2,1-112,unknown,0.0,1.418,0.0
2025-10-15T19:35:21.595000+00:00,router_output_pkts_total,->3,1-112,unknown,0.0,1.418,0.0
2025-10-15T19:35:21.595000+00:00,router_output_pkts_total,->4,1-112,unknown,0.0,1.418,0.0
2025-10-15T19:35:21.595000+00:00,router_output_pkts_total,->6,1-112,unknown,0.0,1.418,0.0
2025-10-15T19:35:21.595000+00:00,router_output_pkts_total,->7,1-112,unknown,0.0,1.418,0.0
2025-10-15T19:35:21.595000+00:00,router_output_pkts_total,5,1-112,1-113,488.0,1.418,344.1466854724965
2025-10-15T19:35:21.595000+00:00,router_output_pkts_total,internal,1-112,1-112,423.0,1.418,298.3074753173484
2025-10-15T19:35:21.595000+00:00,router_output_pkts_total,physical_local,1-112,local,423.0,1.418,298.3074753173484
2025-10-15T19:35:21.595000+00:00,router_output_pkts_total,physical_remote,1-112,remote,488.0,1.418,344.1466854724965
2025-10-15T19:35:23.177000+00:00,router_dropped_pkts_total,->1,1-112,unknown,0.0,1.582,0.0
2025-10-15T19:35:23.177000+00:00,router_dropped_pkts_total,->2,1-112,unknown,0.0,1.582,0.0
2025-10-15T19:35:23.177000+00:00,router_dropped_pkts_total,->3,1-112,unknown,0.0,1.582,0.0
2025-10-15T19:35:23.177000+00:00,router_dropped_pkts_total,->4,1-112,unknown,0.0,1.582,0.0
2025-10-15T19:35:23.177000+00:00,router_dropped_pkts_total,->6,1-112,unknown,0.0,1.582,0.0
2025-10-15T19:35:23.177000+00:00,router_dropped_pkts_total,->7,1-112,unknown,0.0,1.582,0.0
2025-10-15T19:35:23.177000+00:00,router_dropped_pkts_total,5,1-112,1-113,0.0,1.582,0.0
2025-10-15T19:35:23.177000+00:00,router_dropped_pkts_total,internal,1-112,1-112,0.0,1.582,0.0
2025-10-15T19:35:23.177000+00:00,router_dropped_pkts_total,physical_local,1-112,local,0.0,1.582,0.0
2025-10-15T19:35:23.177000+00:00,router_dropped_pkts_total,physical_remote,1-112,remote,0.0,1.582,0.0
2025-10-15T19:35:23.177000+00:00,router_input_bytes_total,->1,1-112,unknown,0.0,1.582,0.0
2025-10-15T19:35:23.177000+00:00,router_input_bytes_total,->2,1-112,unknown,0.0,1.582,0.0
2025-10-15T19:35:23.177000+00:00,router_input_bytes_total,->3,1-112,unknown,0.0,1.582,0.0
2025-10-15T19:35:23.177000+00:00,router_input_bytes_total,->4,1-112,unknown,0.0,1.582,0.0
2025-10-15T19:35:23.177000+00:00,router_input_bytes_total,->6,1-112,unknown,0.0,1.582,0.0
2025-10-15T19:35:23.177000+00:00,router_input_bytes_total,->7,1-112,unknown,0.0,1.582,0.0
2025-10-15T19:35:23.177000+00:00,router_input_bytes_total,5,1-112,1-113,60455.0,1.582,38214.28571428571
2025-10-15T19:35:23.177000+00:00,router_input_bytes_total,internal,1-112,1-112,453930.0,1.582,286934.26042983565
2025-10-15T19:35:23.177000+00:00,router_input_bytes_total,physical_local,1-112,local,453930.0,1.582,286934.26042983565
2025-10-15T19:35:23.177000+00:00,router_input_bytes_total,physical_remote,1-112,remote,60455.0,1.582,38214.28571428571
2025-10-15T19:35:23.177000+00:00,router_input_pkts_total,->1,1-112,unknown,0.0,1.582,0.0
2025-10-15T19:35:23.177000+00:00,router_input_pkts_total,->2,1-112,unknown,0.0,1.582,0.0
2025-10-15T19:35:23.177000+00:00,router_input_pkts_total,->3,1-112,unknown,0.0,1.582,0.0
2025-10-15T19:35:23.177000+00:00,router_input_pkts_total,->4,1-112,unknown,0.0,1.582,0.0
2025-10-15T19:35:23.177000+00:00,router_input_pkts_total,->6,1-112,unknown,0.0,1.582,0.0
2025-10-15T19:35:23.177000+00:00,router_input_pkts_total,->7,1-112,unknown,0.0,1.582,0.0
2025-10-15T19:35:23.177000+00:00,router_input_pkts_total,5,1-112,1-113,492.0,1.582,310.99873577749685
2025-10-15T19:35:23.177000+00:00,router_input_pkts_total,internal,1-112,1-112,509.0,1.582,321.74462705436156
2025-10-15T19:35:23.177000+00:00,router_input_pkts_total,physical_local,1-112,local,509.0,1.582,321.74462705436156
2025-10-15T19:35:23.177000+00:00,router_input_pkts_total,physical_remote,1-112,remote,492.0,1.582,310.99873577749685
2025-10-15T19:35:23.177000+00:00,router_output_bytes_total,->1,1-112,unknown,0.0,1.582,0.0
2025-10-15T19:35:23.177000+00:00,router_output_bytes_total,->2,1-112,unknown,0.0,1.582,0.0
2025-10-15T19:35:23.177000+00:00,router_output_bytes_total,->3,1-112,unknown,0.0,1.582,0.0
2025-10-15T19:35:23.177000+00:00,router_output_bytes_total,->4,1-112,unknown,0.0,1.582,0.0
2025-10-15T19:35:23.177000+00:00,router_output_bytes_total,->6,1-112,unknown,0.0,1.582,0.0
2025-10-15T19:35:23.177000+00:00,router_output_bytes_total,->7,1-112,unknown,0.0,1.582,0.0
2025-10-15T19:35:23.177000+00:00,router_output_bytes_total,5,1-112,1-113,458634.0,1.582,289907.7117572693
2025-10-15T19:35:23.177000+00:00,router_output_bytes_total,internal,1-112,1-112,55919.0,1.582,35347.02907711757
2025-10-15T19:35:23.177000+00:00,router_output_bytes_total,physical_local,1-112,local,55919.0,1.582,35347.02907711757
2025-10-15T19:35:23.177000+00:00,router_output_bytes_total,physical_remote,1-112,remote,458634.0,1.582,289907.7117572693
2025-10-15T19:35:23.177000+00:00,router_output_pkts_total,->1,1-112,unknown,0.0,1.582,0.0
2025-10-15T19:35:23.177000+00:00,router_output_pkts_total,->2,1-112,unknown,0.0,1.582,0.0
2025-10-15T19:35:23.177000+00:00,router_output_pkts_total,->3,1-112,unknown,0.0,1.582,0.0
2025-10-15T19:35:23.177000+00:00,router_output_pkts_total,->4,1-112,unknown,0.0,1.582,0.0
2025-10-15T19:35:23.177000+00:00,router_output_pkts_total,->6,1-112,unknown,0.0,1.582,0.0
2025-10-15T19:35:23.177000+00:00,router_output_pkts_total,->7,1-112,unknown,0.0,1.582,0.0
2025-10-15T19:35:23.177000+00:00,router_output_pkts_total,5,1-112,1-113,551.0,1.582,348.29329962073325
2025-10-15T19:35:23.177000+00:00,router_output_pkts_total,internal,1-112,1-112,448.0,1.582,283.1858407079646
2025-10-15T19:35:23.177000+00:00,router_output_pkts_total,physical_local,1-112,local,448.0,1.582,283.1858407079646
2025-10-15T19:35:23.177000+00:00,router_output_pkts_total,physical_remote,1-112,remote,551.0,1.582,348.29329962073325
2025-10-15T19:35:24.518000+00:00,router_dropped_pkts_total,->1,1-112,unknown,0.0,1.341,0.0
2025-10-15T19:35:24.518000+00:00,router_dropped_pkts_total,->2,1-112,unknown,0.0,1.341,0.0
2025-10-15T19:35:24.518000+00:00,router_dropped_pkts_total,->3,1-112,unknown,0.0,1.341,0.0
2025-10-15T19:35:24.518000+00:00,router_dropped_pkts_total,->4,1-112,unknown,0.0,1.341,0.0
2025-10-15T19:35:24.518000+00:00,router_dropped_pkts_total,->6,1-112,unknown,0.0,1.341,0.0
2025-10-15T19:35:24.518000+00:00,router_dropped_pkts_total,->7,1-112,unknown,0.0,1.341,0.0
2025-10-15T19:35:24.518000+00:00,router_dropped_pkts_total,5,1-112,1-113,0.0,1.341,0.0
2025-10-15T19:35:24.518000+00:00,router_dropped_pkts_total,internal,1-112,1-112,0.0,1.341,0.0
2025-10-15T19:35:24.518000+00:00,router_dropped_pkts_total,physical_local,1-112,local,0.0,1.341,0.0
2025-10-15T19:35:24.518000+00:00,router_dropped_pkts_total,physical_remote,1-112,remote,0.0,1.341,0.0
2025-10-15T19:35:24.518000+00:00,router_input_bytes_total,->1,1-112,unknown,0.0,1.341,0.0
2025-10-15T19:35:24.518000+00:00,router_input_bytes_total,->2,1-112,unknown,0.0,1.341,0.0
2025-10-15T19:35:24.518000+00:00,router_input_bytes_total,->3,1-112,unknown,0.0,1.341,0.0
2025-10-15T19:35:24.518000+00:00,router_input_bytes_total,->4,1-112,unknown,0.0,1.341,0.0
2025-10-15T19:35:24.518000+00:00,router_input_bytes_total,->6,1-112,unknown,0.0,1.341,0.0
2025-10-15T19:35:24.518000+00:00,router_input_bytes_total,->7,1-112,unknown,0.0,1.341,0.0
2025-10-15T19:35:24.518000+00:00,router_input_bytes_total,5,1-112,1-113,63140.0,1.341,47084.26547352722
2025-10-15T19:35:24.518000+00:00,router_input_bytes_total,internal,1-112,1-112,502882.0,1.341,375005.2199850858
2025-10-15T19:35:24.518000+00:00,router_input_bytes_total,physical_local,1-112,local,502882.0,1.341,375005.2199850858
2025-10-15T19:35:24.518000+00:00,router_input_bytes_total,physical_remote,1-112,remote,63140.0,1.341,47084.26547352722
2025-10-15T19:35:24.518000+00:00,router_input_pkts_total,->1,1-112,unknown,0.0,1.341,0.0
2025-10-15T19:35:24.518000+00:00,router_input_pkts_total,->2,1-112,unknown,0.0,1.341,0.0
2025-10-15T19:35:24.518000+00:00,router_input_pkts_total,->3,1-112,unknown,0.0,1.341,0.0
2025-10-15T19:35:24.518000+00:00,router_input_pkts_total,->4,1-112,unknown,0.0,1.341,0.0
2025-10-15T19:35:24.518000+00:00,router_input_pkts_total,->6,1-112,unknown,0.0,1.341,0.0
2025-10-15T19:35:24.518000+00:00,router_input_pkts_total,->7,1-112,unknown,0.0,1.341,0.0
2025-10-15T19:35:24.518000+00:00,router_input_pkts_total,5,1-112,1-113,501.0,1.341,373.6017897091723
2025-10-15T19:35:24.518000+00:00,router_input_pkts_total,internal,1-112,1-112,549.0,1.341,409.3959731543624
2025-10-15T19:35:24.518000+00:00,router_input_pkts_total,physical_local,1-112,local,549.0,1.341,409.3959731543624
2025-10-15T19:35:24.518000+00:00,router_input_pkts_total,physical_remote,1-112,remote,501.0,1.341,373.6017897091723
2025-10-15T19:35:24.518000+00:00,router_output_bytes_total,->1,1-112,unknown,0.0,1.341,0.0
2025-10-15T19:35:24.518000+00:00,router_output_bytes_total,->2,1-112,unknown,0.0,1.341,0.0
2025-10-15T19:35:24.518000+00:00,router_output_bytes_total,->3,1-112,unknown,0.0,1.341,0.0
2025-10-15T19:35:24.518000+00:00,router_output_bytes_total,->4,1-112,unknown,0.0,1.341,0.0
2025-10-15T19:35:24.518000+00:00,router_output_bytes_total,->6,1-112,unknown,0.0,1.341,0.0
2025-10-15T19:35:24.518000+00:00,router_output_bytes_total,->7,1-112,unknown,0.0,1.341,0.0
2025-10-15T19:35:24.518000+00:00,router_output_bytes_total,5,1-112,1-113,505234.0,1.341,376759.1349739001
2025-10-15T19:35:24.518000+00:00,router_output_bytes_total,internal,1-112,1-112,60872.0,1.341,45392.99030574199
2025-10-15T19:35:24.518000+00:00,router_output_bytes_total,physical_local,1-112,local,60872.0,1.341,45392.99030574199
2025-10-15T19:35:24.518000+00:00,router_output_bytes_total,physical_remote,1-112,remote,505234.0,1.341,376759.1349739001
2025-10-15T19:35:24.518000+00:00,router_output_pkts_total,->1,1-112,unknown,0.0,1.341,0.0
2025-10-15T19:35:24.518000+00:00,router_output_pkts_total,->2,1-112,unknown,0.0,1.341,0.0
2025-10-15T19:35:24.518000+00:00,router_output_pkts_total,->3,1-112,unknown,0.0,1.341,0.0
2025-10-15T19:35:24.518000+00:00,router_output_pkts_total,->4,1-112,unknown,0.0,1.341,0.0
2025-10-15T19:35:24.518000+00:00,router_output_pkts_total,->6,1-112,unknown,0.0,1.341,0.0
2025-10-15T19:35:24.518000+00:00,router_output_pkts_total,->7,1-112,unknown,0.0,1.341,0.0
2025-10-15T19:35:24.518000+00:00,router_output_pkts_total,5,1-112,1-113,570.0,1.341,425.05592841163315
2025-10-15T19:35:24.518000+00:00,router_output_pkts_total,internal,1-112,1-112,483.0,1.341,360.17897091722597
2025-10-15T19:35:24.518000+00:00,router_output_pkts_total,physical_local,1-112,local,483.0,1.341,360.17897091722597
2025-10-15T19:35:24.518000+00:00,router_output_pkts_total,physical_remote,1-112,remote,570.0,1.341,425.05592841163315
2025-10-15T19:35:26.165000+00:00,router_dropped_pkts_total,->1,1-112,unknown,0.0,1.647,0.0
2025-10-15T19:35:26.165000+00:00,router_dropped_pkts_total,->2,1-112,unknown,0.0,1.647,0.0
2025-10-15T19:35:26.165000+00:00,router_dropped_pkts_total,->3,1-112,unknown,0.0,1.647,0.0
2025-10-15T19:35:26.165000+00:00,router_dropped_pkts_total,->4,1-112,unknown,0.0,1.647,0.0
2025-10-15T19:35:26.165000+00:00,router_dropped_pkts_total,->6,1-112,unknown,0.0,1.647,0.0
2025-10-15T19:35:26.165000+00:00,router_dropped_pkts_total,->7,1-112,unknown,0.0,1.647,0.0
2025-10-15T19:35:26.165000+00:00,router_dropped_pkts_total,5,1-112,1-113,0.0,1.647,0.0
2025-10-15T19:35:26.165000+00:00,router_dropped_pkts_total,internal,1-112,1-112,0.0,1.647,0.0
2025-10-15T19:35:26.165000+00:00,router_dropped_pkts_total,physical_local,1-112,local,0.0,1.647,0.0
2025-10-15T19:35:26.165000+00:00,router_dropped_pkts_total,physical_remote,1-112,remote,0.0,1.647,0.0
2025-10-15T19:35:26.165000+00:00,router_input_bytes_total,->1,1-112,unknown,0.0,1.647,0.0
2025-10-15T19:35:26.165000+00:00,router_input_bytes_total,->2,1-112,unknown,0.0,1.647,0.0
2025-10-15T19:35:26.165000+00:00,router_input_bytes_total,->3,1-112,unknown,0.0,1.647,0.0
2025-10-15T19:35:26.165000+00:00,router_input_bytes_total,->4,1-112,unknown,0.0,1.647,0.0
2025-10-15T19:35:26.165000+00:00,router_input_bytes_total,->6,1-112,unknown,0.0,1.647,0.0
2025-10-15T19:35:26.165000+00:00,router_input_bytes_total,->7,1-112,unknown,0.0,1.647,0.0
2025-10-15T19:35:26.165000+00:00,router_input_bytes_total,5,1-112,1-113,83675.0,1.647,50804.49301760777
2025-10-15T19:35:26.165000+00:00,router_input_bytes_total,internal,1-112,1-112,602176.0,1.647,365619.91499696416
2025-10-15T19:35:26.165000+00:00,router_input_bytes_total,physical_local,1-112,local,602176.0,1.647,365619.91499696416
2025-10-15T19:35:26.165000+00:00,router_input_bytes_total,physical_remote,1-112,remote,83675.0,1.647,50804.49301760777
2025-10-15T19:35:26.165000+00:00,router_input_pkts_total,->1,1-112,unknown,0.0,1.647,0.0
2025-10-15T19:35:26.165000+00:00,router_input_pkts_total,->2,1-112,unknown,0.0,1.647,0.0
2025-10-15T19:35:26.165000+00:00,router_input_pkts_total,->3,1-112,unknown,0.0,1.647,0.0
2025-10-15T19:35:26.165000+00:00,router_input_pkts_total,->4,1-112,unknown,0.0,1.647,0.0
2025-10-15T19:35:26.165000+00:00,router_input_pkts_total,->6,1-112,unknown,0.0,1.647,0.0
2025-10-15T19:35:26.165000+00:00,router_input_pkts_total,->7,1-112,unknown,0.0,1.647,0.0
2025-10-15T19:35:26.165000+00:00,router_input_pkts_total,5,1-112,1-113,628.0,1.647,381.29933211900425
2025-10-15T19:35:26.165000+00:00,router_input_pkts_total,internal,1-112,1-112,683.0,1.647,414.69338190649665
2025-10-15T19:35:26.165000+00:00,router_input_pkts_total,physical_local,1-112,local,683.0,1.647,414.69338190649665
2025-10-15T19:35:26.165000+00:00,router_input_pkts_total,physical_remote,1-112,remote,628.0,1.647,381.29933211900425
2025-10-15T19:35:26.165000+00:00,router_output_bytes_total,->1,1-112,unknown,0.0,1.647,0.0
2025-10-15T19:35:26.165000+00:00,router_output_bytes_total,->2,1-112,unknown,0.0,1.647,0.0
2025-10-15T19:35:26.165000+00:00,router_output_bytes_total,->3,1-112,unknown,0.0,1.647,0.0
2025-10-15T19:35:26.165000+00:00,router_output_bytes_total,->4,1-112,unknown,0.0,1.647,0.0
2025-10-15T19:35:26.165000+00:00,router_output_bytes_total,->6,1-112,unknown,0.0,1.647,0.0
2025-10-15T19:35:26.165000+00:00,router_output_bytes_total,->7,1-112,unknown,0.0,1.647,0.0
2025-10-15T19:35:26.165000+00:00,router_output_bytes_total,5,1-112,1-113,607998.0,1.647,369154.82695810567
2025-10-15T19:35:26.165000+00:00,router_output_bytes_total,internal,1-112,1-112,79139.0,1.647,48050.394656952034
2025-10-15T19:35:26.165000+00:00,router_output_bytes_total,physical_local,1-112,local,79139.0,1.647,48050.394656952034
2025-10-15T19:35:26.165000+00:00,router_output_bytes_total,physical_remote,1-112,remote,607998.0,1.647,369154.82695810567
2025-10-15T19:35:26.165000+00:00,router_output_pkts_total,->1,1-112,unknown,0.0,1.647,0.0
2025-10-15T19:35:26.165000+00:00,router_output_pkts_total,->2,1-112,unknown,0.0,1.647,0.0
2025-10-15T19:35:26.165000+00:00,router_output_pkts_total,->3,1-112,unknown,0.0,1.647,0.0
2025-10-15T19:35:26.165000+00:00,router_output_pkts_total,->4,1-112,unknown,0.0,1.647,0.0
2025-10-15T19:35:26.165000+00:00,router_output_pkts_total,->6,1-112,unknown,0.0,1.647,0.0
2025-10-15T19:35:26.165000+00:00,router_output_pkts_total,->7,1-112,unknown,0.0,1.647,0.0
2025-10-15T19:35:26.165000+00:00,router_output_pkts_total,5,1-112,1-113,724.0,1.647,439.58712811171824
2025-10-15T19:35:26.165000+00:00,router_output_pkts_total,internal,1-112,1-112,585.0,1.647,355.1912568306011
2025-10-15T19:35:26.165000+00:00,router_output_pkts_total,physical_local,1-112,local,585.0,1.647,355.1912568306011
2025-10-15T19:35:26.165000+00:00,router_output_pkts_total,physical_remote,1-112,remote,724.0,1.647,439.58712811171824
2025-10-15T19:35:27.692000+00:00,router_dropped_pkts_total,->1,1-112,unknown,0.0,1.527,0.0
2025-10-15T19:35:27.692000+00:00,router_dropped_pkts_total,->2,1-112,unknown,0.0,1.527,0.0
2025-10-15T19:35:27.692000+00:00,router_dropped_pkts_total,->3,1-112,unknown,0.0,1.527,0.0
2025-10-15T19:35:27.692000+00:00,router_dropped_pkts_total,->4,1-112,unknown,0.0,1.527,0.0
2025-10-15T19:35:27.692000+00:00,router_dropped_pkts_total,->6,1-112,unknown,0.0,1.527,0.0
2025-10-15T19:35:27.692000+00:00,router_dropped_pkts_total,->7,1-112,unknown,0.0,1.527,0.0
2025-10-15T19:35:27.692000+00:00,router_dropped_pkts_total,5,1-112,1-113,0.0,1.527,0.0
2025-10-15T19:35:27.692000+00:00,router_dropped_pkts_total,internal,1-112,1-112,0.0,1.527,0.0
2025-10-15T19:35:27.692000+00:00,router_dropped_pkts_total,physical_local,1-112,local,0.0,1.527,0.0
2025-10-15T19:35:27.692000+00:00,router_dropped_pkts_total,physical_remote,1-112,remote,0.0,1.527,0.0
2025-10-15T19:35:27.692000+00:00,router_input_bytes_total,->1,1-112,unknown,0.0,1.527,0.0
2025-10-15T19:35:27.692000+00:00,router_input_bytes_total,->2,1-112,unknown,0.0,1.527,0.0
2025-10-15T19:35:27.692000+00:00,router_input_bytes_total,->3,1-112,unknown,0.0,1.527,0.0
2025-10-15T19:35:27.692000+00:00,router_input_bytes_total,->4,1-112,unknown,0.0,1.527,0.0
2025-10-15T19:35:27.692000+00:00,router_input_bytes_total,->6,1-112,unknown,0.0,1.527,0.0
2025-10-15T19:35:27.692000+00:00,router_input_bytes_total,->7,1-112,unknown,0.0,1.527,0.0
2025-10-15T19:35:27.692000+00:00,router_input_bytes_total,5,1-112,1-113,48928.0,1.527,32041.91224623445
2025-10-15T19:35:27.692000+00:00,router_input_bytes_total,internal,1-112,1-112,354818.0,1.527,232362.80288146695
2025-10-15T19:35:27.692000+00:00,router_input_bytes_total,physical_local,1-112,local,354818.0,1.527,232362.80288146695
2025-10-15T19:35:27.692000+00:00,router_input_bytes_total,physical_remote,1-112,remote,48928.0,1.527,32041.91224623445
2025-10-15T19:35:27.692000+00:00,router_input_pkts_total,->1,1-112,unknown,0.0,1.527,0.0
2025-10-15T19:35:27.692000+00:00,router_input_pkts_total,->2,1-112,unknown,0.0,1.527,0.0
2025-10-15T19:35:27.692000+00:00,router_input_pkts_total,->3,1-112,unknown,0.0,1.527,0.0
2025-10-15T19:35:27.692000+00:00,router_input_pkts_total,->4,1-112,unknown,0.0,1.527,0.0
2025-10-15T19:35:27.692000+00:00,router_input_pkts_total,->6,1-112,unknown,0.0,1.527,0.0
2025-10-15T19:35:27.692000+00:00,router_input_pkts_total,->7,1-112,unknown,0.0,1.527,0.0
2025-10-15T19:35:27.692000+00:00,router_input_pkts_total,5,1-112,1-113,417.0,1.527,273.0844793713163
2025-10-15T19:35:27.692000+00:00,router_input_pkts_total,internal,1-112,1-112,387.0,1.527,253.43811394891947
2025-10-15T19:35:27.692000+00:00,router_input_pkts_total,physical_local,1-112,local,387.0,1.527,253.43811394891947
2025-10-15T19:35:27.692000+00:00,router_input_pkts_total,physical_remote,1-112,remote,417.0,1.527,273.0844793713163
2025-10-15T19:35:27.692000+00:00,router_output_bytes_total,->1,1-112,unknown,0.0,1.527,0.0
2025-10-15T19:35:27.692000+00:00,router_output_bytes_total,->2,1-112,unknown,0.0,1.527,0.0
2025-10-15T19:35:27.692000+00:00,router_output_bytes_total,->3,1-112,unknown,0.0,1.527,0.0
2025-10-15T19:35:27.692000+00:00,router_output_bytes_total,->4,1-112,unknown,0.0,1.527,0.0
2025-10-15T19:35:27.692000+00:00,router_output_bytes_total,->6,1-112,unknown,0.0,1.527,0.0
2025-10-15T19:35:27.692000+00:00,router_output_bytes_total,->7,1-112,unknown,0.0,1.527,0.0
2025-10-15T19:35:27.692000+00:00,router_output_bytes_total,5,1-112,1-113,356388.0,1.527,233390.9626719057
2025-10-15T19:35:27.692000+00:00,router_output_bytes_total,internal,1-112,1-112,46336.0,1.527,30344.46627373936
2025-10-15T19:35:27.692000+00:00,router_output_bytes_total,physical_local,1-112,local,46336.0,1.527,30344.46627373936
2025-10-15T19:35:27.692000+00:00,router_output_bytes_total,physical_remote,1-112,remote,356388.0,1.527,233390.9626719057
2025-10-15T19:35:27.692000+00:00,router_output_pkts_total,->1,1-112,unknown,0.0,1.527,0.0
2025-10-15T19:35:27.692000+00:00,router_output_pkts_total,->2,1-112,unknown,0.0,1.527,0.0
2025-10-15T19:35:27.692000+00:00,router_output_pkts_total,->3,1-112,unknown,0.0,1.527,0.0
2025-10-15T19:35:27.692000+00:00,router_output_pkts_total,->4,1-112,unknown,0.0,1.527,0.0
2025-10-15T19:35:27.692000+00:00,router_output_pkts_total,->6,1-112,unknown,0.0,1.527,0.0
2025-10-15T19:35:27.692000+00:00,router_output_pkts_total,->7,1-112,unknown,0.0,1.527,0.0
2025-10-15T19:35:27.692000+00:00,router_output_pkts_total,5,1-112,1-113,413.0,1.527,270.4649639816634
2025-10-15T19:35:27.692000+00:00,router_output_pkts_total,internal,1-112,1-112,393.0,1.527,257.3673870333988
2025-10-15T19:35:27.692000+00:00,router_output_pkts_total,physical_local,1-112,local,393.0,1.527,257.3673870333988
2025-10-15T19:35:27.692000+00:00,router_output_pkts_total,physical_remote,1-112,remote,413.0,1.527,270.4649639816634
2025-10-15T19:35:29.477000+00:00,router_dropped_pkts_total,->1,1-112,unknown,0.0,1.785,0.0
2025-10-15T19:35:29.477000+00:00,router_dropped_pkts_total,->2,1-112,unknown,0.0,1.785,0.0
2025-10-15T19:35:29.477000+00:00,router_dropped_pkts_total,->3,1-112,unknown,0.0,1.785,0.0
2025-10-15T19:35:29.477000+00:00,router_dropped_pkts_total,->4,1-112,unknown,0.0,1.785,0.0
2025-10-15T19:35:29.477000+00:00,router_dropped_pkts_total,->6,1-112,unknown,0.0,1.785,0.0
2025-10-15T19:35:29.477000+00:00,router_dropped_pkts_total,->7,1-112,unknown,0.0,1.785,0.0
2025-10-15T19:35:29.477000+00:00,router_dropped_pkts_total,5,1-112,1-113,0.0,1.785,0.0
2025-10-15T19:35:29.477000+00:00,router_dropped_pkts_total,internal,1-112,1-112,0.0,1.785,0.0
2025-10-15T19:35:29.477000+00:00,router_dropped_pkts_total,physical_local,1-112,local,0.0,1.785,0.0
2025-10-15T19:35:29.477000+00:00,router_dropped_pkts_total,physical_remote,1-112,remote,0.0,1.785,0.0
2025-10-15T19:35:29.477000+00:00,router_input_bytes_total,->1,1-112,unknown,0.0,1.785,0.0
2025-10-15T19:35:29.477000+00:00,router_input_bytes_total,->2,1-112,unknown,0.0,1.785,0.0
2025-10-15T19:35:29.477000+00:00,router_input_bytes_total,->3,1-112,unknown,0.0,1.785,0.0
2025-10-15T19:35:29.477000+00:00,router_input_bytes_total,->4,1-112,unknown,0.0,1.785,0.0
2025-10-15T19:35:29.477000+00:00,router_input_bytes_total,->6,1-112,unknown,0.0,1.785,0.0
2025-10-15T19:35:29.477000+00:00,router_input_bytes_total,->7,1-112,unknown,0.0,1.785,0.0
2025-10-15T19:35:29.477000+00:00,router_input_bytes_total,5,1-112,1-113,69947.0,1.785,39185.9943977591
2025-10-15T19:35:29.477000+00:00,router_input_bytes_total,internal,1-112,1-112,468154.0,1.785,262271.14845938375
2025-10-15T19:35:29.477000+00:00,router_input_bytes_total,physical_local,1-112,local,468154.0,1.785,262271.14845938375
2025-10-15T19:35:29.477000+00:00,router_input_bytes_total,physical_remote,1-112,remote,69947.0,1.785,39185.9943977591
2025-10-15T19:35:29.477000+00:00,router_input_pkts_total,->1,1-112,unknown,0.0,1.785,0.0
2025-10-15T19:35:29.477000+00:00,router_input_pkts_total,->2,1-112,unknown,0.0,1.785,0.0
2025-10-15T19:35:29.477000+00:00,router_input_pkts_total,->3,1-112,unknown,0.0,1.785,0.0
2025-10-15T19:35:29.477000+00:00,router_input_pkts_total,->4,1-112,unknown,0.0,1.785,0.0
2025-10-15T19:35:29.477000+00:00,router_input_pkts_total,->6,1-112,unknown,0.0,1.785,0.0
2025-10-15T19:35:29.477000+00:00,router_input_pkts_total,->7,1-112,unknown,0.0,1.785,0.0
2025-10-15T19:35:29.477000+00:00,router_input_pkts_total,5,1-112,1-113,557.0,1.785,312.04481792717087
2025-10-15T19:35:29.477000+00:00,router_input_pkts_total,internal,1-112,1-112,552.0,1.785,309.24369747899163
2025-10-15T19:35:29.477000+00:00,router_input_pkts_total,physical_local,1-112,local,552.0,1.785,309.24369747899163
2025-10-15T19:35:29.477000+00:00,router_input_pkts_total,physical_remote,1-112,remote,557.0,1.785,312.04481792717087
2025-10-15T19:35:29.477000+00:00,router_output_bytes_total,->1,1-112,unknown,0.0,1.785,0.0
2025-10-15T19:35:29.477000+00:00,router_output_bytes_total,->2,1-112,unknown,0.0,1.785,0.0
2025-10-15T19:35:29.477000+00:00,router_output_bytes_total,->3,1-112,unknown,0.0,1.785,0.0
2025-10-15T19:35:29.477000+00:00,router_output_bytes_total,->4,1-112,unknown,0.0,1.785,0.0
2025-10-15T19:35:29.477000+00:00,router_output_bytes_total,->6,1-112,unknown,0.0,1.785,0.0
2025-10-15T19:35:29.477000+00:00,router_output_bytes_total,->7,1-112,unknown,0.0,1.785,0.0
2025-10-15T19:35:29.477000+00:00,router_output_bytes_total,5,1-112,1-113,473530.0,1.785,265282.9131652661
2025-10-15T19:35:29.477000+00:00,router_output_bytes_total,internal,1-112,1-112,64884.0,1.785,36349.57983193277
2025-10-15T19:35:29.477000+00:00,router_output_bytes_total,physical_local,1-112,local,64884.0,1.785,36349.57983193277
2025-10-15T19:35:29.477000+00:00,router_output_bytes_total,physical_remote,1-112,remote,473530.0,1.785,265282.9131652661
2025-10-15T19:35:29.477000+00:00,router_output_pkts_total,->1,1-112,unknown,0.0,1.785,0.0
2025-10-15T19:35:29.477000+00:00,router_output_pkts_total,->2,1-112,unknown,0.0,1.785,0.0
2025-10-15T19:35:29.477000+00:00,router_output_pkts_total,->3,1-112,unknown,0.0,1.785,0.0
2025-10-15T19:35:29.477000+00:00,router_output_pkts_total,->4,1-112,unknown,0.0,1.785,0.0
2025-10-15T19:35:29.477000+00:00,router_output_pkts_total,->6,1-112,unknown,0.0,1.785,0.0
2025-10-15T19:35:29.477000+00:00,router_output_pkts_total,->7,1-112,unknown,0.0,1.785,0.0
2025-10-15T19:35:29.477000+00:00,router_output_pkts_total,5,1-112,1-113,598.0,1.785,335.0140056022409
2025-10-15T19:35:29.477000+00:00,router_output_pkts_total,internal,1-112,1-112,508.0,1.785,284.593837535014
2025-10-15T19:35:29.477000+00:00,router_output_pkts_total,physical_local,1-112,local,508.0,1.785,284.593837535014
2025-10-15T19:35:29.477000+00:00,router_output_pkts_total,physical_remote,1-112,remote,598.0,1.785,335.0140056022409
2025-10-15T19:35:31.193000+00:00,router_dropped_pkts_total,->1,1-112,unknown,0.0,1.716,0.0
2025-10-15T19:35:31.193000+00:00,router_dropped_pkts_total,->2,1-112,unknown,0.0,1.716,0.0
2025-10-15T19:35:31.193000+00:00,router_dropped_pkts_total,->3,1-112,unknown,0.0,1.716,0.0
2025-10-15T19:35:31.193000+00:00,router_dropped_pkts_total,->4,1-112,unknown,0.0,1.716,0.0
2025-10-15T19:35:31.193000+00:00,router_dropped_pkts_total,->6,1-112,unknown,0.0,1.716,0.0
2025-10-15T19:35:31.193000+00:00,router_dropped_pkts_total,->7,1-112,unknown,0.0,1.716,0.0
2025-10-15T19:35:31.193000+00:00,router_dropped_pkts_total,5,1-112,1-113,0.0,1.716,0.0
2025-10-15T19:35:31.193000+00:00,router_dropped_pkts_total,internal,1-112,1-112,0.0,1.716,0.0
2025-10-15T19:35:31.193000+00:00,router_dropped_pkts_total,physical_local,1-112,local,0.0,1.716,0.0
2025-10-15T19:35:31.193000+00:00,router_dropped_pkts_total,physical_remote,1-112,remote,0.0,1.716,0.0
2025-10-15T19:35:31.193000+00:00,router_input_bytes_total,->1,1-112,unknown,0.0,1.716,0.0
2025-10-15T19:35:31.193000+00:00,router_input_bytes_total,->2,1-112,unknown,0.0,1.716,0.0
2025-10-15T19:35:31.193000+00:00,router_input_bytes_total,->3,1-112,unknown,0.0,1.716,0.0
2025-10-15T19:35:31.193000+00:00,router_input_bytes_total,->4,1-112,unknown,0.0,1.716,0.0
2025-10-15T19:35:31.193000+00:00,router_input_bytes_total,->6,1-112,unknown,0.0,1.716,0.0
2025-10-15T19:35:31.193000+00:00,router_input_bytes_total,->7,1-112,unknown,0.0,1.716,0.0
2025-10-15T19:35:31.193000+00:00,router_input_bytes_total,5,1-112,1-113,67375.0,1.716,39262.820512820515
2025-10-15T19:35:31.193000+00:00,router_input_bytes_total,internal,1-112,1-112,419353.0,1.716,244378.20512820513
2025-10-15T19:35:31.193000+00:00,router_input_bytes_total,physical_local,1-112,local,419353.0,1.716,244378.20512820513
2025-10-15T19:35:31.193000+00:00,router_input_bytes_total,physical_remote,1-112,remote,67375.0,1.716,39262.820512820515
2025-10-15T19:35:31.193000+00:00,router_input_pkts_total,->1,1-112,unknown,0.0,1.716,0.0
2025-10-15T19:35:31.193000+00:00,router_input_pkts_total,->2,1-112,unknown,0.0,1.716,0.0
2025-10-15T19:35:31.193000+00:00,router_input_pkts_total,->3,1-112,unknown,0.0,1.716,0.0
2025-10-15T19:35:31.193000+00:00,router_input_pkts_total,->4,1-112,unknown,0.0,1.716,0.0
2025-10-15T19:35:31.193000+00:00,router_input_pkts_total,->6,1-112,unknown,0.0,1.716,0.0
2025-10-15T19:35:31.193000+00:00,router_input_pkts_total,->7,1-112,unknown,0.0,1.716,0.0
2025-10-15T19:35:31.193000+00:00,router_input_pkts_total,5,1-112,1-113,505.0,1.716,294.2890442890443
2025-10-15T19:35:31.193000+00:00,router_input_pkts_total,internal,1-112,1-112,492.0,1.716,286.7132867132867
2025-10-15T19:35:31.193000+00:00,router_input_pkts_total,physical_local,1-112,local,492.0,1.716,286.7132867132867
2025-10-15T19:35:31.193000+00:00,router_input_pkts_total,physical_remote,1-112,remote,505.0,1.716,294.2890442890443
2025-10-15T19:35:31.193000+00:00,router_output_bytes_total,->1,1-112,unknown,0.0,1.716,0.0
2025-10-15T19:35:31.193000+00:00,router_output_bytes_total,->2,1-112,unknown,0.0,1.716,0.0
2025-10-15T19:35:31.193000+00:00,router_output_bytes_total,->3,1-112,unknown,0.0,1.716,0.0
2025-10-15T19:35:31.193000+00:00,router_output_bytes_total,->4,1-112,unknown,0.0,1.716,0.0
2025-10-15T19:35:31.193000+00:00,router_output_bytes_total,->6,1-112,unknown,0.0,1.716,0.0
2025-10-15T19:35:31.193000+00:00,router_output_bytes_total,->7,1-112,unknown,0.0,1.716,0.0
2025-10-15T19:35:31.193000+00:00,router_output_bytes_total,5,1-112,1-113,424729.0,1.716,247511.07226107226
2025-10-15T19:35:31.193000+00:00,router_output_bytes_total,internal,1-112,1-112,62070.0,1.716,36171.32867132867
2025-10-15T19:35:31.193000+00:00,router_output_bytes_total,physical_local,1-112,local,62070.0,1.716,36171.32867132867
2025-10-15T19:35:31.193000+00:00,router_output_bytes_total,physical_remote,1-112,remote,424729.0,1.716,247511.07226107226
2025-10-15T19:35:31.193000+00:00,router_output_pkts_total,->1,1-112,unknown,0.0,1.716,0.0
2025-10-15T19:35:31.193000+00:00,router_output_pkts_total,->2,1-112,unknown,0.0,1.716,0.0
2025-10-15T19:35:31.193000+00:00,router_output_pkts_total,->3,1-112,unknown,0.0,1.716,0.0
2025-10-15T19:35:31.193000+00:00,router_output_pkts_total,->4,1-112,unknown,0.0,1.716,0.0
2025-10-15T19:35:31.193000+00:00,router_output_pkts_total,->6,1-112,unknown,0.0,1.716,0.0
2025-10-15T19:35:31.193000+00:00,router_output_pkts_total,->7,1-112,unknown,0.0,1.716,0.0
2025-10-15T19:35:31.193000+00:00,router_output_pkts_total,5,1-112,1-113,541.0,1.716,315.2680652680653
2025-10-15T19:35:31.193000+00:00,router_output_pkts_total,internal,1-112,1-112,458.0,1.716,266.8997668997669
2025-10-15T19:35:31.193000+00:00,router_output_pkts_total,physical_local,1-112,local,458.0,1.716,266.8997668997669
2025-10-15T19:35:31.193000+00:00,router_output_pkts_total,physical_remote,1-112,remote,541.0,1.716,315.2680652680653
2025-10-15T19:35:32.943000+00:00,router_dropped_pkts_total,->1,1-112,unknown,0.0,1.75,0.0
2025-10-15T19:35:32.943000+00:00,router_dropped_pkts_total,->2,1-112,unknown,0.0,1.75,0.0
2025-10-15T19:35:32.943000+00:00,router_dropped_pkts_total,->3,1-112,unknown,0.0,1.75,0.0
2025-10-15T19:35:32.943000+00:00,router_dropped_pkts_total,->4,1-112,unknown,0.0,1.75,0.0
2025-10-15T19:35:32.943000+00:00,router_dropped_pkts_total,->6,1-112,unknown,0.0,1.75,0.0
2025-10-15T19:35:32.943000+00:00,router_dropped_pkts_total,->7,1-112,unknown,0.0,1.75,0.0
2025-10-15T19:35:32.943000+00:00,router_dropped_pkts_total,5,1-112,1-113,0.0,1.75,0.0
2025-10-15T19:35:32.943000+00:00,router_dropped_pkts_total,internal,1-112,1-112,0.0,1.75,0.0
2025-10-15T19:35:32.943000+00:00,router_dropped_pkts_total,physical_local,1-112,local,0.0,1.75,0.0
2025-10-15T19:35:32.943000+00:00,router_dropped_pkts_total,physical_remote,1-112,remote,0.0,1.75,0.0
2025-10-15T19:35:32.943000+00:00,router_input_bytes_total,->1,1-112,unknown,0.0,1.75,0.0
2025-10-15T19:35:32.943000+00:00,router_input_bytes_total,->2,1-112,unknown,0.0,1.75,0.0
2025-10-15T19:35:32.943000+00:00,router_input_bytes_total,->3,1-112,unknown,0.0,1.75,0.0
2025-10-15T19:35:32.943000+00:00,router_input_bytes_total,->4,1-112,unknown,0.0,1.75,0.0
2025-10-15T19:35:32.943000+00:00,router_input_bytes_total,->6,1-112,unknown,0.0,1.75,0.0
2025-10-15T19:35:32.943000+00:00,router_input_bytes_total,->7,1-112,unknown,0.0,1.75,0.0
2025-10-15T19:35:32.943000+00:00,router_input_bytes_total,5,1-112,1-113,58300.0,1.75,33314.28571428572
2025-10-15T19:35:32.943000+00:00,router_input_bytes_total,internal,1-112,1-112,344205.0,1.75,196688.57142857142
2025-10-15T19:35:32.943000+00:00,router_input_bytes_total,physical_local,1-112,local,344205.0,1.75,196688.57142857142
2025-10-15T19:35:32.943000+00:00,router_input_bytes_total,physical_remote,1-112,remote,58300.0,1.75,33314.28571428572
2025-10-15T19:35:32.943000+00:00,router_input_pkts_total,->1,1-112,unknown,0.0,1.75,0.0
2025-10-15T19:35:32.943000+00:00,router_input_pkts_total,->2,1-112,unknown,0.0,1.75,0.0
2025-10-15T19:35:32.943000+00:00,router_input_pkts_total,->3,1-112,unknown,0.0,1.75,0.0
2025-10-15T19:35:32.943000+00:00,router_input_pkts_total,->4,1-112,unknown,0.0,1.75,0.0
2025-10-15T19:35:32.943000+00:00,router_input_pkts_total,->6,1-112,unknown,0.0,1.75,0.0
2025-10-15T19:35:32.943000+00:00,router_input_pkts_total,->7,1-112,unknown,0.0,1.75,0.0
2025-10-15T19:35:32.943000+00:00,router_input_pkts_total,5,1-112,1-113,387.0,1.75,221.14285714285714
2025-10-15T19:35:32.943000+00:00,router_input_pkts_total,internal,1-112,1-112,424.0,1.75,242.28571428571428
2025-10-15T19:35:32.943000+00:00,router_input_pkts_total,physical_local,1-112,local,424.0,1.75,242.28571428571428
2025-10-15T19:35:32.943000+00:00,router_input_pkts_total,physical_remote,1-112,remote,387.0,1.75,221.14285714285714
2025-10-15T19:35:32.943000+00:00,router_output_bytes_total,->1,1-112,unknown,0.0,1.75,0.0
2025-10-15T19:35:32.943000+00:00,router_output_bytes_total,->2,1-112,unknown,0.0,1.75,0.0
2025-10-15T19:35:32.943000+00:00,router_output_bytes_total,->3,1-112,unknown,0.0,1.75,0.0
2025-10-15T19:35:32.943000+00:00,router_output_bytes_total,->4,1-112,unknown,0.0,1.75,0.0
2025-10-15T19:35:32.943000+00:00,router_output_bytes_total,->6,1-112,unknown,0.0,1.75,0.0
2025-10-15T19:35:32.943000+00:00,router_output_bytes_total,->7,1-112,unknown,0.0,1.75,0.0
2025-10-15T19:35:32.943000+00:00,router_output_bytes_total,5,1-112,1-113,348573.0,1.75,199184.57142857142
2025-10-15T19:35:32.943000+00:00,router_output_bytes_total,internal,1-112,1-112,54088.0,1.75,30907.428571428572
2025-10-15T19:35:32.943000+00:00,router_output_bytes_total,physical_local,1-112,local,54088.0,1.75,30907.428571428572
2025-10-15T19:35:32.943000+00:00,router_output_bytes_total,physical_remote,1-112,remote,348573.0,1.75,199184.57142857142
2025-10-15T19:35:32.943000+00:00,router_output_pkts_total,->1,1-112,unknown,0.0,1.75,0.0
2025-10-15T19:35:32.943000+00:00,router_output_pkts_total,->2,1-112,unknown,0.0,1.75,0.0
2025-10-15T19:35:32.943000+00:00,router_output_pkts_total,->3,1-112,unknown,0.0,1.75,0.0
2025-10-15T19:35:32.943000+00:00,router_output_pkts_total,->4,1-112,unknown,0.0,1.75,0.0
2025-10-15T19:35:32.943000+00:00,router_output_pkts_total,->6,1-112,unknown,0.0,1.75,0.0
2025-10-15T19:35:32.943000+00:00,router_output_pkts_total,->7,1-112,unknown,0.0,1.75,0.0
2025-10-15T19:35:32.943000+00:00,router_output_pkts_total,5,1-112,1-113,462.0,1.75,264.0
2025-10-15T19:35:32.943000+00:00,router_output_pkts_total,internal,1-112,1-112,347.0,1.75,198.28571428571428
2025-10-15T19:35:32.943000+00:00,router_output_pkts_total,physical_local,1-112,local,347.0,1.75,198.28571428571428
2025-10-15T19:35:32.943000+00:00,router_output_pkts_total,physical_remote,1-112,remote,462.0,1.75,264.0
2025-10-15T19:35:34.460000+00:00,router_dropped_pkts_total,->1,1-112,unknown,0.0,1.517,0.0
2025-10-15T19:35:34.460000+00:00,router_dropped_pkts_total,->2,1-112,unknown,0.0,1.517,0.0
2025-10-15T19:35:34.460000+00:00,router_dropped_pkts_total,->3,1-112,unknown,0.0,1.517,0.0
2025-10-15T19:35:34.460000+00:00,router_dropped_pkts_total,->4,1-112,unknown,0.0,1.517,0.0
2025-10-15T19:35:34.460000+00:00,router_dropped_pkts_total,->6,1-112,unknown,0.0,1.517,0.0
2025-10-15T19:35:34.460000+00:00,router_dropped_pkts_total,->7,1-112,unknown,0.0,1.517,0.0
2025-10-15T19:35:34.460000+00:00,router_dropped_pkts_total,5,1-112,1-113,0.0,1.517,0.0
2025-10-15T19:35:34.460000+00:00,router_dropped_pkts_total,internal,1-112,1-112,0.0,1.517,0.0
2025-10-15T19:35:34.460000+00:00,router_dropped_pkts_total,physical_local,1-112,local,0.0,1.517,0.0
2025-10-15T19:35:34.460000+00:00,router_dropped_pkts_total,physical_remote,1-112,remote,0.0,1.517,0.0
2025-10-15T19:35:34.460000+00:00,router_input_bytes_total,->1,1-112,unknown,0.0,1.517,0.0
2025-10-15T19:35:34.460000+00:00,router_input_bytes_total,->2,1-112,unknown,0.0,1.517,0.0
2025-10-15T19:35:34.460000+00:00,router_input_bytes_total,->3,1-112,unknown,0.0,1.517,0.0
2025-10-15T19:35:34.460000+00:00,router_input_bytes_total,->4,1-112,unknown,0.0,1.517,0.0
2025-10-15T19:35:34.460000+00:00,router_input_bytes_total,->6,1-112,unknown,0.0,1.517,0.0
2025-10-15T19:35:34.460000+00:00,router_input_bytes_total,->7,1-112,unknown,0.0,1.517,0.0
2025-10-15T19:35:34.460000+00:00,router_input_bytes_total,5,1-112,1-113,43295.0,1.517,28539.881344759397
2025-10-15T19:35:34.460000+00:00,router_input_bytes_total,internal,1-112,1-112,337248.0,1.517,222312.4588002637
2025-10-15T19:35:34.460000+00:00,router_input_bytes_total,physical_local,1-112,local,337248.0,1.517,222312.4588002637
2025-10-15T19:35:34.460000+00:00,router_input_bytes_total,physical_remote,1-112,remote,43295.0,1.517,28539.881344759397
2025-10-15T19:35:34.460000+00:00,router_input_pkts_total,->1,1-112,unknown,0.0,1.517,0.0
2025-10-15T19:35:34.460000+00:00,router_input_pkts_total,->2,1-112,unknown,0.0,1.517,0.0
2025-10-15T19:35:34.460000+00:00,router_input_pkts_total,->3,1-112,unknown,0.0,1.517,0.0
2025-10-15T19:35:34.460000+00:00,router_input_pkts_total,->4,1-112,unknown,0.0,1.517,0.0
2025-10-15T19:35:34.460000+00:00,router_input_pkts_total,->6,1-112,unknown,0.0,1.517,0.0
2025-10-15T19:35:34.460000+00:00,router_input_pkts_total,->7,1-112,unknown,0.0,1.517,0.0
2025-10-15T19:35:34.460000+00:00,router_input_pkts_total,5,1-112,1-113,367.0,1.517,241.92485168094925
2025-10-15T19:35:34.460000+00:00,router_input_pkts_total,internal,1-112,1-112,402.0,1.517,264.9967040210943
2025-10-15T19:35:34.460000+00:00,router_input_pkts_total,physical_local,1-112,local,402.0,1.517,264.9967040210943
2025-10-15T19:35:34.460000+00:00,router_input_pkts_total,physical_remote,1-112,remote,367.0,1.517,241.92485168094925
2025-10-15T19:35:34.460000+00:00,router_output_bytes_total,->1,1-112,unknown,0.0,1.517,0.0
2025-10-15T19:35:34.460000+00:00,router_output_bytes_total,->2,1-112,unknown,0.0,1.517,0.0
2025-10-15T19:35:34.460000+00:00,router_output_bytes_total,->3,1-112,unknown,0.0,1.517,0.0
2025-10-15T19:35:34.460000+00:00,router_output_bytes_total,->4,1-112,unknown,0.0,1.517,0.0
2025-10-15T19:35:34.460000+00:00,router_output_bytes_total,->6,1-112,unknown,0.0,1.517,0.0
2025-10-15T19:35:34.460000+00:00,router_output_bytes_total,->7,1-112,unknown,0.0,1.517,0.0
2025-10-15T19:35:34.460000+00:00,router_output_bytes_total,5,1-112,1-113,342734.0,1.517,225928.80685563612
2025-10-15T19:35:34.460000+00:00,router_output_bytes_total,internal,1-112,1-112,39083.0,1.517,25763.34871456823
2025-10-15T19:35:34.460000+00:00,router_output_bytes_total,physical_local,1-112,local,39083.0,1.517,25763.34871456823
2025-10-15T19:35:34.460000+00:00,router_output_bytes_total,physical_remote,1-112,remote,342734.0,1.517,225928.80685563612
2025-10-15T19:35:34.460000+00:00,router_output_pkts_total,->1,1-112,unknown,0.0,1.517,0.0
2025-10-15T19:35:34.460000+00:00,router_output_pkts_total,->2,1-112,unknown,0.0,1.517,0.0
2025-10-15T19:35:34.460000+00:00,router_output_pkts_total,->3,1-112,unknown,0.0,1.517,0.0
2025-10-15T19:35:34.460000+00:00,router_output_pkts_total,->4,1-112,unknown,0.0,1.517,0.0
2025-10-15T19:35:34.460000+00:00,router_output_pkts_total,->6,1-112,unknown,0.0,1.517,0.0
2025-10-15T19:35:34.460000+00:00,router_output_pkts_total,->7,1-112,unknown,0.0,1.517,0.0
2025-10-15T19:35:34.460000+00:00,router_output_pkts_total,5,1-112,1-113,441.0,1.517,290.7053394858273
2025-10-15T19:35:34.460000+00:00,router_output_pkts_total,internal,1-112,1-112,328.0,1.517,216.21621621621622
2025-10-15T19:35:34.460000+00:00,router_output_pkts_total,physical_local,1-112,local,328.0,1.517,216.21621621621622
2025-10-15T19:35:34.460000+00:00,router_output_pkts_total,physical_remote,1-112,remote,441.0,1.517,290.7053394858273
2025-10-15T19:35:36.030000+00:00,router_dropped_pkts_total,->1,1-112,unknown,0.0,1.57,0.0
2025-10-15T19:35:36.030000+00:00,router_dropped_pkts_total,->2,1-112,unknown,0.0,1.57,0.0
2025-10-15T19:35:36.030000+00:00,router_dropped_pkts_total,->3,1-112,unknown,0.0,1.57,0.0
2025-10-15T19:35:36.030000+00:00,router_dropped_pkts_total,->4,1-112,unknown,0.0,1.57,0.0
2025-10-15T19:35:36.030000+00:00,router_dropped_pkts_total,->6,1-112,unknown,0.0,1.57,0.0
2025-10-15T19:35:36.030000+00:00,router_dropped_pkts_total,->7,1-112,unknown,0.0,1.57,0.0
2025-10-15T19:35:36.030000+00:00,router_dropped_pkts_total,5,1-112,1-113,0.0,1.57,0.0
2025-10-15T19:35:36.030000+00:00,router_dropped_pkts_total,internal,1-112,1-112,0.0,1.57,0.0
2025-10-15T19:35:36.030000+00:00,router_dropped_pkts_total,physical_local,1-112,local,0.0,1.57,0.0
2025-10-15T19:35:36.030000+00:00,router_dropped_pkts_total,physical_remote,1-112,remote,0.0,1.57,0.0
2025-10-15T19:35:36.030000+00:00,router_input_bytes_total,->1,1-112,unknown,0.0,1.57,0.0
2025-10-15T19:35:36.030000+00:00,router_input_bytes_total,->2,1-112,unknown,0.0,1.57,0.0
2025-10-15T19:35:36.030000+00:00,router_input_bytes_total,->3,1-112,unknown,0.0,1.57,0.0
2025-10-15T19:35:36.030000+00:00,router_input_bytes_total,->4,1-112,unknown,0.0,1.57,0.0
2025-10-15T19:35:36.030000+00:00,router_input_bytes_total,->6,1-112,unknown,0.0,1.57,0.0
2025-10-15T19:35:36.030000+00:00,router_input_bytes_total,->7,1-112,unknown,0.0,1.57,0.0
2025-10-15T19:35:36.030000+00:00,router_input_bytes_total,5,1-112,1-113,44876.0,1.57,28583.43949044586
2025-10-15T19:35:36.030000+00:00,router_input_bytes_total,internal,1-112,1-112,366425.0,1.57,233391.71974522292
2025-10-15T19:35:36.030000+00:00,router_input_bytes_total,physical_local,1-112,local,366425.0,1.57,233391.71974522292
2025-10-15T19:35:36.030000+00:00,router_input_bytes_total,physical_remote,1-112,remote,44876.0,1.57,28583.43949044586
2025-10-15T19:35:36.030000+00:00,router_input_pkts_total,->1,1-112,unknown,0.0,1.57,0.0
2025-10-15T19:35:36.030000+00:00,router_input_pkts_total,->2,1-112,unknown,0.0,1.57,0.0
2025-10-15T19:35:36.030000+00:00,router_input_pkts_total,->3,1-112,unknown,0.0,1.57,0.0
2025-10-15T19:35:36.030000+00:00,router_input_pkts_total,->4,1-112,unknown,0.0,1.57,0.0
2025-10-15T19:35:36.030000+00:00,router_input_pkts_total,->6,1-112,unknown,0.0,1.57,0.0
2025-10-15T19:35:36.030000+00:00,router_input_pkts_total,->7,1-112,unknown,0.0,1.57,0.0
2025-10-15T19:35:36.030000+00:00,router_input_pkts_total,5,1-112,1-113,345.0,1.57,219.7452229299363
2025-10-15T19:35:36.030000+00:00,router_input_pkts_total,internal,1-112,1-112,444.0,1.57,282.80254777070064
2025-10-15T19:35:36.030000+00:00,router_input_pkts_total,physical_local,1-112,local,444.0,1.57,282.80254777070064
2025-10-15T19:35:36.030000+00:00,router_input_pkts_total,physical_remote,1-112,remote,345.0,1.57,219.7452229299363
2025-10-15T19:35:36.030000+00:00,router_output_bytes_total,->1,1-112,unknown,0.0,1.57,0.0
2025-10-15T19:35:36.030000+00:00,router_output_bytes_total,->2,1-112,unknown,0.0,1.57,0.0
2025-10-15T19:35:36.030000+00:00,router_output_bytes_total,->3,1-112,unknown,0.0,1.57,0.0
2025-10-15T19:35:36.030000+00:00,router_output_bytes_total,->4,1-112,unknown,0.0,1.57,0.0
2025-10-15T19:35:36.030000+00:00,router_output_bytes_total,->6,1-112,unknown,0.0,1.57,0.0
2025-10-15T19:35:36.030000+00:00,router_output_bytes_total,->7,1-112,unknown,0.0,1.57,0.0
2025-10-15T19:35:36.030000+00:00,router_output_bytes_total,5,1-112,1-113,370011.0,1.57,235675.79617834394
2025-10-15T19:35:36.030000+00:00,router_output_bytes_total,internal,1-112,1-112,40340.0,1.57,25694.267515923566
2025-10-15T19:35:36.030000+00:00,router_output_bytes_total,physical_local,1-112,local,40340.0,1.57,25694.267515923566
2025-10-15T19:35:36.030000+00:00,router_output_bytes_total,physical_remote,1-112,remote,370011.0,1.57,235675.79617834394
2025-10-15T19:35:36.030000+00:00,router_output_pkts_total,->1,1-112,unknown,0.0,1.57,0.0
2025-10-15T19:35:36.030000+00:00,router_output_pkts_total,->2,1-112,unknown,0.0,1.57,0.0
2025-10-15T19:35:36.030000+00:00,router_output_pkts_total,->3,1-112,unknown,0.0,1.57,0.0
2025-10-15T19:35:36.030000+00:00,router_output_pkts_total,->4,1-112,unknown,0.0,1.57,0.0
2025-10-15T19:35:36.030000+00:00,router_output_pkts_total,->6,1-112,unknown,0.0,1.57,0.0
2025-10-15T19:35:36.030000+00:00,router_output_pkts_total,->7,1-112,unknown,0.0,1.57,0.0
2025-10-15T19:35:36.030000+00:00,router_output_pkts_total,5,1-112,1-113,487.0,1.57,310.1910828025478
2025-10-15T19:35:36.030000+00:00,router_output_pkts_total,internal,1-112,1-112,304.0,1.57,193.63057324840764
2025-10-15T19:35:36.030000+00:00,router_output_pkts_total,physical_local,1-112,local,304.0,1.57,193.63057324840764
2025-10-15T19:35:36.030000+00:00,router_output_pkts_total,physical_remote,1-112,remote,487.0,1.57,310.1910828025478
2025-10-15T19:35:37.509000+00:00,router_dropped_pkts_total,->1,1-112,unknown,0.0,1.479,0.0
2025-10-15T19:35:37.509000+00:00,router_dropped_pkts_total,->2,1-112,unknown,0.0,1.479,0.0
2025-10-15T19:35:37.509000+00:00,router_dropped_pkts_total,->3,1-112,unknown,0.0,1.479,0.0
2025-10-15T19:35:37.509000+00:00,router_dropped_pkts_total,->4,1-112,unknown,0.0,1.479,0.0
2025-10-15T19:35:37.509000+00:00,router_dropped_pkts_total,->6,1-112,unknown,0.0,1.479,0.0
2025-10-15T19:35:37.509000+00:00,router_dropped_pkts_total,->7,1-112,unknown,0.0,1.479,0.0
2025-10-15T19:35:37.509000+00:00,router_dropped_pkts_total,5,1-112,1-113,0.0,1.479,0.0
2025-10-15T19:35:37.509000+00:00,router_dropped_pkts_total,internal,1-112,1-112,0.0,1.479,0.0
2025-10-15T19:35:37.509000+00:00,router_dropped_pkts_total,physical_local,1-112,local,0.0,1.479,0.0
2025-10-15T19:35:37.509000+00:00,router_dropped_pkts_total,physical_remote,1-112,remote,0.0,1.479,0.0
2025-10-15T19:35:37.509000+00:00,router_input_bytes_total,->1,1-112,unknown,0.0,1.479,0.0
2025-10-15T19:35:37.509000+00:00,router_input_bytes_total,->2,1-112,unknown,0.0,1.479,0.0
2025-10-15T19:35:37.509000+00:00,router_input_bytes_total,->3,1-112,unknown,0.0,1.479,0.0
2025-10-15T19:35:37.509000+00:00,router_input_bytes_total,->4,1-112,unknown,0.0,1.479,0.0
2025-10-15T19:35:37.509000+00:00,router_input_bytes_total,->6,1-112,unknown,0.0,1.479,0.0
2025-10-15T19:35:37.509000+00:00,router_input_bytes_total,->7,1-112,unknown,0.0,1.479,0.0
2025-10-15T19:35:37.509000+00:00,router_input_bytes_total,5,1-112,1-113,66376.0,1.479,44878.972278566594
2025-10-15T19:35:37.509000+00:00,router_input_bytes_total,internal,1-112,1-112,388063.0,1.479,262382.0148749155
2025-10-15T19:35:37.509000+00:00,router_input_bytes_total,physical_local,1-112,local,388063.0,1.479,262382.0148749155
2025-10-15T19:35:37.509000+00:00,router_input_bytes_total,physical_remote,1-112,remote,66376.0,1.479,44878.972278566594
2025-10-15T19:35:37.509000+00:00,router_input_pkts_total,->1,1-112,unknown,0.0,1.479,0.0
2025-10-15T19:35:37.509000+00:00,router_input_pkts_total,->2,1-112,unknown,0.0,1.479,0.0
2025-10-15T19:35:37.509000+00:00,router_input_pkts_total,->3,1-112,unknown,0.0,1.479,0.0
2025-10-15T19:35:37.509000+00:00,router_input_pkts_total,->4,1-112,unknown,0.0,1.479,0.0
2025-10-15T19:35:37.509000+00:00,router_input_pkts_total,->6,1-112,unknown,0.0,1.479,0.0
2025-10-15T19:35:37.509000+00:00,router_input_pkts_total,->7,1-112,unknown,0.0,1.479,0.0
2025-10-15T19:35:37.509000+00:00,router_input_pkts_total,5,1-112,1-113,412.0,1.479,278.56659905341445
2025-10-15T19:35:37.509000+00:00,router_input_pkts_total,internal,1-112,1-112,484.0,1.479,327.24814063556454
2025-10-15T19:35:37.509000+00:00,router_input_pkts_total,physical_local,1-112,local,484.0,1.479,327.24814063556454
2025-10-15T19:35:37.509000+00:00,router_input_pkts_total,physical_remote,1-112,remote,412.0,1.479,278.56659905341445
2025-10-15T19:35:37.509000+00:00,router_output_bytes_total,->1,1-112,unknown,0.0,1.479,0.0
2025-10-15T19:35:37.509000+00:00,router_output_bytes_total,->2,1-112,unknown,0.0,1.479,0.0
2025-10-15T19:35:37.509000+00:00,router_output_bytes_total,->3,1-112,unknown,0.0,1.479,0.0
2025-10-15T19:35:37.509000+00:00,router_output_bytes_total,->4,1-112,unknown,0.0,1.479,0.0
2025-10-15T19:35:37.509000+00:00,router_output_bytes_total,->6,1-112,unknown,0.0,1.479,0.0
2025-10-15T19:35:37.509000+00:00,router_output_bytes_total,->7,1-112,unknown,0.0,1.479,0.0
2025-10-15T19:35:37.509000+00:00,router_output_bytes_total,5,1-112,1-113,392431.0,1.479,265335.36173089925
2025-10-15T19:35:37.509000+00:00,router_output_bytes_total,internal,1-112,1-112,62164.0,1.479,42031.102096010814
2025-10-15T19:35:37.509000+00:00,router_output_bytes_total,physical_local,1-112,local,62164.0,1.479,42031.102096010814
2025-10-15T19:35:37.509000+00:00,router_output_bytes_total,physical_remote,1-112,remote,392431.0,1.479,265335.36173089925
2025-10-15T19:35:37.509000+00:00,router_output_pkts_total,->1,1-112,unknown,0.0,1.479,0.0
2025-10-15T19:35:37.509000+00:00,router_output_pkts_total,->2,1-112,unknown,0.0,1.479,0.0
2025-10-15T19:35:37.509000+00:00,router_output_pkts_total,->3,1-112,unknown,0.0,1.479,0.0
2025-10-15T19:35:37.509000+00:00,router_output_pkts_total,->4,1-112,unknown,0.0,1.479,0.0
2025-10-15T19:35:37.509000+00:00,router_output_pkts_total,->6,1-112,unknown,0.0,1.479,0.0
2025-10-15T19:35:37.509000+00:00,router_output_pkts_total,->7,1-112,unknown,0.0,1.479,0.0
2025-10-15T19:35:37.509000+00:00,router_output_pkts_total,5,1-112,1-113,523.0,1.479,353.6173089925625
2025-10-15T19:35:37.509000+00:00,router_output_pkts_total,internal,1-112,1-112,373.0,1.479,252.1974306964165
2025-10-15T19:35:37.509000+00:00,router_output_pkts_total,physical_local,1-112,local,373.0,1.479,252.1974306964165
2025-10-15T19:35:37.509000+00:00,router_output_pkts_total,physical_remote,1-112,remote,523.0,1.479,353.6173089925625
2025-10-15T19:35:39.335000+00:00,router_dropped_pkts_total,->1,1-112,unknown,0.0,1.826,0.0
2025-10-15T19:35:39.335000+00:00,router_dropped_pkts_total,->2,1-112,unknown,0.0,1.826,0.0
2025-10-15T19:35:39.335000+00:00,router_dropped_pkts_total,->3,1-112,unknown,0.0,1.826,0.0
2025-10-15T19:35:39.335000+00:00,router_dropped_pkts_total,->4,1-112,unknown,0.0,1.826,0.0
2025-10-15T19:35:39.335000+00:00,router_dropped_pkts_total,->6,1-112,unknown,0.0,1.826,0.0
2025-10-15T19:35:39.335000+00:00,router_dropped_pkts_total,->7,1-112,unknown,0.0,1.826,0.0
2025-10-15T19:35:39.335000+00:00,router_dropped_pkts_total,5,1-112,1-113,0.0,1.826,0.0
2025-10-15T19:35:39.335000+00:00,router_dropped_pkts_total,internal,1-112,1-112,0.0,1.826,0.0
2025-10-15T19:35:39.335000+00:00,router_dropped_pkts_total,physical_local,1-112,local,0.0,1.826,0.0
2025-10-15T19:35:39.335000+00:00,router_dropped_pkts_total,physical_remote,1-112,remote,0.0,1.826,0.0
2025-10-15T19:35:39.335000+00:00,router_input_bytes_total,->1,1-112,unknown,0.0,1.826,0.0
2025-10-15T19:35:39.335000+00:00,router_input_bytes_total,->2,1-112,unknown,0.0,1.826,0.0
2025-10-15T19:35:39.335000+00:00,router_input_bytes_total,->3,1-112,unknown,0.0,1.826,0.0
2025-10-15T19:35:39.335000+00:00,router_input_bytes_total,->4,1-112,unknown,0.0,1.826,0.0
2025-10-15T19:35:39.335000+00:00,router_input_bytes_total,->6,1-112,unknown,0.0,1.826,0.0
2025-10-15T19:35:39.335000+00:00,router_input_bytes_total,->7,1-112,unknown,0.0,1.826,0.0
2025-10-15T19:35:39.335000+00:00,router_input_bytes_total,5,1-112,1-113,44193.0,1.826,24202.081051478643
2025-10-15T19:35:39.335000+00:00,router_input_bytes_total,internal,1-112,1-112,359250.0,1.826,196741.51150054764
2025-10-15T19:35:39.335000+00:00,router_input_bytes_total,physical_local,1-112,local,359250.0,1.826,196741.51150054764
2025-10-15T19:35:39.335000+00:00,router_input_bytes_total,physical_remote,1-112,remote,44193.0,1.826,24202.081051478643
2025-10-15T19:35:39.335000+00:00,router_input_pkts_total,->1,1-112,unknown,0.0,1.826,0.0
2025-10-15T19:35:39.335000+00:00,router_input_pkts_total,->2,1-112,unknown,0.0,1.826,0.0
2025-10-15T19:35:39.335000+00:00,router_input_pkts_total,->3,1-112,unknown,0.0,1.826,0.0
2025-10-15T19:35:39.335000+00:00,router_input_pkts_total,->4,1-112,unknown,0.0,1.826,0.0
2025-10-15T19:35:39.335000+00:00,router_input_pkts_total,->6,1-112,unknown,0.0,1.826,0.0
2025-10-15T19:35:39.335000+00:00,router_input_pkts_total,->7,1-112,unknown,0.0,1.826,0.0
2025-10-15T19:35:39.335000+00:00,router_input_pkts_total,5,1-112,1-113,377.0,1.826,206.46221248630886
2025-10-15T19:35:39.335000+00:00,router_input_pkts_total,internal,1-112,1-112,454.0,1.826,248.63088718510403
2025-10-15T19:35:39.335000+00:00,router_input_pkts_total,physical_local,1-112,local,454.0,1.826,248.63088718510403
2025-10-15T19:35:39.335000+00:00,router_input_pkts_total,physical_remote,1-112,remote,377.0,1.826,206.46221248630886
2025-10-15T19:35:39.335000+00:00,router_output_bytes_total,->1,1-112,unknown,0.0,1.826,0.0
2025-10-15T19:35:39.335000+00:00,router_output_bytes_total,->2,1-112,unknown,0.0,1.826,0.0
2025-10-15T19:35:39.335000+00:00,router_output_bytes_total,->3,1-112,unknown,0.0,1.826,0.0
2025-10-15T19:35:39.335000+00:00,router_output_bytes_total,->4,1-112,unknown,0.0,1.826,0.0
2025-10-15T19:35:39.335000+00:00,router_output_bytes_total,->6,1-112,unknown,0.0,1.826,0.0
2025-10-15T19:35:39.335000+00:00,router_output_bytes_total,->7,1-112,unknown,0.0,1.826,0.0
2025-10-15T19:35:39.335000+00:00,router_output_bytes_total,5,1-112,1-113,365634.0,1.826,200237.67798466593
2025-10-15T19:35:39.335000+00:00,router_output_bytes_total,internal,1-112,1-112,38037.0,1.826,20830.77765607886
2025-10-15T19:35:39.335000+00:00,router_output_bytes_total,physical_local,1-112,local,38037.0,1.826,20830.77765607886
2025-10-15T19:35:39.335000+00:00,router_output_bytes_total,physical_remote,1-112,remote,365634.0,1.826,200237.67798466593
2025-10-15T19:35:39.335000+00:00,router_output_pkts_total,->1,1-112,unknown,0.0,1.826,0.0
2025-10-15T19:35:39.335000+00:00,router_output_pkts_total,->2,1-112,unknown,0.0,1.826,0.0
2025-10-15T19:35:39.335000+00:00,router_output_pkts_total,->3,1-112,unknown,0.0,1.826,0.0
2025-10-15T19:35:39.335000+00:00,router_output_pkts_total,->4,1-112,unknown,0.0,1.826,0.0
2025-10-15T19:35:39.335000+00:00,router_output_pkts_total,->6,1-112,unknown,0.0,1.826,0.0
2025-10-15T19:35:39.335000+00:00,router_output_pkts_total,->7,1-112,unknown,0.0,1.826,0.0
2025-10-15T19:35:39.335000+00:00,router_output_pkts_total,5,1-112,1-113,511.0,1.826,279.84665936473164
2025-10-15T19:35:39.335000+00:00,router_output_pkts_total,internal,1-112,1-112,320.0,1.826,175.24644030668125
2025-10-15T19:35:39.335000+00:00,router_output_pkts_total,physical_local,1-112,local,320.0,1.826,175.24644030668125
2025-10-15T19:35:39.335000+00:00,router_output_pkts_total,physical_remote,1-112,remote,511.0,1.826,279.84665936473164
2025-10-15T19:35:40.947000+00:00,router_dropped_pkts_total,->1,1-112,unknown,0.0,1.612,0.0
2025-10-15T19:35:40.947000+00:00,router_dropped_pkts_total,->2,1-112,unknown,0.0,1.612,0.0
2025-10-15T19:35:40.947000+00:00,router_dropped_pkts_total,->3,1-112,unknown,0.0,1.612,0.0
2025-10-15T19:35:40.947000+00:00,router_dropped_pkts_total,->4,1-112,unknown,0.0,1.612,0.0
2025-10-15T19:35:40.947000+00:00,router_dropped_pkts_total,->6,1-112,unknown,0.0,1.612,0.0
2025-10-15T19:35:40.947000+00:00,router_dropped_pkts_total,->7,1-112,unknown,0.0,1.612,0.0
2025-10-15T19:35:40.947000+00:00,router_dropped_pkts_total,5,1-112,1-113,0.0,1.612,0.0
2025-10-15T19:35:40.947000+00:00,router_dropped_pkts_total,internal,1-112,1-112,0.0,1.612,0.0
2025-10-15T19:35:40.947000+00:00,router_dropped_pkts_total,physical_local,1-112,local,0.0,1.612,0.0
2025-10-15T19:35:40.947000+00:00,router_dropped_pkts_total,physical_remote,1-112,remote,0.0,1.612,0.0
2025-10-15T19:35:40.947000+00:00,router_input_bytes_total,->1,1-112,unknown,0.0,1.612,0.0
2025-10-15T19:35:40.947000+00:00,router_input_bytes_total,->2,1-112,unknown,0.0,1.612,0.0
2025-10-15T19:35:40.947000+00:00,router_input_bytes_total,->3,1-112,unknown,0.0,1.612,0.0
2025-10-15T19:35:40.947000+00:00,router_input_bytes_total,->4,1-112,unknown,0.0,1.612,0.0
2025-10-15T19:35:40.947000+00:00,router_input_bytes_total,->6,1-112,unknown,0.0,1.612,0.0
2025-10-15T19:35:40.947000+00:00,router_input_bytes_total,->7,1-112,unknown,0.0,1.612,0.0
2025-10-15T19:35:40.947000+00:00,router_input_bytes_total,5,1-112,1-113,60081.0,1.612,37271.09181141439
2025-10-15T19:35:40.947000+00:00,router_input_bytes_total,internal,1-112,1-112,446037.0,1.612,276697.8908188585
2025-10-15T19:35:40.947000+00:00,router_input_bytes_total,physical_local,1-112,local,446037.0,1.612,276697.8908188585
2025-10-15T19:35:40.947000+00:00,router_input_bytes_total,physical_remote,1-112,remote,60081.0,1.612,37271.09181141439
2025-10-15T19:35:40.947000+00:00,router_input_pkts_total,->1,1-112,unknown,0.0,1.612,0.0
2025-10-15T19:35:40.947000+00:00,router_input_pkts_total,->2,1-112,unknown,0.0,1.612,0.0
2025-10-15T19:35:40.947000+00:00,router_input_pkts_total,->3,1-112,unknown,0.0,1.612,0.0
2025-10-15T19:35:40.947000+00:00,router_input_pkts_total,->4,1-112,unknown,0.0,1.612,0.0
2025-10-15T19:35:40.947000+00:00,router_input_pkts_total,->6,1-112,unknown,0.0,1.612,0.0
2025-10-15T19:35:40.947000+00:00,router_input_pkts_total,->7,1-112,unknown,0.0,1.612,0.0
2025-10-15T19:35:40.947000+00:00,router_input_pkts_total,5,1-112,1-113,475.0,1.612,294.6650124069479
2025-10-15T19:35:40.947000+00:00,router_input_pkts_total,internal,1-112,1-112,569.0,1.612,352.9776674937965
2025-10-15T19:35:40.947000+00:00,router_input_pkts_total,physical_local,1-112,local,569.0,1.612,352.9776674937965
2025-10-15T19:35:40.947000+00:00,router_input_pkts_total,physical_remote,1-112,remote,475.0,1.612,294.6650124069479
2025-10-15T19:35:40.947000+00:00,router_output_bytes_total,->1,1-112,unknown,0.0,1.612,0.0
2025-10-15T19:35:40.947000+00:00,router_output_bytes_total,->2,1-112,unknown,0.0,1.612,0.0
2025-10-15T19:35:40.947000+00:00,router_output_bytes_total,->3,1-112,unknown,0.0,1.612,0.0
2025-10-15T19:35:40.947000+00:00,router_output_bytes_total,->4,1-112,unknown,0.0,1.612,0.0
2025-10-15T19:35:40.947000+00:00,router_output_bytes_total,->6,1-112,unknown,0.0,1.612,0.0
2025-10-15T19:35:40.947000+00:00,router_output_bytes_total,->7,1-112,unknown,0.0,1.612,0.0
2025-10-15T19:35:40.947000+00:00,router_output_bytes_total,5,1-112,1-113,452757.0,1.612,280866.62531017367
2025-10-15T19:35:40.947000+00:00,router_output_bytes_total,internal,1-112,1-112,53601.0,1.612,33251.24069478908
2025-10-15T19:35:40.947000+00:00,router_output_bytes_total,physical_local,1-112,local,53601.0,1.612,33251.24069478908
2025-10-15T19:35:40.947000+00:00,router_output_bytes_total,physical_remote,1-112,remote,452757.0,1.612,280866.62531017367
2025-10-15T19:35:40.947000+00:00,router_output_pkts_total,->1,1-112,unknown,0.0,1.612,0.0
2025-10-15T19:35:40.947000+00:00,router_output_pkts_total,->2,1-112,unknown,0.0,1.612,0.0
2025-10-15T19:35:40.947000+00:00,router_output_pkts_total,->3,1-112,unknown,0.0,1.612,0.0
2025-10-15T19:35:40.947000+00:00,router_output_pkts_total,->4,1-112,unknown,0.0,1.612,0.0
2025-10-15T19:35:40.947000+00:00,router_output_pkts_total,->6,1-112,unknown,0.0,1.612,0.0
2025-10-15T19:35:40.947000+00:00,router_output_pkts_total,->7,1-112,unknown,0.0,1.612,0.0
2025-10-15T19:35:40.947000+00:00,router_output_pkts_total,5,1-112,1-113,629.0,1.612,390.19851116625307
2025-10-15T19:35:40.947000+00:00,router_output_pkts_total,internal,1-112,1-112,415.0,1.612,257.4441687344913
2025-10-15T19:35:40.947000+00:00,router_output_pkts_total,physical_local,1-112,local,415.0,1.612,257.4441687344913
2025-10-15T19:35:40.947000+00:00,router_output_pkts_total,physical_remote,1-112,remote,629.0,1.612,390.19851116625307
2025-10-15T19:35:42.773000+00:00,router_dropped_pkts_total,->1,1-112,unknown,0.0,1.826,0.0
2025-10-15T19:35:42.773000+00:00,router_dropped_pkts_total,->2,1-112,unknown,0.0,1.826,0.0
2025-10-15T19:35:42.773000+00:00,router_dropped_pkts_total,->3,1-112,unknown,0.0,1.826,0.0
2025-10-15T19:35:42.773000+00:00,router_dropped_pkts_total,->4,1-112,unknown,0.0,1.826,0.0
2025-10-15T19:35:42.773000+00:00,router_dropped_pkts_total,->6,1-112,unknown,0.0,1.826,0.0
2025-10-15T19:35:42.773000+00:00,router_dropped_pkts_total,->7,1-112,unknown,0.0,1.826,0.0
2025-10-15T19:35:42.773000+00:00,router_dropped_pkts_total,5,1-112,1-113,0.0,1.826,0.0
2025-10-15T19:35:42.773000+00:00,router_dropped_pkts_total,internal,1-112,1-112,0.0,1.826,0.0
2025-10-15T19:35:42.773000+00:00,router_dropped_pkts_total,physical_local,1-112,local,0.0,1.826,0.0
2025-10-15T19:35:42.773000+00:00,router_dropped_pkts_total,physical_remote,1-112,remote,0.0,1.826,0.0
2025-10-15T19:35:42.773000+00:00,router_input_bytes_total,->1,1-112,unknown,0.0,1.826,0.0
2025-10-15T19:35:42.773000+00:00,router_input_bytes_total,->2,1-112,unknown,0.0,1.826,0.0
2025-10-15T19:35:42.773000+00:00,router_input_bytes_total,->3,1-112,unknown,0.0,1.826,0.0
2025-10-15T19:35:42.773000+00:00,router_input_bytes_total,->4,1-112,unknown,0.0,1.826,0.0
2025-10-15T19:35:42.773000+00:00,router_input_bytes_total,->6,1-112,unknown,0.0,1.826,0.0
2025-10-15T19:35:42.773000+00:00,router_input_bytes_total,->7,1-112,unknown,0.0,1.826,0.0
2025-10-15T19:35:42.773000+00:00,router_input_bytes_total,5,1-112,1-113,56773.0,1.826,31091.45673603505
2025-10-15T19:35:42.773000+00:00,router_input_bytes_total,internal,1-112,1-112,351851.0,1.826,192689.4852135816
2025-10-15T19:35:42.773000+00:00,router_input_bytes_total,physical_local,1-112,local,351851.0,1.826,192689.4852135816
2025-10-15T19:35:42.773000+00:00,router_input_bytes_total,physical_remote,1-112,remote,56773.0,1.826,31091.45673603505
2025-10-15T19:35:42.773000+00:00,router_input_pkts_total,->1,1-112,unknown,0.0,1.826,0.0
2025-10-15T19:35:42.773000+00:00,router_input_pkts_total,->2,1-112,unknown,0.0,1.826,0.0
2025-10-15T19:35:42.773000+00:00,router_input_pkts_total,->3,1-112,unknown,0.0,1.826,0.0
2025-10-15T19:35:42.773000+00:00,router_input_pkts_total,->4,1-112,unknown,0.0,1.826,0.0
2025-10-15T19:35:42.773000+00:00,router_input_pkts_total,->6,1-112,unknown,0.0,1.826,0.0
2025-10-15T19:35:42.773000+00:00,router_input_pkts_total,->7,1-112,unknown,0.0,1.826,0.0
2025-10-15T19:35:42.773000+00:00,router_input_pkts_total,5,1-112,1-113,397.0,1.826,217.41511500547645
2025-10-15T19:35:42.773000+00:00,router_input_pkts_total,internal,1-112,1-112,478.0,1.826,261.77437020810515
2025-10-15T19:35:42.773000+00:00,router_input_pkts_total,physical_local,1-112,local,478.0,1.826,261.77437020810515
2025-10-15T19:35:42.773000+00:00,router_input_pkts_total,physical_remote,1-112,remote,397.0,1.826,217.41511500547645
2025-10-15T19:35:42.773000+00:00,router_output_bytes_total,->1,1-112,unknown,0.0,1.826,0.0
2025-10-15T19:35:42.773000+00:00,router_output_bytes_total,->2,1-112,unknown,0.0,1.826,0.0
2025-10-15T19:35:42.773000+00:00,router_output_bytes_total,->3,1-112,unknown,0.0,1.826,0.0
2025-10-15T19:35:42.773000+00:00,router_output_bytes_total,->4,1-112,unknown,0.0,1.826,0.0
2025-10-15T19:35:42.773000+00:00,router_output_bytes_total,->6,1-112,unknown,0.0,1.826,0.0
2025-10-15T19:35:42.773000+00:00,router_output_bytes_total,->7,1-112,unknown,0.0,1.826,0.0
2025-10-15T19:35:42.773000+00:00,router_output_bytes_total,5,1-112,1-113,357787.0,1.826,195940.30668127054
2025-10-15T19:35:42.773000+00:00,router_output_bytes_total,internal,1-112,1-112,51049.0,1.826,27956.736035049285
2025-10-15T19:35:42.773000+00:00,router_output_bytes_total,physical_local,1-112,local,51049.0,1.826,27956.736035049285
2025-10-15T19:35:42.773000+00:00,router_output_bytes_total,physical_remote,1-112,remote,357787.0,1.826,195940.30668127054
2025-10-15T19:35:42.773000+00:00,router_output_pkts_total,->1,1-112,unknown,0.0,1.826,0.0
2025-10-15T19:35:42.773000+00:00,router_output_pkts_total,->2,1-112,unknown,0.0,1.826,0.0
2025-10-15T19:35:42.773000+00:00,router_output_pkts_total,->3,1-112,unknown,0.0,1.826,0.0
2025-10-15T19:35:42.773000+00:00,router_output_pkts_total,->4,1-112,unknown,0.0,1.826,0.0
2025-10-15T19:35:42.773000+00:00,router_output_pkts_total,->6,1-112,unknown,0.0,1.826,0.0
2025-10-15T19:35:42.773000+00:00,router_output_pkts_total,->7,1-112,unknown,0.0,1.826,0.0
2025-10-15T19:35:42.773000+00:00,router_output_pkts_total,5,1-112,1-113,531.0,1.826,290.79956188389923
2025-10-15T19:35:42.773000+00:00,router_output_pkts_total,internal,1-112,1-112,346.0,1.826,189.4852135815991
2025-10-15T19:35:42.773000+00:00,router_output_pkts_total,physical_local,1-112,local,346.0,1.826,189.4852135815991
2025-10-15T19:35:42.773000+00:00,router_output_pkts_total,physical_remote,1-112,remote,531.0,1.826,290.79956188389923
2025-10-15T19:35:44.538000+00:00,router_dropped_pkts_total,->1,1-112,unknown,0.0,1.765,0.0
2025-10-15T19:35:44.538000+00:00,router_dropped_pkts_total,->2,1-112,unknown,0.0,1.765,0.0
2025-10-15T19:35:44.538000+00:00,router_dropped_pkts_total,->3,1-112,unknown,0.0,1.765,0.0
2025-10-15T19:35:44.538000+00:00,router_dropped_pkts_total,->4,1-112,unknown,0.0,1.765,0.0
2025-10-15T19:35:44.538000+00:00,router_dropped_pkts_total,->6,1-112,unknown,0.0,1.765,0.0
2025-10-15T19:35:44.538000+00:00,router_dropped_pkts_total,->7,1-112,unknown,0.0,1.765,0.0
2025-10-15T19:35:44.538000+00:00,router_dropped_pkts_total,5,1-112,1-113,0.0,1.765,0.0
2025-10-15T19:35:44.538000+00:00,router_dropped_pkts_total,internal,1-112,1-112,0.0,1.765,0.0
2025-10-15T19:35:44.538000+00:00,router_dropped_pkts_total,physical_local,1-112,local,0.0,1.765,0.0
2025-10-15T19:35:44.538000+00:00,router_dropped_pkts_total,physical_remote,1-112,remote,0.0,1.765,0.0
2025-10-15T19:35:44.538000+00:00,router_input_bytes_total,->1,1-112,unknown,0.0,1.765,0.0
2025-10-15T19:35:44.538000+00:00,router_input_bytes_total,->2,1-112,unknown,0.0,1.765,0.0
2025-10-15T19:35:44.538000+00:00,router_input_bytes_total,->3,1-112,unknown,0.0,1.765,0.0
2025-10-15T19:35:44.538000+00:00,router_input_bytes_total,->4,1-112,unknown,0.0,1.765,0.0
2025-10-15T19:35:44.538000+00:00,router_input_bytes_total,->6,1-112,unknown,0.0,1.765,0.0
2025-10-15T19:35:44.538000+00:00,router_input_bytes_total,->7,1-112,unknown,0.0,1.765,0.0
2025-10-15T19:35:44.538000+00:00,router_input_bytes_total,5,1-112,1-113,33279.0,1.765,18854.957507082156
2025-10-15T19:35:44.538000+00:00,router_input_bytes_total,internal,1-112,1-112,211522.0,1.765,119842.49291784703
2025-10-15T19:35:44.538000+00:00,router_input_bytes_total,physical_local,1-112,local,211522.0,1.765,119842.49291784703
2025-10-15T19:35:44.538000+00:00,router_input_bytes_total,physical_remote,1-112,remote,33279.0,1.765,18854.957507082156
2025-10-15T19:35:44.538000+00:00,router_input_pkts_total,->1,1-112,unknown,0.0,1.765,0.0
2025-10-15T19:35:44.538000+00:00,router_input_pkts_total,->2,1-112,unknown,0.0,1.765,0.0
2025-10-15T19:35:44.538000+00:00,router_input_pkts_total,->3,1-112,unknown,0.0,1.765,0.0
2025-10-15T19:35:44.538000+00:00,router_input_pkts_total,->4,1-112,unknown,0.0,1.765,0.0
2025-10-15T19:35:44.538000+00:00,router_input_pkts_total,->6,1-112,unknown,0.0,1.765,0.0
2025-10-15T19:35:44.538000+00:00,router_input_pkts_total,->7,1-112,unknown,0.0,1.765,0.0
2025-10-15T19:35:44.538000+00:00,router_input_pkts_total,5,1-112,1-113,288.0,1.765,163.1728045325779
2025-10-15T19:35:44.538000+00:00,router_input_pkts_total,internal,1-112,1-112,277.0,1.765,156.94050991501416
2025-10-15T19:35:44.538000+00:00,router_input_pkts_total,physical_local,1-112,local,277.0,1.765,156.94050991501416
2025-10-15T19:35:44.538000+00:00,router_input_pkts_total,physical_remote,1-112,remote,288.0,1.765,163.1728045325779
2025-10-15T19:35:44.538000+00:00,router_output_bytes_total,->1,1-112,unknown,0.0,1.765,0.0
2025-10-15T19:35:44.538000+00:00,router_output_bytes_total,->2,1-112,unknown,0.0,1.765,0.0
2025-10-15T19:35:44.538000+00:00,router_output_bytes_total,->3,1-112,unknown,0.0,1.765,0.0
2025-10-15T19:35:44.538000+00:00,router_output_bytes_total,->4,1-112,unknown,0.0,1.765,0.0
2025-10-15T19:35:44.538000+00:00,router_output_bytes_total,->6,1-112,unknown,0.0,1.765,0.0
2025-10-15T19:35:44.538000+00:00,router_output_bytes_total,->7,1-112,unknown,0.0,1.765,0.0
2025-10-15T19:35:44.538000+00:00,router_output_bytes_total,5,1-112,1-113,214548.0,1.765,121556.94050991502
2025-10-15T19:35:44.538000+00:00,router_output_bytes_total,internal,1-112,1-112,29165.0,1.765,16524.079320113316
2025-10-15T19:35:44.538000+00:00,router_output_bytes_total,physical_local,1-112,local,29165.0,1.765,16524.079320113316
2025-10-15T19:35:44.538000+00:00,router_output_bytes_total,physical_remote,1-112,remote,214548.0,1.765,121556.94050991502
2025-10-15T19:35:44.538000+00:00,router_output_pkts_total,->1,1-112,unknown,0.0,1.765,0.0
2025-10-15T19:35:44.538000+00:00,router_output_pkts_total,->2,1-112,unknown,0.0,1.765,0.0
2025-10-15T19:35:44.538000+00:00,router_output_pkts_total,->3,1-112,unknown,0.0,1.765,0.0
2025-10-15T19:35:44.538000+00:00,router_output_pkts_total,->4,1-112,unknown,0.0,1.765,0.0
2025-10-15T19:35:44.538000+00:00,router_output_pkts_total,->6,1-112,unknown,0.0,1.765,0.0
2025-10-15T19:35:44.538000+00:00,router_output_pkts_total,->7,1-112,unknown,0.0,1.765,0.0
2025-10-15T19:35:44.538000+00:00,router_output_pkts_total,5,1-112,1-113,314.0,1.765,177.90368271954677
2025-10-15T19:35:44.538000+00:00,router_output_pkts_total,internal,1-112,1-112,249.0,1.765,141.07648725212465
2025-10-15T19:35:44.538000+00:00,router_output_pkts_total,physical_local,1-112,local,249.0,1.765,141.07648725212465
2025-10-15T19:35:44.538000+00:00,router_output_pkts_total,physical_remote,1-112,remote,314.0,1.765,177.90368271954677
2025-10-15T19:35:46.339000+00:00,router_dropped_pkts_total,->1,1-112,unknown,0.0,1.801,0.0
2025-10-15T19:35:46.339000+00:00,router_dropped_pkts_total,->2,1-112,unknown,0.0,1.801,0.0
2025-10-15T19:35:46.339000+00:00,router_dropped_pkts_total,->3,1-112,unknown,0.0,1.801,0.0
2025-10-15T19:35:46.339000+00:00,router_dropped_pkts_total,->4,1-112,unknown,0.0,1.801,0.0
2025-10-15T19:35:46.339000+00:00,router_dropped_pkts_total,->6,1-112,unknown,0.0,1.801,0.0
2025-10-15T19:35:46.339000+00:00,router_dropped_pkts_total,->7,1-112,unknown,0.0,1.801,0.0
2025-10-15T19:35:46.339000+00:00,router_dropped_pkts_total,5,1-112,1-113,0.0,1.801,0.0
2025-10-15T19:35:46.339000+00:00,router_dropped_pkts_total,internal,1-112,1-112,0.0,1.801,0.0
2025-10-15T19:35:46.339000+00:00,router_dropped_pkts_total,physical_local,1-112,local,0.0,1.801,0.0
2025-10-15T19:35:46.339000+00:00,router_dropped_pkts_total,physical_remote,1-112,remote,0.0,1.801,0.0
2025-10-15T19:35:46.339000+00:00,router_input_bytes_total,->1,1-112,unknown,0.0,1.801,0.0
2025-10-15T19:35:46.339000+00:00,router_input_bytes_total,->2,1-112,unknown,0.0,1.801,0.0
2025-10-15T19:35:46.339000+00:00,router_input_bytes_total,->3,1-112,unknown,0.0,1.801,0.0
2025-10-15T19:35:46.339000+00:00,router_input_bytes_total,->4,1-112,unknown,0.0,1.801,0.0
2025-10-15T19:35:46.339000+00:00,router_input_bytes_total,->6,1-112,unknown,0.0,1.801,0.0
2025-10-15T19:35:46.339000+00:00,router_input_bytes_total,->7,1-112,unknown,0.0,1.801,0.0
2025-10-15T19:35:46.339000+00:00,router_input_bytes_total,5,1-112,1-113,51892.0,1.801,28812.881732370905
2025-10-15T19:35:46.339000+00:00,router_input_bytes_total,internal,1-112,1-112,254948.0,1.801,141559.13381454747
2025-10-15T19:35:46.339000+00:00,router_input_bytes_total,physical_local,1-112,local,254948.0,1.801,141559.13381454747
2025-10-15T19:35:46.339000+00:00,router_input_bytes_total,physical_remote,1-112,remote,51892.0,1.801,28812.881732370905
2025-10-15T19:35:46.339000+00:00,router_input_pkts_total,->1,1-112,unknown,0.0,1.801,0.0
2025-10-15T19:35:46.339000+00:00,router_input_pkts_total,->2,1-112,unknown,0.0,1.801,0.0
2025-10-15T19:35:46.339000+00:00,router_input_pkts_total,->3,1-112,unknown,0.0,1.801,0.0
2025-10-15T19:35:46.339000+00:00,router_input_pkts_total,->4,1-112,unknown,0.0,1.801,0.0
2025-10-15T19:35:46.339000+00:00,router_input_pkts_total,->6,1-112,unknown,0.0,1.801,0.0
2025-10-15T19:35:46.339000+00:00,router_input_pkts_total,->7,1-112,unknown,0.0,1.801,0.0
2025-10-15T19:35:46.339000+00:00,router_input_pkts_total,5,1-112,1-113,410.0,1.801,227.65130483064965
2025-10-15T19:35:46.339000+00:00,router_input_pkts_total,internal,1-112,1-112,400.0,1.801,222.0988339811216
2025-10-15T19:35:46.339000+00:00,router_input_pkts_total,physical_local,1-112,local,400.0,1.801,222.0988339811216
2025-10-15T19:35:46.339000+00:00,router_input_pkts_total,physical_remote,1-112,remote,410.0,1.801,227.65130483064965
2025-10-15T19:35:46.339000+00:00,router_output_bytes_total,->1,1-112,unknown,0.0,1.801,0.0
2025-10-15T19:35:46.339000+00:00,router_output_bytes_total,->2,1-112,unknown,0.0,1.801,0.0
2025-10-15T19:35:46.339000+00:00,router_output_bytes_total,->3,1-112,unknown,0.0,1.801,0.0
2025-10-15T19:35:46.339000+00:00,router_output_bytes_total,->4,1-112,unknown,0.0,1.801,0.0
2025-10-15T19:35:46.339000+00:00,router_output_bytes_total,->6,1-112,unknown,0.0,1.801,0.0
2025-10-15T19:35:46.339000+00:00,router_output_bytes_total,->7,1-112,unknown,0.0,1.801,0.0
2025-10-15T19:35:46.339000+00:00,router_output_bytes_total,5,1-112,1-113,262786.0,1.801,145911.16046640757
2025-10-15T19:35:46.339000+00:00,router_output_bytes_total,internal,1-112,1-112,45530.0,1.801,25280.399777901166
2025-10-15T19:35:46.339000+00:00,router_output_bytes_total,physical_local,1-112,local,45530.0,1.801,25280.399777901166
2025-10-15T19:35:46.339000+00:00,router_output_bytes_total,physical_remote,1-112,remote,262786.0,1.801,145911.16046640757
2025-10-15T19:35:46.339000+00:00,router_output_pkts_total,->1,1-112,unknown,0.0,1.801,0.0
2025-10-15T19:35:46.339000+00:00,router_output_pkts_total,->2,1-112,unknown,0.0,1.801,0.0
2025-10-15T19:35:46.339000+00:00,router_output_pkts_total,->3,1-112,unknown,0.0,1.801,0.0
2025-10-15T19:35:46.339000+00:00,router_output_pkts_total,->4,1-112,unknown,0.0,1.801,0.0
2025-10-15T19:35:46.339000+00:00,router_output_pkts_total,->6,1-112,unknown,0.0,1.801,0.0
2025-10-15T19:35:46.339000+00:00,router_output_pkts_total,->7,1-112,unknown,0.0,1.801,0.0
2025-10-15T19:35:46.339000+00:00,router_output_pkts_total,5,1-112,1-113,460.0,1.801,255.41365907828984
2025-10-15T19:35:46.339000+00:00,router_output_pkts_total,internal,1-112,1-112,349.0,1.801,193.7812326485286
2025-10-15T19:35:46.339000+00:00,router_output_pkts_total,physical_local,1-112,local,349.0,1.801,193.7812326485286
2025-10-15T19:35:46.339000+00:00,router_output_pkts_total,physical_remote,1-112,remote,460.0,1.801,255.41365907828984
2025-10-15T19:35:47.953000+00:00,router_dropped_pkts_total,->1,1-112,unknown,0.0,1.614,0.0
2025-10-15T19:35:47.953000+00:00,router_dropped_pkts_total,->2,1-112,unknown,0.0,1.614,0.0
2025-10-15T19:35:47.953000+00:00,router_dropped_pkts_total,->3,1-112,unknown,0.0,1.614,0.0
2025-10-15T19:35:47.953000+00:00,router_dropped_pkts_total,->4,1-112,unknown,0.0,1.614,0.0
2025-10-15T19:35:47.953000+00:00,router_dropped_pkts_total,->6,1-112,unknown,0.0,1.614,0.0
2025-10-15T19:35:47.953000+00:00,router_dropped_pkts_total,->7,1-112,unknown,0.0,1.614,0.0
2025-10-15T19:35:47.953000+00:00,router_dropped_pkts_total,5,1-112,1-113,0.0,1.614,0.0
2025-10-15T19:35:47.953000+00:00,router_dropped_pkts_total,internal,1-112,1-112,0.0,1.614,0.0
2025-10-15T19:35:47.953000+00:00,router_dropped_pkts_total,physical_local,1-112,local,0.0,1.614,0.0
2025-10-15T19:35:47.953000+00:00,router_dropped_pkts_total,physical_remote,1-112,remote,0.0,1.614,0.0
2025-10-15T19:35:47.953000+00:00,router_input_bytes_total,->1,1-112,unknown,0.0,1.614,0.0
2025-10-15T19:35:47.953000+00:00,router_input_bytes_total,->2,1-112,unknown,0.0,1.614,0.0
2025-10-15T19:35:47.953000+00:00,router_input_bytes_total,->3,1-112,unknown,0.0,1.614,0.0
2025-10-15T19:35:47.953000+00:00,router_input_bytes_total,->4,1-112,unknown,0.0,1.614,0.0
2025-10-15T19:35:47.953000+00:00,router_input_bytes_total,->6,1-112,unknown,0.0,1.614,0.0
2025-10-15T19:35:47.953000+00:00,router_input_bytes_total,->7,1-112,unknown,0.0,1.614,0.0
2025-10-15T19:35:47.953000+00:00,router_input_bytes_total,5,1-112,1-113,306800.0,1.614,190086.74101610904
2025-10-15T19:35:47.953000+00:00,router_input_bytes_total,internal,1-112,1-112,265488.0,1.614,164490.7063197026
2025-10-15T19:35:47.953000+00:00,router_input_bytes_total,physical_local,1-112,local,265488.0,1.614,164490.7063197026
2025-10-15T19:35:47.953000+00:00,router_input_bytes_total,physical_remote,1-112,remote,306800.0,1.614,190086.74101610904
2025-10-15T19:35:47.953000+00:00,router_input_pkts_total,->1,1-112,unknown,0.0,1.614,0.0
2025-10-15T19:35:47.953000+00:00,router_input_pkts_total,->2,1-112,unknown,0.0,1.614,0.0
2025-10-15T19:35:47.953000+00:00,router_input_pkts_total,->3,1-112,unknown,0.0,1.614,0.0
2025-10-15T19:35:47.953000+00:00,router_input_pkts_total,->4,1-112,unknown,0.0,1.614,0.0
2025-10-15T19:35:47.953000+00:00,router_input_pkts_total,->6,1-112,unknown,0.0,1.614,0.0
2025-10-15T19:35:47.953000+00:00,router_input_pkts_total,->7,1-112,unknown,0.0,1.614,0.0
2025-10-15T19:35:47.953000+00:00,router_input_pkts_total,5,1-112,1-113,637.0,1.614,394.6716232961586
2025-10-15T19:35:47.953000+00:00,router_input_pkts_total,internal,1-112,1-112,475.0,1.614,294.2998760842627
2025-10-15T19:35:47.953000+00:00,router_input_pkts_total,physical_local,1-112,local,475.0,1.614,294.2998760842627
2025-10-15T19:35:47.953000+00:00,router_input_pkts_total,physical_remote,1-112,remote,637.0,1.614,394.6716232961586
2025-10-15T19:35:47.953000+00:00,router_output_bytes_total,->1,1-112,unknown,0.0,1.614,0.0
2025-10-15T19:35:47.953000+00:00,router_output_bytes_total,->2,1-112,unknown,0.0,1.614,0.0
2025-10-15T19:35:47.953000+00:00,router_output_bytes_total,->3,1-112,unknown,0.0,1.614,0.0
2025-10-15T19:35:47.953000+00:00,router_output_bytes_total,->4,1-112,unknown,0.0,1.614,0.0
2025-10-15T19:35:47.953000+00:00,router_output_bytes_total,->6,1-112,unknown,0.0,1.614,0.0
2025-10-15T19:35:47.953000+00:00,router_output_bytes_total,->7,1-112,unknown,0.0,1.614,0.0
2025-10-15T19:35:47.953000+00:00,router_output_bytes_total,5,1-112,1-113,272208.0,1.614,168654.2750929368
2025-10-15T19:35:47.953000+00:00,router_output_bytes_total,internal,1-112,1-112,300320.0,1.614,186071.8711276332
2025-10-15T19:35:47.953000+00:00,router_output_bytes_total,physical_local,1-112,local,300320.0,1.614,186071.8711276332
2025-10-15T19:35:47.953000+00:00,router_output_bytes_total,physical_remote,1-112,remote,272208.0,1.614,168654.2750929368
2025-10-15T19:35:47.953000+00:00,router_output_pkts_total,->1,1-112,unknown,0.0,1.614,0.0
2025-10-15T19:35:47.953000+00:00,router_output_pkts_total,->2,1-112,unknown,0.0,1.614,0.0
2025-10-15T19:35:47.953000+00:00,router_output_pkts_total,->3,1-112,unknown,0.0,1.614,0.0
2025-10-15T19:35:47.953000+00:00,router_output_pkts_total,->4,1-112,unknown,0.0,1.614,0.0
2025-10-15T19:35:47.953000+00:00,router_output_pkts_total,->6,1-112,unknown,0.0,1.614,0.0
2025-10-15T19:35:47.953000+00:00,router_output_pkts_total,->7,1-112,unknown,0.0,1.614,0.0
2025-10-15T19:35:47.953000+00:00,router_output_pkts_total,5,1-112,1-113,535.0,1.614,331.47459727385376
2025-10-15T19:35:47.953000+00:00,router_output_pkts_total,internal,1-112,1-112,577.0,1.614,357.4969021065675
2025-10-15T19:35:47.953000+00:00,router_output_pkts_total,physical_local,1-112,local,577.0,1.614,357.4969021065675
2025-10-15T19:35:47.953000+00:00,router_output_pkts_total,physical_remote,1-112,remote,535.0,1.614,331.47459727385376
2025-10-15T19:35:49.736000+00:00,router_dropped_pkts_total,->1,1-112,unknown,0.0,1.783,0.0
2025-10-15T19:35:49.736000+00:00,router_dropped_pkts_total,->2,1-112,unknown,0.0,1.783,0.0
2025-10-15T19:35:49.736000+00:00,router_dropped_pkts_total,->3,1-112,unknown,0.0,1.783,0.0
2025-10-15T19:35:49.736000+00:00,router_dropped_pkts_total,->4,1-112,unknown,0.0,1.783,0.0
2025-10-15T19:35:49.736000+00:00,router_dropped_pkts_total,->6,1-112,unknown,0.0,1.783,0.0
2025-10-15T19:35:49.736000+00:00,router_dropped_pkts_total,->7,1-112,unknown,0.0,1.783,0.0
2025-10-15T19:35:49.736000+00:00,router_dropped_pkts_total,5,1-112,1-113,0.0,1.783,0.0
2025-10-15T19:35:49.736000+00:00,router_dropped_pkts_total,internal,1-112,1-112,0.0,1.783,0.0
2025-10-15T19:35:49.736000+00:00,router_dropped_pkts_total,physical_local,1-112,local,0.0,1.783,0.0
2025-10-15T19:35:49.736000+00:00,router_dropped_pkts_total,physical_remote,1-112,remote,0.0,1.783,0.0
2025-10-15T19:35:49.736000+00:00,router_input_bytes_total,->1,1-112,unknown,0.0,1.783,0.0
2025-10-15T19:35:49.736000+00:00,router_input_bytes_total,->2,1-112,unknown,0.0,1.783,0.0
2025-10-15T19:35:49.736000+00:00,router_input_bytes_total,->3,1-112,unknown,0.0,1.783,0.0
2025-10-15T19:35:49.736000+00:00,router_input_bytes_total,->4,1-112,unknown,0.0,1.783,0.0
2025-10-15T19:35:49.736000+00:00,router_input_bytes_total,->6,1-112,unknown,0.0,1.783,0.0
2025-10-15T19:35:49.736000+00:00,router_input_bytes_total,->7,1-112,unknown,0.0,1.783,0.0
2025-10-15T19:35:49.736000+00:00,router_input_bytes_total,5,1-112,1-113,198891.0,1.783,111548.51374088615
2025-10-15T19:35:49.736000+00:00,router_input_bytes_total,internal,1-112,1-112,221474.0,1.783,124214.24565339317
2025-10-15T19:35:49.736000+00:00,router_input_bytes_total,physical_local,1-112,local,221474.0,1.783,124214.24565339317
2025-10-15T19:35:49.736000+00:00,router_input_bytes_total,physical_remote,1-112,remote,198891.0,1.783,111548.51374088615
2025-10-15T19:35:49.736000+00:00,router_input_pkts_total,->1,1-112,unknown,0.0,1.783,0.0
2025-10-15T19:35:49.736000+00:00,router_input_pkts_total,->2,1-112,unknown,0.0,1.783,0.0
2025-10-15T19:35:49.736000+00:00,router_input_pkts_total,->3,1-112,unknown,0.0,1.783,0.0
2025-10-15T19:35:49.736000+00:00,router_input_pkts_total,->4,1-112,unknown,0.0,1.783,0.0
2025-10-15T19:35:49.736000+00:00,router_input_pkts_total,->6,1-112,unknown,0.0,1.783,0.0
2025-10-15T19:35:49.736000+00:00,router_input_pkts_total,->7,1-112,unknown,0.0,1.783,0.0
2025-10-15T19:35:49.736000+00:00,router_input_pkts_total,5,1-112,1-113,424.0,1.783,237.80145821648907
2025-10-15T19:35:49.736000+00:00,router_input_pkts_total,internal,1-112,1-112,353.0,1.783,197.98093101514303
2025-10-15T19:35:49.736000+00:00,router_input_pkts_total,physical_local,1-112,local,353.0,1.783,197.98093101514303
2025-10-15T19:35:49.736000+00:00,router_input_pkts_total,physical_remote,1-112,remote,424.0,1.783,237.80145821648907
2025-10-15T19:35:49.736000+00:00,router_output_bytes_total,->1,1-112,unknown,0.0,1.783,0.0
2025-10-15T19:35:49.736000+00:00,router_output_bytes_total,->2,1-112,unknown,0.0,1.783,0.0
2025-10-15T19:35:49.736000+00:00,router_output_bytes_total,->3,1-112,unknown,0.0,1.783,0.0
2025-10-15T19:35:49.736000+00:00,router_output_bytes_total,->4,1-112,unknown,0.0,1.783,0.0
2025-10-15T19:35:49.736000+00:00,router_output_bytes_total,->6,1-112,unknown,0.0,1.783,0.0
2025-10-15T19:35:49.736000+00:00,router_output_bytes_total,->7,1-112,unknown,0.0,1.783,0.0
2025-10-15T19:35:49.736000+00:00,router_output_bytes_total,5,1-112,1-113,222598.0,1.783,124844.64385866518
2025-10-15T19:35:49.736000+00:00,router_output_bytes_total,internal,1-112,1-112,195651.0,1.783,109731.35165451487
2025-10-15T19:35:49.736000+00:00,router_output_bytes_total,physical_local,1-112,local,195651.0,1.783,109731.35165451487
2025-10-15T19:35:49.736000+00:00,router_output_bytes_total,physical_remote,1-112,remote,222598.0,1.783,124844.64385866518
2025-10-15T19:35:49.736000+00:00,router_output_pkts_total,->1,1-112,unknown,0.0,1.783,0.0
2025-10-15T19:35:49.736000+00:00,router_output_pkts_total,->2,1-112,unknown,0.0,1.783,0.0
2025-10-15T19:35:49.736000+00:00,router_output_pkts_total,->3,1-112,unknown,0.0,1.783,0.0
2025-10-15T19:35:49.736000+00:00,router_output_pkts_total,->4,1-112,unknown,0.0,1.783,0.0
2025-10-15T19:35:49.736000+00:00,router_output_pkts_total,->6,1-112,unknown,0.0,1.783,0.0
2025-10-15T19:35:49.736000+00:00,router_output_pkts_total,->7,1-112,unknown,0.0,1.783,0.0
2025-10-15T19:35:49.736000+00:00,router_output_pkts_total,5,1-112,1-113,383.0,1.783,214.80650588895122
2025-10-15T19:35:49.736000+00:00,router_output_pkts_total,internal,1-112,1-112,395.0,1.783,221.5367358384745
2025-10-15T19:35:49.736000+00:00,router_output_pkts_total,physical_local,1-112,local,395.0,1.783,221.5367358384745
2025-10-15T19:35:49.736000+00:00,router_output_pkts_total,physical_remote,1-112,remote,383.0,1.783,214.80650588895122
2025-10-15T19:35:51.553000+00:00,router_dropped_pkts_total,->1,1-112,unknown,0.0,1.817,0.0
2025-10-15T19:35:51.553000+00:00,router_dropped_pkts_total,->2,1-112,unknown,0.0,1.817,0.0
2025-10-15T19:35:51.553000+00:00,router_dropped_pkts_total,->3,1-112,unknown,0.0,1.817,0.0
2025-10-15T19:35:51.553000+00:00,router_dropped_pkts_total,->4,1-112,unknown,0.0,1.817,0.0
2025-10-15T19:35:51.553000+00:00,router_dropped_pkts_total,->6,1-112,unknown,0.0,1.817,0.0
2025-10-15T19:35:51.553000+00:00,router_dropped_pkts_total,->7,1-112,unknown,0.0,1.817,0.0
2025-10-15T19:35:51.553000+00:00,router_dropped_pkts_total,5,1-112,1-113,0.0,1.817,0.0
2025-10-15T19:35:51.553000+00:00,router_dropped_pkts_total,internal,1-112,1-112,0.0,1.817,0.0
2025-10-15T19:35:51.553000+00:00,router_dropped_pkts_total,physical_local,1-112,local,0.0,1.817,0.0
2025-10-15T19:35:51.553000+00:00,router_dropped_pkts_total,physical_remote,1-112,remote,0.0,1.817,0.0
2025-10-15T19:35:51.553000+00:00,router_input_bytes_total,->1,1-112,unknown,0.0,1.817,0.0
2025-10-15T19:35:51.553000+00:00,router_input_bytes_total,->2,1-112,unknown,0.0,1.817,0.0
2025-10-15T19:35:51.553000+00:00,router_input_bytes_total,->3,1-112,unknown,0.0,1.817,0.0
2025-10-15T19:35:51.553000+00:00,router_input_bytes_total,->4,1-112,unknown,0.0,1.817,0.0
2025-10-15T19:35:51.553000+00:00,router_input_bytes_total,->6,1-112,unknown,0.0,1.817,0.0
2025-10-15T19:35:51.553000+00:00,router_input_bytes_total,->7,1-112,unknown,0.0,1.817,0.0
2025-10-15T19:35:51.553000+00:00,router_input_bytes_total,5,1-112,1-113,131261.0,1.817,72240.50632911392
2025-10-15T19:35:51.553000+00:00,router_input_bytes_total,internal,1-112,1-112,277797.0,1.817,152887.72702256468
2025-10-15T19:35:51.553000+00:00,router_input_bytes_total,physical_local,1-112,local,277797.0,1.817,152887.72702256468
2025-10-15T19:35:51.553000+00:00,router_input_bytes_total,physical_remote,1-112,remote,131261.0,1.817,72240.50632911392
2025-10-15T19:35:51.553000+00:00,router_input_pkts_total,->1,1-112,unknown,0.0,1.817,0.0
2025-10-15T19:35:51.553000+00:00,router_input_pkts_total,->2,1-112,unknown,0.0,1.817,0.0
2025-10-15T19:35:51.553000+00:00,router_input_pkts_total,->3,1-112,unknown,0.0,1.817,0.0
2025-10-15T19:35:51.553000+00:00,router_input_pkts_total,->4,1-112,unknown,0.0,1.817,0.0
2025-10-15T19:35:51.553000+00:00,router_input_pkts_total,->6,1-112,unknown,0.0,1.817,0.0
2025-10-15T19:35:51.553000+00:00,router_input_pkts_total,->7,1-112,unknown,0.0,1.817,0.0
2025-10-15T19:35:51.553000+00:00,router_input_pkts_total,5,1-112,1-113,497.0,1.817,273.5277930654926
2025-10-15T19:35:51.553000+00:00,router_input_pkts_total,internal,1-112,1-112,473.0,1.817,260.31920748486516
2025-10-15T19:35:51.553000+00:00,router_input_pkts_total,physical_local,1-112,local,473.0,1.817,260.31920748486516
2025-10-15T19:35:51.553000+00:00,router_input_pkts_total,physical_remote,1-112,remote,497.0,1.817,273.5277930654926
2025-10-15T19:35:51.553000+00:00,router_output_bytes_total,->1,1-112,unknown,0.0,1.817,0.0
2025-10-15T19:35:51.553000+00:00,router_output_bytes_total,->2,1-112,unknown,0.0,1.817,0.0
2025-10-15T19:35:51.553000+00:00,router_output_bytes_total,->3,1-112,unknown,0.0,1.817,0.0
2025-10-15T19:35:51.553000+00:00,router_output_bytes_total,->4,1-112,unknown,0.0,1.817,0.0
2025-10-15T19:35:51.553000+00:00,router_output_bytes_total,->6,1-112,unknown,0.0,1.817,0.0
2025-10-15T19:35:51.553000+00:00,router_output_bytes_total,->7,1-112,unknown,0.0,1.817,0.0
2025-10-15T19:35:51.553000+00:00,router_output_bytes_total,5,1-112,1-113,285517.0,1.817,157136.48871766648
2025-10-15T19:35:51.553000+00:00,router_output_bytes_total,internal,1-112,1-112,124663.0,1.817,68609.24600990645
2025-10-15T19:35:51.553000+00:00,router_output_bytes_total,physical_local,1-112,local,124663.0,1.817,68609.24600990645
2025-10-15T19:35:51.553000+00:00,router_output_bytes_total,physical_remote,1-112,remote,285517.0,1.817,157136.48871766648
2025-10-15T19:35:51.553000+00:00,router_output_pkts_total,->1,1-112,unknown,0.0,1.817,0.0
2025-10-15T19:35:51.553000+00:00,router_output_pkts_total,->2,1-112,unknown,0.0,1.817,0.0
2025-10-15T19:35:51.553000+00:00,router_output_pkts_total,->3,1-112,unknown,0.0,1.817,0.0
2025-10-15T19:35:51.553000+00:00,router_output_pkts_total,->4,1-112,unknown,0.0,1.817,0.0
2025-10-15T19:35:51.553000+00:00,router_output_pkts_total,->6,1-112,unknown,0.0,1.817,0.0
2025-10-15T19:35:51.553000+00:00,router_output_pkts_total,->7,1-112,unknown,0.0,1.817,0.0
2025-10-15T19:35:51.553000+00:00,router_output_pkts_total,5,1-112,1-113,534.0,1.817,293.89102916895985
2025-10-15T19:35:51.553000+00:00,router_output_pkts_total,internal,1-112,1-112,437.0,1.817,240.50632911392407
2025-10-15T19:35:51.553000+00:00,router_output_pkts_total,physical_local,1-112,local,437.0,1.817,240.50632911392407
2025-10-15T19:35:51.553000+00:00,router_output_pkts_total,physical_remote,1-112,remote,534.0,1.817,293.89102916895985
2025-10-15T19:35:53.320000+00:00,router_dropped_pkts_total,->1,1-112,unknown,0.0,1.767,0.0
2025-10-15T19:35:53.320000+00:00,router_dropped_pkts_total,->2,1-112,unknown,0.0,1.767,0.0
2025-10-15T19:35:53.320000+00:00,router_dropped_pkts_total,->3,1-112,unknown,0.0,1.767,0.0
2025-10-15T19:35:53.320000+00:00,router_dropped_pkts_total,->4,1-112,unknown,0.0,1.767,0.0
2025-10-15T19:35:53.320000+00:00,router_dropped_pkts_total,->6,1-112,unknown,0.0,1.767,0.0
2025-10-15T19:35:53.320000+00:00,router_dropped_pkts_total,->7,1-112,unknown,0.0,1.767,0.0
2025-10-15T19:35:53.320000+00:00,router_dropped_pkts_total,5,1-112,1-113,0.0,1.767,0.0
2025-10-15T19:35:53.320000+00:00,router_dropped_pkts_total,internal,1-112,1-112,0.0,1.767,0.0
2025-10-15T19:35:53.320000+00:00,router_dropped_pkts_total,physical_local,1-112,local,0.0,1.767,0.0
2025-10-15T19:35:53.320000+00:00,router_dropped_pkts_total,physical_remote,1-112,remote,0.0,1.767,0.0
2025-10-15T19:35:53.320000+00:00,router_input_bytes_total,->1,1-112,unknown,0.0,1.767,0.0
2025-10-15T19:35:53.320000+00:00,router_input_bytes_total,->2,1-112,unknown,0.0,1.767,0.0
2025-10-15T19:35:53.320000+00:00,router_input_bytes_total,->3,1-112,unknown,0.0,1.767,0.0
2025-10-15T19:35:53.320000+00:00,router_input_bytes_total,->4,1-112,unknown,0.0,1.767,0.0
2025-10-15T19:35:53.320000+00:00,router_input_bytes_total,->6,1-112,unknown,0.0,1.767,0.0
2025-10-15T19:35:53.320000+00:00,router_input_bytes_total,->7,1-112,unknown,0.0,1.767,0.0
2025-10-15T19:35:53.320000+00:00,router_input_bytes_total,5,1-112,1-113,130805.0,1.767,74026.5987549519
2025-10-15T19:35:53.320000+00:00,router_input_bytes_total,internal,1-112,1-112,250769.0,1.767,141917.94001131863
2025-10-15T19:35:53.320000+00:00,router_input_bytes_total,physical_local,1-112,local,250769.0,1.767,141917.94001131863
2025-10-15T19:35:53.320000+00:00,router_input_bytes_total,physical_remote,1-112,remote,130805.0,1.767,74026.5987549519
2025-10-15T19:35:53.320000+00:00,router_input_pkts_total,->1,1-112,unknown,0.0,1.767,0.0
2025-10-15T19:35:53.320000+00:00,router_input_pkts_total,->2,1-112,unknown,0.0,1.767,0.0
2025-10-15T19:35:53.320000+00:00,router_input_pkts_total,->3,1-112,unknown,0.0,1.767,0.0
2025-10-15T19:35:53.320000+00:00,router_input_pkts_total,->4,1-112,unknown,0.0,1.767,0.0
2025-10-15T19:35:53.320000+00:00,router_input_pkts_total,->6,1-112,unknown,0.0,1.767,0.0
2025-10-15T19:35:53.320000+00:00,router_input_pkts_total,->7,1-112,unknown,0.0,1.767,0.0
2025-10-15T19:35:53.320000+00:00,router_input_pkts_total,5,1-112,1-113,469.0,1.767,265.4216185625354
2025-10-15T19:35:53.320000+00:00,router_input_pkts_total,internal,1-112,1-112,432.0,1.767,244.48217317487268
2025-10-15T19:35:53.320000+00:00,router_input_pkts_total,physical_local,1-112,local,432.0,1.767,244.48217317487268
2025-10-15T19:35:53.320000+00:00,router_input_pkts_total,physical_remote,1-112,remote,469.0,1.767,265.4216185625354
2025-10-15T19:35:53.320000+00:00,router_output_bytes_total,->1,1-112,unknown,0.0,1.767,0.0
2025-10-15T19:35:53.320000+00:00,router_output_bytes_total,->2,1-112,unknown,0.0,1.767,0.0
2025-10-15T19:35:53.320000+00:00,router_output_bytes_total,->3,1-112,unknown,0.0,1.767,0.0
2025-10-15T19:35:53.320000+00:00,router_output_bytes_total,->4,1-112,unknown,0.0,1.767,0.0
2025-10-15T19:35:53.320000+00:00,router_output_bytes_total,->6,1-112,unknown,0.0,1.767,0.0
2025-10-15T19:35:53.320000+00:00,router_output_bytes_total,->7,1-112,unknown,0.0,1.767,0.0
2025-10-15T19:35:53.320000+00:00,router_output_bytes_total,5,1-112,1-113,258725.0,1.767,146420.48670062254
2025-10-15T19:35:53.320000+00:00,router_output_bytes_total,internal,1-112,1-112,124443.0,1.767,70426.14601018676
2025-10-15T19:35:53.320000+00:00,router_output_bytes_total,physical_local,1-112,local,124443.0,1.767,70426.14601018676
2025-10-15T19:35:53.320000+00:00,router_output_bytes_total,physical_remote,1-112,remote,258725.0,1.767,146420.48670062254
2025-10-15T19:35:53.320000+00:00,router_output_pkts_total,->1,1-112,unknown,0.0,1.767,0.0
2025-10-15T19:35:53.320000+00:00,router_output_pkts_total,->2,1-112,unknown,0.0,1.767,0.0
2025-10-15T19:35:53.320000+00:00,router_output_pkts_total,->3,1-112,unknown,0.0,1.767,0.0
2025-10-15T19:35:53.320000+00:00,router_output_pkts_total,->4,1-112,unknown,0.0,1.767,0.0
2025-10-15T19:35:53.320000+00:00,router_output_pkts_total,->6,1-112,unknown,0.0,1.767,0.0
2025-10-15T19:35:53.320000+00:00,router_output_pkts_total,->7,1-112,unknown,0.0,1.767,0.0
2025-10-15T19:35:53.320000+00:00,router_output_pkts_total,5,1-112,1-113,491.0,1.767,277.87209960384837
2025-10-15T19:35:53.320000+00:00,router_output_pkts_total,internal,1-112,1-112,409.0,1.767,231.46576117713641
2025-10-15T19:35:53.320000+00:00,router_output_pkts_total,physical_local,1-112,local,409.0,1.767,231.46576117713641
2025-10-15T19:35:53.320000+00:00,router_output_pkts_total,physical_remote,1-112,remote,491.0,1.767,277.87209960384837
2025-10-15T19:35:55.160000+00:00,router_dropped_pkts_total,->1,1-112,unknown,0.0,1.84,0.0
2025-10-15T19:35:55.160000+00:00,router_dropped_pkts_total,->2,1-112,unknown,0.0,1.84,0.0
2025-10-15T19:35:55.160000+00:00,router_dropped_pkts_total,->3,1-112,unknown,0.0,1.84,0.0
2025-10-15T19:35:55.160000+00:00,router_dropped_pkts_total,->4,1-112,unknown,0.0,1.84,0.0
2025-10-15T19:35:55.160000+00:00,router_dropped_pkts_total,->6,1-112,unknown,0.0,1.84,0.0
2025-10-15T19:35:55.160000+00:00,router_dropped_pkts_total,->7,1-112,unknown,0.0,1.84,0.0
2025-10-15T19:35:55.160000+00:00,router_dropped_pkts_total,5,1-112,1-113,0.0,1.84,0.0
2025-10-15T19:35:55.160000+00:00,router_dropped_pkts_total,internal,1-112,1-112,0.0,1.84,0.0
2025-10-15T19:35:55.160000+00:00,router_dropped_pkts_total,physical_local,1-112,local,0.0,1.84,0.0
2025-10-15T19:35:55.160000+00:00,router_dropped_pkts_total,physical_remote,1-112,remote,0.0,1.84,0.0
2025-10-15T19:35:55.160000+00:00,router_input_bytes_total,->1,1-112,unknown,0.0,1.84,0.0
2025-10-15T19:35:55.160000+00:00,router_input_bytes_total,->2,1-112,unknown,0.0,1.84,0.0
2025-10-15T19:35:55.160000+00:00,router_input_bytes_total,->3,1-112,unknown,0.0,1.84,0.0
2025-10-15T19:35:55.160000+00:00,router_input_bytes_total,->4,1-112,unknown,0.0,1.84,0.0
2025-10-15T19:35:55.160000+00:00,router_input_bytes_total,->6,1-112,unknown,0.0,1.84,0.0
2025-10-15T19:35:55.160000+00:00,router_input_bytes_total,->7,1-112,unknown,0.0,1.84,0.0
2025-10-15T19:35:55.160000+00:00,router_input_bytes_total,5,1-112,1-113,122032.0,1.84,66321.73913043478
2025-10-15T19:35:55.160000+00:00,router_input_bytes_total,internal,1-112,1-112,254124.0,1.84,138110.86956521738
2025-10-15T19:35:55.160000+00:00,router_input_bytes_total,physical_local,1-112,local,254124.0,1.84,138110.86956521738
2025-10-15T19:35:55.160000+00:00,router_input_bytes_total,physical_remote,1-112,remote,122032.0,1.84,66321.73913043478
2025-10-15T19:35:55.160000+00:00,router_input_pkts_total,->1,1-112,unknown,0.0,1.84,0.0
2025-10-15T19:35:55.160000+00:00,router_input_pkts_total,->2,1-112,unknown,0.0,1.84,0.0
2025-10-15T19:35:55.160000+00:00,router_input_pkts_total,->3,1-112,unknown,0.0,1.84,0.0
2025-10-15T19:35:55.160000+00:00,router_input_pkts_total,->4,1-112,unknown,0.0,1.84,0.0
2025-10-15T19:35:55.160000+00:00,router_input_pkts_total,->6,1-112,unknown,0.0,1.84,0.0
2025-10-15T19:35:55.160000+00:00,router_input_pkts_total,->7,1-112,unknown,0.0,1.84,0.0
2025-10-15T19:35:55.160000+00:00,router_input_pkts_total,5,1-112,1-113,448.0,1.84,243.47826086956522
2025-10-15T19:35:55.160000+00:00,router_input_pkts_total,internal,1-112,1-112,419.0,1.84,227.7173913043478
2025-10-15T19:35:55.160000+00:00,router_input_pkts_total,physical_local,1-112,local,419.0,1.84,227.7173913043478
2025-10-15T19:35:55.160000+00:00,router_input_pkts_total,physical_remote,1-112,remote,448.0,1.84,243.47826086956522
2025-10-15T19:35:55.160000+00:00,router_output_bytes_total,->1,1-112,unknown,0.0,1.84,0.0
2025-10-15T19:35:55.160000+00:00,router_output_bytes_total,->2,1-112,unknown,0.0,1.84,0.0
2025-10-15T19:35:55.160000+00:00,router_output_bytes_total,->3,1-112,unknown,0.0,1.84,0.0
2025-10-15T19:35:55.160000+00:00,router_output_bytes_total,->4,1-112,unknown,0.0,1.84,0.0
2025-10-15T19:35:55.160000+00:00,router_output_bytes_total,->6,1-112,unknown,0.0,1.84,0.0
2025-10-15T19:35:55.160000+00:00,router_output_bytes_total,->7,1-112,unknown,0.0,1.84,0.0
2025-10-15T19:35:55.160000+00:00,router_output_bytes_total,5,1-112,1-113,261962.0,1.84,142370.65217391303
2025-10-15T19:35:55.160000+00:00,router_output_bytes_total,internal,1-112,1-112,115552.0,1.84,62800.0
2025-10-15T19:35:55.160000+00:00,router_output_bytes_total,physical_local,1-112,local,115552.0,1.84,62800.0
2025-10-15T19:35:55.160000+00:00,router_output_bytes_total,physical_remote,1-112,remote,261962.0,1.84,142370.65217391303
2025-10-15T19:35:55.160000+00:00,router_output_pkts_total,->1,1-112,unknown,0.0,1.84,0.0
2025-10-15T19:35:55.160000+00:00,router_output_pkts_total,->2,1-112,unknown,0.0,1.84,0.0
2025-10-15T19:35:55.160000+00:00,router_output_pkts_total,->3,1-112,unknown,0.0,1.84,0.0
2025-10-15T19:35:55.160000+00:00,router_output_pkts_total,->4,1-112,unknown,0.0,1.84,0.0
2025-10-15T19:35:55.160000+00:00,router_output_pkts_total,->6,1-112,unknown,0.0,1.84,0.0
2025-10-15T19:35:55.160000+00:00,router_output_pkts_total,->7,1-112,unknown,0.0,1.84,0.0
2025-10-15T19:35:55.160000+00:00,router_output_pkts_total,5,1-112,1-113,476.0,1.84,258.695652173913
2025-10-15T19:35:55.160000+00:00,router_output_pkts_total,internal,1-112,1-112,387.0,1.84,210.32608695652172
2025-10-15T19:35:55.160000+00:00,router_output_pkts_total,physical_local,1-112,local,387.0,1.84,210.32608695652172
2025-10-15T19:35:55.160000+00:00,router_output_pkts_total,physical_remote,1-112,remote,476.0,1.84,258.695652173913
2025-10-15T19:35:56.707000+00:00,router_dropped_pkts_total,->1,1-112,unknown,0.0,1.547,0.0
2025-10-15T19:35:56.707000+00:00,router_dropped_pkts_total,->2,1-112,unknown,0.0,1.547,0.0
2025-10-15T19:35:56.707000+00:00,router_dropped_pkts_total,->3,1-112,unknown,0.0,1.547,0.0
2025-10-15T19:35:56.707000+00:00,router_dropped_pkts_total,->4,1-112,unknown,0.0,1.547,0.0
2025-10-15T19:35:56.707000+00:00,router_dropped_pkts_total,->6,1-112,unknown,0.0,1.547,0.0
2025-10-15T19:35:56.707000+00:00,router_dropped_pkts_total,->7,1-112,unknown,0.0,1.547,0.0
2025-10-15T19:35:56.707000+00:00,router_dropped_pkts_total,5,1-112,1-113,0.0,1.547,0.0
2025-10-15T19:35:56.707000+00:00,router_dropped_pkts_total,internal,1-112,1-112,0.0,1.547,0.0
2025-10-15T19:35:56.707000+00:00,router_dropped_pkts_total,physical_local,1-112,local,0.0,1.547,0.0
2025-10-15T19:35:56.707000+00:00,router_dropped_pkts_total,physical_remote,1-112,remote,0.0,1.547,0.0
2025-10-15T19:35:56.707000+00:00,router_input_bytes_total,->1,1-112,unknown,0.0,1.547,0.0
2025-10-15T19:35:56.707000+00:00,router_input_bytes_total,->2,1-112,unknown,0.0,1.547,0.0
2025-10-15T19:35:56.707000+00:00,router_input_bytes_total,->3,1-112,unknown,0.0,1.547,0.0
2025-10-15T19:35:56.707000+00:00,router_input_bytes_total,->4,1-112,unknown,0.0,1.547,0.0
2025-10-15T19:35:56.707000+00:00,router_input_bytes_total,->6,1-112,unknown,0.0,1.547,0.0
2025-10-15T19:35:56.707000+00:00,router_input_bytes_total,->7,1-112,unknown,0.0,1.547,0.0
2025-10-15T19:35:56.707000+00:00,router_input_bytes_total,5,1-112,1-113,119542.0,1.547,77273.43244990305
2025-10-15T19:35:56.707000+00:00,router_input_bytes_total,internal,1-112,1-112,259007.0,1.547,167425.33936651584
2025-10-15T19:35:56.707000+00:00,router_input_bytes_total,physical_local,1-112,local,259007.0,1.547,167425.33936651584
2025-10-15T19:35:56.707000+00:00,router_input_bytes_total,physical_remote,1-112,remote,119542.0,1.547,77273.43244990305
2025-10-15T19:35:56.707000+00:00,router_input_pkts_total,->1,1-112,unknown,0.0,1.547,0.0
2025-10-15T19:35:56.707000+00:00,router_input_pkts_total,->2,1-112,unknown,0.0,1.547,0.0
2025-10-15T19:35:56.707000+00:00,router_input_pkts_total,->3,1-112,unknown,0.0,1.547,0.0
2025-10-15T19:35:56.707000+00:00,router_input_pkts_total,->4,1-112,unknown,0.0,1.547,0.0
2025-10-15T19:35:56.707000+00:00,router_input_pkts_total,->6,1-112,unknown,0.0,1.547,0.0
2025-10-15T19:35:56.707000+00:00,router_input_pkts_total,->7,1-112,unknown,0.0,1.547,0.0
2025-10-15T19:35:56.707000+00:00,router_input_pkts_total,5,1-112,1-113,436.0,1.547,281.835811247576
2025-10-15T19:35:56.707000+00:00,router_input_pkts_total,internal,1-112,1-112,423.0,1.547,273.43244990303816
2025-10-15T19:35:56.707000+00:00,router_input_pkts_total,physical_local,1-112,local,423.0,1.547,273.43244990303816
2025-10-15T19:35:56.707000+00:00,router_input_pkts_total,physical_remote,1-112,remote,436.0,1.547,281.835811247576
2025-10-15T19:35:56.707000+00:00,router_output_bytes_total,->1,1-112,unknown,0.0,1.547,0.0
2025-10-15T19:35:56.707000+00:00,router_output_bytes_total,->2,1-112,unknown,0.0,1.547,0.0
2025-10-15T19:35:56.707000+00:00,router_output_bytes_total,->3,1-112,unknown,0.0,1.547,0.0
2025-10-15T19:35:56.707000+00:00,router_output_bytes_total,->4,1-112,unknown,0.0,1.547,0.0
2025-10-15T19:35:56.707000+00:00,router_output_bytes_total,->6,1-112,unknown,0.0,1.547,0.0
2025-10-15T19:35:56.707000+00:00,router_output_bytes_total,->7,1-112,unknown,0.0,1.547,0.0
2025-10-15T19:35:56.707000+00:00,router_output_bytes_total,5,1-112,1-113,262267.0,1.547,169532.6438267615
2025-10-15T19:35:56.707000+00:00,router_output_bytes_total,internal,1-112,1-112,114034.0,1.547,73712.99288946348
2025-10-15T19:35:56.707000+00:00,router_output_bytes_total,physical_local,1-112,local,114034.0,1.547,73712.99288946348
2025-10-15T19:35:56.707000+00:00,router_output_bytes_total,physical_remote,1-112,remote,262267.0,1.547,169532.6438267615
2025-10-15T19:35:56.707000+00:00,router_output_pkts_total,->1,1-112,unknown,0.0,1.547,0.0
2025-10-15T19:35:56.707000+00:00,router_output_pkts_total,->2,1-112,unknown,0.0,1.547,0.0
2025-10-15T19:35:56.707000+00:00,router_output_pkts_total,->3,1-112,unknown,0.0,1.547,0.0
2025-10-15T19:35:56.707000+00:00,router_output_pkts_total,->4,1-112,unknown,0.0,1.547,0.0
2025-10-15T19:35:56.707000+00:00,router_output_pkts_total,->6,1-112,unknown,0.0,1.547,0.0
2025-10-15T19:35:56.707000+00:00,router_output_pkts_total,->7,1-112,unknown,0.0,1.547,0.0
2025-10-15T19:35:56.707000+00:00,router_output_pkts_total,5,1-112,1-113,477.0,1.547,308.338720103426
2025-10-15T19:35:56.707000+00:00,router_output_pkts_total,internal,1-112,1-112,386.0,1.547,249.5151906916613
2025-10-15T19:35:56.707000+00:00,router_output_pkts_total,physical_local,1-112,local,386.0,1.547,249.5151906916613
2025-10-15T19:35:56.707000+00:00,router_output_pkts_total,physical_remote,1-112,remote,477.0,1.547,308.338720103426
2025-10-15T19:35:58.545000+00:00,router_dropped_pkts_total,->1,1-112,unknown,0.0,1.838,0.0
2025-10-15T19:35:58.545000+00:00,router_dropped_pkts_total,->2,1-112,unknown,0.0,1.838,0.0
2025-10-15T19:35:58.545000+00:00,router_dropped_pkts_total,->3,1-112,unknown,0.0,1.838,0.0
2025-10-15T19:35:58.545000+00:00,router_dropped_pkts_total,->4,1-112,unknown,0.0,1.838,0.0
2025-10-15T19:35:58.545000+00:00,router_dropped_pkts_total,->6,1-112,unknown,0.0,1.838,0.0
2025-10-15T19:35:58.545000+00:00,router_dropped_pkts_total,->7,1-112,unknown,0.0,1.838,0.0
2025-10-15T19:35:58.545000+00:00,router_dropped_pkts_total,5,1-112,1-113,0.0,1.838,0.0
2025-10-15T19:35:58.545000+00:00,router_dropped_pkts_total,internal,1-112,1-112,0.0,1.838,0.0
2025-10-15T19:35:58.545000+00:00,router_dropped_pkts_total,physical_local,1-112,local,0.0,1.838,0.0
2025-10-15T19:35:58.545000+00:00,router_dropped_pkts_total,physical_remote,1-112,remote,0.0,1.838,0.0
2025-10-15T19:35:58.545000+00:00,router_input_bytes_total,->1,1-112,unknown,0.0,1.838,0.0
2025-10-15T19:35:58.545000+00:00,router_input_bytes_total,->2,1-112,unknown,0.0,1.838,0.0
2025-10-15T19:35:58.545000+00:00,router_input_bytes_total,->3,1-112,unknown,0.0,1.838,0.0
2025-10-15T19:35:58.545000+00:00,router_input_bytes_total,->4,1-112,unknown,0.0,1.838,0.0
2025-10-15T19:35:58.545000+00:00,router_input_bytes_total,->6,1-112,unknown,0.0,1.838,0.0
2025-10-15T19:35:58.545000+00:00,router_input_bytes_total,->7,1-112,unknown,0.0,1.838,0.0
2025-10-15T19:35:58.545000+00:00,router_input_bytes_total,5,1-112,1-113,118712.0,1.838,64587.59521218716
2025-10-15T19:35:58.545000+00:00,router_input_bytes_total,internal,1-112,1-112,233989.0,1.838,127306.3112078346
2025-10-15T19:35:58.545000+00:00,router_input_bytes_total,physical_local,1-112,local,233989.0,1.838,127306.3112078346
2025-10-15T19:35:58.545000+00:00,router_input_bytes_total,physical_remote,1-112,remote,118712.0,1.838,64587.59521218716
2025-10-15T19:35:58.545000+00:00,router_input_pkts_total,->1,1-112,unknown,0.0,1.838,0.0
2025-10-15T19:35:58.545000+00:00,router_input_pkts_total,->2,1-112,unknown,0.0,1.838,0.0
2025-10-15T19:35:58.545000+00:00,router_input_pkts_total,->3,1-112,unknown,0.0,1.838,0.0
2025-10-15T19:35:58.545000+00:00,router_input_pkts_total,->4,1-112,unknown,0.0,1.838,0.0
2025-10-15T19:35:58.545000+00:00,router_input_pkts_total,->6,1-112,unknown,0.0,1.838,0.0
2025-10-15T19:35:58.545000+00:00,router_input_pkts_total,->7,1-112,unknown,0.0,1.838,0.0
2025-10-15T19:35:58.545000+00:00,router_input_pkts_total,5,1-112,1-113,407.0,1.838,221.43634385201304
2025-10-15T19:35:58.545000+00:00,router_input_pkts_total,internal,1-112,1-112,387.0,1.838,210.55495103373232
2025-10-15T19:35:58.545000+00:00,router_input_pkts_total,physical_local,1-112,local,387.0,1.838,210.55495103373232
2025-10-15T19:35:58.545000+00:00,router_input_pkts_total,physical_remote,1-112,remote,407.0,1.838,221.43634385201304
2025-10-15T19:35:58.545000+00:00,router_output_bytes_total,->1,1-112,unknown,0.0,1.838,0.0
2025-10-15T19:35:58.545000+00:00,router_output_bytes_total,->2,1-112,unknown,0.0,1.838,0.0
2025-10-15T19:35:58.545000+00:00,router_output_bytes_total,->3,1-112,unknown,0.0,1.838,0.0
2025-10-15T19:35:58.545000+00:00,router_output_bytes_total,->4,1-112,unknown,0.0,1.838,0.0
2025-10-15T19:35:58.545000+00:00,router_output_bytes_total,->6,1-112,unknown,0.0,1.838,0.0
2025-10-15T19:35:58.545000+00:00,router_output_bytes_total,->7,1-112,unknown,0.0,1.838,0.0
2025-10-15T19:35:58.545000+00:00,router_output_bytes_total,5,1-112,1-113,239691.0,1.838,130408.59630032643
2025-10-15T19:35:58.545000+00:00,router_output_bytes_total,internal,1-112,1-112,114500.0,1.838,62295.973884657236
2025-10-15T19:35:58.545000+00:00,router_output_bytes_total,physical_local,1-112,local,114500.0,1.838,62295.973884657236
2025-10-15T19:35:58.545000+00:00,router_output_bytes_total,physical_remote,1-112,remote,239691.0,1.838,130408.59630032643
2025-10-15T19:35:58.545000+00:00,router_output_pkts_total,->1,1-112,unknown,0.0,1.838,0.0
2025-10-15T19:35:58.545000+00:00,router_output_pkts_total,->2,1-112,unknown,0.0,1.838,0.0
2025-10-15T19:35:58.545000+00:00,router_output_pkts_total,->3,1-112,unknown,0.0,1.838,0.0
2025-10-15T19:35:58.545000+00:00,router_output_pkts_total,->4,1-112,unknown,0.0,1.838,0.0
2025-10-15T19:35:58.545000+00:00,router_output_pkts_total,->6,1-112,unknown,0.0,1.838,0.0
2025-10-15T19:35:58.545000+00:00,router_output_pkts_total,->7,1-112,unknown,0.0,1.838,0.0
2025-10-15T19:35:58.545000+00:00,router_output_pkts_total,5,1-112,1-113,426.0,1.838,231.77366702937974
2025-10-15T19:35:58.545000+00:00,router_output_pkts_total,internal,1-112,1-112,368.0,1.838,200.2176278563656
2025-10-15T19:35:58.545000+00:00,router_output_pkts_total,physical_local,1-112,local,368.0,1.838,200.2176278563656
2025-10-15T19:35:58.545000+00:00,router_output_pkts_total,physical_remote,1-112,remote,426.0,1.838,231.77366702937974
2025-10-15T19:36:00.353000+00:00,router_dropped_pkts_total,->1,1-112,unknown,0.0,1.808,0.0
2025-10-15T19:36:00.353000+00:00,router_dropped_pkts_total,->2,1-112,unknown,0.0,1.808,0.0
2025-10-15T19:36:00.353000+00:00,router_dropped_pkts_total,->3,1-112,unknown,0.0,1.808,0.0
2025-10-15T19:36:00.353000+00:00,router_dropped_pkts_total,->4,1-112,unknown,0.0,1.808,0.0
2025-10-15T19:36:00.353000+00:00,router_dropped_pkts_total,->6,1-112,unknown,0.0,1.808,0.0
2025-10-15T19:36:00.353000+00:00,router_dropped_pkts_total,->7,1-112,unknown,0.0,1.808,0.0
2025-10-15T19:36:00.353000+00:00,router_dropped_pkts_total,5,1-112,1-113,0.0,1.808,0.0
2025-10-15T19:36:00.353000+00:00,router_dropped_pkts_total,internal,1-112,1-112,0.0,1.808,0.0
2025-10-15T19:36:00.353000+00:00,router_dropped_pkts_total,physical_local,1-112,local,0.0,1.808,0.0
2025-10-15T19:36:00.353000+00:00,router_dropped_pkts_total,physical_remote,1-112,remote,0.0,1.808,0.0
2025-10-15T19:36:00.353000+00:00,router_input_bytes_total,->1,1-112,unknown,0.0,1.808,0.0
2025-10-15T19:36:00.353000+00:00,router_input_bytes_total,->2,1-112,unknown,0.0,1.808,0.0
2025-10-15T19:36:00.353000+00:00,router_input_bytes_total,->3,1-112,unknown,0.0,1.808,0.0
2025-10-15T19:36:00.353000+00:00,router_input_bytes_total,->4,1-112,unknown,0.0,1.808,0.0
2025-10-15T19:36:00.353000+00:00,router_input_bytes_total,->6,1-112,unknown,0.0,1.808,0.0
2025-10-15T19:36:00.353000+00:00,router_input_bytes_total,->7,1-112,unknown,0.0,1.808,0.0
2025-10-15T19:36:00.353000+00:00,router_input_bytes_total,5,1-112,1-113,118806.0,1.808,65711.2831858407
2025-10-15T19:36:00.353000+00:00,router_input_bytes_total,internal,1-112,1-112,246507.0,1.808,136342.36725663717
2025-10-15T19:36:00.353000+00:00,router_input_bytes_total,physical_local,1-112,local,246507.0,1.808,136342.36725663717
2025-10-15T19:36:00.353000+00:00,router_input_bytes_total,physical_remote,1-112,remote,118806.0,1.808,65711.2831858407
2025-10-15T19:36:00.353000+00:00,router_input_pkts_total,->1,1-112,unknown,0.0,1.808,0.0
2025-10-15T19:36:00.353000+00:00,router_input_pkts_total,->2,1-112,unknown,0.0,1.808,0.0
2025-10-15T19:36:00.353000+00:00,router_input_pkts_total,->3,1-112,unknown,0.0,1.808,0.0
2025-10-15T19:36:00.353000+00:00,router_input_pkts_total,->4,1-112,unknown,0.0,1.808,0.0
2025-10-15T19:36:00.353000+00:00,router_input_pkts_total,->6,1-112,unknown,0.0,1.808,0.0
2025-10-15T19:36:00.353000+00:00,router_input_pkts_total,->7,1-112,unknown,0.0,1.808,0.0
2025-10-15T19:36:00.353000+00:00,router_input_pkts_total,5,1-112,1-113,443.0,1.808,245.02212389380531
2025-10-15T19:36:00.353000+00:00,router_input_pkts_total,internal,1-112,1-112,406.0,1.808,224.5575221238938
2025-10-15T19:36:00.353000+00:00,router_input_pkts_total,physical_local,1-112,local,406.0,1.808,224.5575221238938
2025-10-15T19:36:00.353000+00:00,router_input_pkts_total,physical_remote,1-112,remote,443.0,1.808,245.02212389380531
2025-10-15T19:36:00.353000+00:00,router_output_bytes_total,->1,1-112,unknown,0.0,1.808,0.0
2025-10-15T19:36:00.353000+00:00,router_output_bytes_total,->2,1-112,unknown,0.0,1.808,0.0
2025-10-15T19:36:00.353000+00:00,router_output_bytes_total,->3,1-112,unknown,0.0,1.808,0.0
2025-10-15T19:36:00.353000+00:00,router_output_bytes_total,->4,1-112,unknown,0.0,1.808,0.0
2025-10-15T19:36:00.353000+00:00,router_output_bytes_total,->6,1-112,unknown,0.0,1.808,0.0
2025-10-15T19:36:00.353000+00:00,router_output_bytes_total,->7,1-112,unknown,0.0,1.808,0.0
2025-10-15T19:36:00.353000+00:00,router_output_bytes_total,5,1-112,1-113,253227.0,1.808,140059.1814159292
2025-10-15T19:36:00.353000+00:00,router_output_bytes_total,internal,1-112,1-112,112326.0,1.808,62127.21238938053
2025-10-15T19:36:00.353000+00:00,router_output_bytes_total,physical_local,1-112,local,112326.0,1.808,62127.21238938053
2025-10-15T19:36:00.353000+00:00,router_output_bytes_total,physical_remote,1-112,remote,253227.0,1.808,140059.1814159292
2025-10-15T19:36:00.353000+00:00,router_output_pkts_total,->1,1-112,unknown,0.0,1.808,0.0
2025-10-15T19:36:00.353000+00:00,router_output_pkts_total,->2,1-112,unknown,0.0,1.808,0.0
2025-10-15T19:36:00.353000+00:00,router_output_pkts_total,->3,1-112,unknown,0.0,1.808,0.0
2025-10-15T19:36:00.353000+00:00,router_output_pkts_total,->4,1-112,unknown,0.0,1.808,0.0
2025-10-15T19:36:00.353000+00:00,router_output_pkts_total,->6,1-112,unknown,0.0,1.808,0.0
2025-10-15T19:36:00.353000+00:00,router_output_pkts_total,->7,1-112,unknown,0.0,1.808,0.0
2025-10-15T19:36:00.353000+00:00,router_output_pkts_total,5,1-112,1-113,466.0,1.808,257.7433628318584
2025-10-15T19:36:00.353000+00:00,router_output_pkts_total,internal,1-112,1-112,383.0,1.808,211.8362831858407
2025-10-15T19:36:00.353000+00:00,router_output_pkts_total,physical_local,1-112,local,383.0,1.808,211.8362831858407
2025-10-15T19:36:00.353000+00:00,router_output_pkts_total,physical_remote,1-112,remote,466.0,1.808,257.7433628318584
2025-10-15T19:36:02.105000+00:00,router_dropped_pkts_total,->1,1-112,unknown,0.0,1.752,0.0
2025-10-15T19:36:02.105000+00:00,router_dropped_pkts_total,->2,1-112,unknown,0.0,1.752,0.0
2025-10-15T19:36:02.105000+00:00,router_dropped_pkts_total,->3,1-112,unknown,0.0,1.752,0.0
2025-10-15T19:36:02.105000+00:00,router_dropped_pkts_total,->4,1-112,unknown,0.0,1.752,0.0
2025-10-15T19:36:02.105000+00:00,router_dropped_pkts_total,->6,1-112,unknown,0.0,1.752,0.0
2025-10-15T19:36:02.105000+00:00,router_dropped_pkts_total,->7,1-112,unknown,0.0,1.752,0.0
2025-10-15T19:36:02.105000+00:00,router_dropped_pkts_total,5,1-112,1-113,0.0,1.752,0.0
2025-10-15T19:36:02.105000+00:00,router_dropped_pkts_total,internal,1-112,1-112,0.0,1.752,0.0
2025-10-15T19:36:02.105000+00:00,router_dropped_pkts_total,physical_local,1-112,local,0.0,1.752,0.0
2025-10-15T19:36:02.105000+00:00,router_dropped_pkts_total,physical_remote,1-112,remote,0.0,1.752,0.0
2025-10-15T19:36:02.105000+00:00,router_input_bytes_total,->1,1-112,unknown,0.0,1.752,0.0
2025-10-15T19:36:02.105000+00:00,router_input_bytes_total,->2,1-112,unknown,0.0,1.752,0.0
2025-10-15T19:36:02.105000+00:00,router_input_bytes_total,->3,1-112,unknown,0.0,1.752,0.0
2025-10-15T19:36:02.105000+00:00,router_input_bytes_total,->4,1-112,unknown,0.0,1.752,0.0
2025-10-15T19:36:02.105000+00:00,router_input_bytes_total,->6,1-112,unknown,0.0,1.752,0.0
2025-10-15T19:36:02.105000+00:00,router_input_bytes_total,->7,1-112,unknown,0.0,1.752,0.0
2025-10-15T19:36:02.105000+00:00,router_input_bytes_total,5,1-112,1-113,142952.0,1.752,81593.60730593608
2025-10-15T19:36:02.105000+00:00,router_input_bytes_total,internal,1-112,1-112,303720.0,1.752,173356.16438356164
2025-10-15T19:36:02.105000+00:00,router_input_bytes_total,physical_local,1-112,local,303720.0,1.752,173356.16438356164
2025-10-15T19:36:02.105000+00:00,router_input_bytes_total,physical_remote,1-112,remote,142952.0,1.752,81593.60730593608
2025-10-15T19:36:02.105000+00:00,router_input_pkts_total,->1,1-112,unknown,0.0,1.752,0.0
2025-10-15T19:36:02.105000+00:00,router_input_pkts_total,->2,1-112,unknown,0.0,1.752,0.0
2025-10-15T19:36:02.105000+00:00,router_input_pkts_total,->3,1-112,unknown,0.0,1.752,0.0
2025-10-15T19:36:02.105000+00:00,router_input_pkts_total,->4,1-112,unknown,0.0,1.752,0.0
2025-10-15T19:36:02.105000+00:00,router_input_pkts_total,->6,1-112,unknown,0.0,1.752,0.0
2025-10-15T19:36:02.105000+00:00,router_input_pkts_total,->7,1-112,unknown,0.0,1.752,0.0
2025-10-15T19:36:02.105000+00:00,router_input_pkts_total,5,1-112,1-113,528.0,1.752,301.36986301369865
2025-10-15T19:36:02.105000+00:00,router_input_pkts_total,internal,1-112,1-112,508.0,1.752,289.95433789954336
2025-10-15T19:36:02.105000+00:00,router_input_pkts_total,physical_local,1-112,local,508.0,1.752,289.95433789954336
2025-10-15T19:36:02.105000+00:00,router_input_pkts_total,physical_remote,1-112,remote,528.0,1.752,301.36986301369865
2025-10-15T19:36:02.105000+00:00,router_output_bytes_total,->1,1-112,unknown,0.0,1.752,0.0
2025-10-15T19:36:02.105000+00:00,router_output_bytes_total,->2,1-112,unknown,0.0,1.752,0.0
2025-10-15T19:36:02.105000+00:00,router_output_bytes_total,->3,1-112,unknown,0.0,1.752,0.0
2025-10-15T19:36:02.105000+00:00,router_output_bytes_total,->4,1-112,unknown,0.0,1.752,0.0
2025-10-15T19:36:02.105000+00:00,router_output_bytes_total,->6,1-112,unknown,0.0,1.752,0.0
2025-10-15T19:36:02.105000+00:00,router_output_bytes_total,->7,1-112,unknown,0.0,1.752,0.0
2025-10-15T19:36:02.105000+00:00,router_output_bytes_total,5,1-112,1-113,310440.0,1.752,177191.7808219178
2025-10-15T19:36:02.105000+00:00,router_output_bytes_total,internal,1-112,1-112,136472.0,1.752,77894.97716894977
2025-10-15T19:36:02.105000+00:00,router_output_bytes_total,physical_local,1-112,local,136472.0,1.752,77894.97716894977
2025-10-15T19:36:02.105000+00:00,router_output_bytes_total,physical_remote,1-112,remote,310440.0,1.752,177191.7808219178
2025-10-15T19:36:02.105000+00:00,router_output_pkts_total,->1,1-112,unknown,0.0,1.752,0.0
2025-10-15T19:36:02.105000+00:00,router_output_pkts_total,->2,1-112,unknown,0.0,1.752,0.0
2025-10-15T19:36:02.105000+00:00,router_output_pkts_total,->3,1-112,unknown,0.0,1.752,0.0
2025-10-15T19:36:02.105000+00:00,router_output_pkts_total,->4,1-112,unknown,0.0,1.752,0.0
2025-10-15T19:36:02.105000+00:00,router_output_pkts_total,->6,1-112,unknown,0.0,1.752,0.0
2025-10-15T19:36:02.105000+00:00,router_output_pkts_total,->7,1-112,unknown,0.0,1.752,0.0
2025-10-15T19:36:02.105000+00:00,router_output_pkts_total,5,1-112,1-113,568.0,1.752,324.2009132420091
2025-10-15T19:36:02.105000+00:00,router_output_pkts_total,internal,1-112,1-112,468.0,1.752,267.1232876712329
2025-10-15T19:36:02.105000+00:00,router_output_pkts_total,physical_local,1-112,local,468.0,1.752,267.1232876712329
2025-10-15T19:36:02.105000+00:00,router_output_pkts_total,physical_remote,1-112,remote,568.0,1.752,324.2009132420091
2025-10-15T19:36:04.113000+00:00,router_dropped_pkts_total,->1,1-112,unknown,0.0,2.008,0.0
2025-10-15T19:36:04.113000+00:00,router_dropped_pkts_total,->2,1-112,unknown,0.0,2.008,0.0
2025-10-15T19:36:04.113000+00:00,router_dropped_pkts_total,->3,1-112,unknown,0.0,2.008,0.0
2025-10-15T19:36:04.113000+00:00,router_dropped_pkts_total,->4,1-112,unknown,0.0,2.008,0.0
2025-10-15T19:36:04.113000+00:00,router_dropped_pkts_total,->6,1-112,unknown,0.0,2.008,0.0
2025-10-15T19:36:04.113000+00:00,router_dropped_pkts_total,->7,1-112,unknown,0.0,2.008,0.0
2025-10-15T19:36:04.113000+00:00,router_dropped_pkts_total,5,1-112,1-113,0.0,2.008,0.0
2025-10-15T19:36:04.113000+00:00,router_dropped_pkts_total,internal,1-112,1-112,0.0,2.008,0.0
2025-10-15T19:36:04.113000+00:00,router_dropped_pkts_total,physical_local,1-112,local,0.0,2.008,0.0
2025-10-15T19:36:04.113000+00:00,router_dropped_pkts_total,physical_remote,1-112,remote,0.0,2.008,0.0
2025-10-15T19:36:04.113000+00:00,router_input_bytes_total,->1,1-112,unknown,0.0,2.008,0.0
2025-10-15T19:36:04.113000+00:00,router_input_bytes_total,->2,1-112,unknown,0.0,2.008,0.0
2025-10-15T19:36:04.113000+00:00,router_input_bytes_total,->3,1-112,unknown,0.0,2.008,0.0
2025-10-15T19:36:04.113000+00:00,router_input_bytes_total,->4,1-112,unknown,0.0,2.008,0.0
2025-10-15T19:36:04.113000+00:00,router_input_bytes_total,->6,1-112,unknown,0.0,2.008,0.0
2025-10-15T19:36:04.113000+00:00,router_input_bytes_total,->7,1-112,unknown,0.0,2.008,0.0
2025-10-15T19:36:04.113000+00:00,router_input_bytes_total,5,1-112,1-113,134810.0,2.008,67136.45418326693
2025-10-15T19:36:04.113000+00:00,router_input_bytes_total,internal,1-112,1-112,262718.0,2.008,130835.65737051793
2025-10-15T19:36:04.113000+00:00,router_input_bytes_total,physical_local,1-112,local,262718.0,2.008,130835.65737051793
2025-10-15T19:36:04.113000+00:00,router_input_bytes_total,physical_remote,1-112,remote,134810.0,2.008,67136.45418326693
2025-10-15T19:36:04.113000+00:00,router_input_pkts_total,->1,1-112,unknown,0.0,2.008,0.0
2025-10-15T19:36:04.113000+00:00,router_input_pkts_total,->2,1-112,unknown,0.0,2.008,0.0
2025-10-15T19:36:04.113000+00:00,router_input_pkts_total,->3,1-112,unknown,0.0,2.008,0.0
2025-10-15T19:36:04.113000+00:00,router_input_pkts_total,->4,1-112,unknown,0.0,2.008,0.0
2025-10-15T19:36:04.113000+00:00,router_input_pkts_total,->6,1-112,unknown,0.0,2.008,0.0
2025-10-15T19:36:04.113000+00:00,router_input_pkts_total,->7,1-112,unknown,0.0,2.008,0.0
2025-10-15T19:36:04.113000+00:00,router_input_pkts_total,5,1-112,1-113,485.0,2.008,241.53386454183266
2025-10-15T19:36:04.113000+00:00,router_input_pkts_total,internal,1-112,1-112,451.0,2.008,224.601593625498
2025-10-15T19:36:04.113000+00:00,router_input_pkts_total,physical_local,1-112,local,451.0,2.008,224.601593625498
2025-10-15T19:36:04.113000+00:00,router_input_pkts_total,physical_remote,1-112,remote,485.0,2.008,241.53386454183266
2025-10-15T19:36:04.113000+00:00,router_output_bytes_total,->1,1-112,unknown,0.0,2.008,0.0
2025-10-15T19:36:04.113000+00:00,router_output_bytes_total,->2,1-112,unknown,0.0,2.008,0.0
2025-10-15T19:36:04.113000+00:00,router_output_bytes_total,->3,1-112,unknown,0.0,2.008,0.0
2025-10-15T19:36:04.113000+00:00,router_output_bytes_total,->4,1-112,unknown,0.0,2.008,0.0
2025-10-15T19:36:04.113000+00:00,router_output_bytes_total,->6,1-112,unknown,0.0,2.008,0.0
2025-10-15T19:36:04.113000+00:00,router_output_bytes_total,->7,1-112,unknown,0.0,2.008,0.0
2025-10-15T19:36:04.113000+00:00,router_output_bytes_total,5,1-112,1-113,269438.0,2.008,134182.27091633467
2025-10-15T19:36:04.113000+00:00,router_output_bytes_total,internal,1-112,1-112,128330.0,2.008,63909.3625498008
2025-10-15T19:36:04.113000+00:00,router_output_bytes_total,physical_local,1-112,local,128330.0,2.008,63909.3625498008
2025-10-15T19:36:04.113000+00:00,router_output_bytes_total,physical_remote,1-112,remote,269438.0,2.008,134182.27091633467
2025-10-15T19:36:04.113000+00:00,router_output_pkts_total,->1,1-112,unknown,0.0,2.008,0.0
2025-10-15T19:36:04.113000+00:00,router_output_pkts_total,->2,1-112,unknown,0.0,2.008,0.0
2025-10-15T19:36:04.113000+00:00,router_output_pkts_total,->3,1-112,unknown,0.0,2.008,0.0
2025-10-15T19:36:04.113000+00:00,router_output_pkts_total,->4,1-112,unknown,0.0,2.008,0.0
2025-10-15T19:36:04.113000+00:00,router_output_pkts_total,->6,1-112,unknown,0.0,2.008,0.0
2025-10-15T19:36:04.113000+00:00,router_output_pkts_total,->7,1-112,unknown,0.0,2.008,0.0
2025-10-15T19:36:04.113000+00:00,router_output_pkts_total,5,1-112,1-113,511.0,2.008,254.4820717131474
2025-10-15T19:36:04.113000+00:00,router_output_pkts_total,internal,1-112,1-112,425.0,2.008,211.65338645418328
2025-10-15T19:36:04.113000+00:00,router_output_pkts_total,physical_local,1-112,local,425.0,2.008,211.65338645418328
2025-10-15T19:36:04.113000+00:00,router_output_pkts_total,physical_remote,1-112,remote,511.0,2.008,254.4820717131474
2025-10-15T19:36:05.793000+00:00,router_dropped_pkts_total,->1,1-112,unknown,0.0,1.68,0.0
2025-10-15T19:36:05.793000+00:00,router_dropped_pkts_total,->2,1-112,unknown,0.0,1.68,0.0
2025-10-15T19:36:05.793000+00:00,router_dropped_pkts_total,->3,1-112,unknown,0.0,1.68,0.0
2025-10-15T19:36:05.793000+00:00,router_dropped_pkts_total,->4,1-112,unknown,0.0,1.68,0.0
2025-10-15T19:36:05.793000+00:00,router_dropped_pkts_total,->6,1-112,unknown,0.0,1.68,0.0
2025-10-15T19:36:05.793000+00:00,router_dropped_pkts_total,->7,1-112,unknown,0.0,1.68,0.0
2025-10-15T19:36:05.793000+00:00,router_dropped_pkts_total,5,1-112,1-113,0.0,1.68,0.0
2025-10-15T19:36:05.793000+00:00,router_dropped_pkts_total,internal,1-112,1-112,0.0,1.68,0.0
2025-10-15T19:36:05.793000+00:00,router_dropped_pkts_total,physical_local,1-112,local,0.0,1.68,0.0
2025-10-15T19:36:05.793000+00:00,router_dropped_pkts_total,physical_remote,1-112,remote,0.0,1.68,0.0
2025-10-15T19:36:05.793000+00:00,router_input_bytes_total,->1,1-112,unknown,0.0,1.68,0.0
2025-10-15T19:36:05.793000+00:00,router_input_bytes_total,->2,1-112,unknown,0.0,1.68,0.0
2025-10-15T19:36:05.793000+00:00,router_input_bytes_total,->3,1-112,unknown,0.0,1.68,0.0
2025-10-15T19:36:05.793000+00:00,router_input_bytes_total,->4,1-112,unknown,0.0,1.68,0.0
2025-10-15T19:36:05.793000+00:00,router_input_bytes_total,->6,1-112,unknown,0.0,1.68,0.0
2025-10-15T19:36:05.793000+00:00,router_input_bytes_total,->7,1-112,unknown,0.0,1.68,0.0
2025-10-15T19:36:05.793000+00:00,router_input_bytes_total,5,1-112,1-113,113421.0,1.68,67512.5
2025-10-15T19:36:05.793000+00:00,router_input_bytes_total,internal,1-112,1-112,239285.0,1.68,142431.54761904763
2025-10-15T19:36:05.793000+00:00,router_input_bytes_total,physical_local,1-112,local,239285.0,1.68,142431.54761904763
2025-10-15T19:36:05.793000+00:00,router_input_bytes_total,physical_remote,1-112,remote,113421.0,1.68,67512.5
2025-10-15T19:36:05.793000+00:00,router_input_pkts_total,->1,1-112,unknown,0.0,1.68,0.0
2025-10-15T19:36:05.793000+00:00,router_input_pkts_total,->2,1-112,unknown,0.0,1.68,0.0
2025-10-15T19:36:05.793000+00:00,router_input_pkts_total,->3,1-112,unknown,0.0,1.68,0.0
2025-10-15T19:36:05.793000+00:00,router_input_pkts_total,->4,1-112,unknown,0.0,1.68,0.0
2025-10-15T19:36:05.793000+00:00,router_input_pkts_total,->6,1-112,unknown,0.0,1.68,0.0
2025-10-15T19:36:05.793000+00:00,router_input_pkts_total,->7,1-112,unknown,0.0,1.68,0.0
2025-10-15T19:36:05.793000+00:00,router_input_pkts_total,5,1-112,1-113,410.0,1.68,244.04761904761907
2025-10-15T19:36:05.793000+00:00,router_input_pkts_total,internal,1-112,1-112,392.0,1.68,233.33333333333334
2025-10-15T19:36:05.793000+00:00,router_input_pkts_total,physical_local,1-112,local,392.0,1.68,233.33333333333334
2025-10-15T19:36:05.793000+00:00,router_input_pkts_total,physical_remote,1-112,remote,410.0,1.68,244.04761904761907
2025-10-15T19:36:05.793000+00:00,router_output_bytes_total,->1,1-112,unknown,0.0,1.68,0.0
2025-10-15T19:36:05.793000+00:00,router_output_bytes_total,->2,1-112,unknown,0.0,1.68,0.0
2025-10-15T19:36:05.793000+00:00,router_output_bytes_total,->3,1-112,unknown,0.0,1.68,0.0
2025-10-15T19:36:05.793000+00:00,router_output_bytes_total,->4,1-112,unknown,0.0,1.68,0.0
2025-10-15T19:36:05.793000+00:00,router_output_bytes_total,->6,1-112,unknown,0.0,1.68,0.0
2025-10-15T19:36:05.793000+00:00,router_output_bytes_total,->7,1-112,unknown,0.0,1.68,0.0
2025-10-15T19:36:05.793000+00:00,router_output_bytes_total,5,1-112,1-113,244549.0,1.68,145564.88095238095
2025-10-15T19:36:05.793000+00:00,router_output_bytes_total,internal,1-112,1-112,108237.0,1.68,64426.78571428572
2025-10-15T19:36:05.793000+00:00,router_output_bytes_total,physical_local,1-112,local,108237.0,1.68,64426.78571428572
2025-10-15T19:36:05.793000+00:00,router_output_bytes_total,physical_remote,1-112,remote,244549.0,1.68,145564.88095238095
2025-10-15T19:36:05.793000+00:00,router_output_pkts_total,->1,1-112,unknown,0.0,1.68,0.0
2025-10-15T19:36:05.793000+00:00,router_output_pkts_total,->2,1-112,unknown,0.0,1.68,0.0
2025-10-15T19:36:05.793000+00:00,router_output_pkts_total,->3,1-112,unknown,0.0,1.68,0.0
2025-10-15T19:36:05.793000+00:00,router_output_pkts_total,->4,1-112,unknown,0.0,1.68,0.0
2025-10-15T19:36:05.793000+00:00,router_output_pkts_total,->6,1-112,unknown,0.0,1.68,0.0
2025-10-15T19:36:05.793000+00:00,router_output_pkts_total,->7,1-112,unknown,0.0,1.68,0.0
2025-10-15T19:36:05.793000+00:00,router_output_pkts_total,5,1-112,1-113,436.0,1.68,259.5238095238095
2025-10-15T19:36:05.793000+00:00,router_output_pkts_total,internal,1-112,1-112,359.0,1.68,213.6904761904762
2025-10-15T19:36:05.793000+00:00,router_output_pkts_total,physical_local,1-112,local,359.0,1.68,213.6904761904762
2025-10-15T19:36:05.793000+00:00,router_output_pkts_total,physical_remote,1-112,remote,436.0,1.68,259.5238095238095
2025-10-15T19:36:07.593000+00:00,router_dropped_pkts_total,->1,1-112,unknown,0.0,1.8,0.0
2025-10-15T19:36:07.593000+00:00,router_dropped_pkts_total,->2,1-112,unknown,0.0,1.8,0.0
2025-10-15T19:36:07.593000+00:00,router_dropped_pkts_total,->3,1-112,unknown,0.0,1.8,0.0
2025-10-15T19:36:07.593000+00:00,router_dropped_pkts_total,->4,1-112,unknown,0.0,1.8,0.0
2025-10-15T19:36:07.593000+00:00,router_dropped_pkts_total,->6,1-112,unknown,0.0,1.8,0.0
2025-10-15T19:36:07.593000+00:00,router_dropped_pkts_total,->7,1-112,unknown,0.0,1.8,0.0
2025-10-15T19:36:07.593000+00:00,router_dropped_pkts_total,5,1-112,1-113,0.0,1.8,0.0
2025-10-15T19:36:07.593000+00:00,router_dropped_pkts_total,internal,1-112,1-112,0.0,1.8,0.0
2025-10-15T19:36:07.593000+00:00,router_dropped_pkts_total,physical_local,1-112,local,0.0,1.8,0.0
2025-10-15T19:36:07.593000+00:00,router_dropped_pkts_total,physical_remote,1-112,remote,0.0,1.8,0.0
2025-10-15T19:36:07.593000+00:00,router_input_bytes_total,->1,1-112,unknown,0.0,1.8,0.0
2025-10-15T19:36:07.593000+00:00,router_input_bytes_total,->2,1-112,unknown,0.0,1.8,0.0
2025-10-15T19:36:07.593000+00:00,router_input_bytes_total,->3,1-112,unknown,0.0,1.8,0.0
2025-10-15T19:36:07.593000+00:00,router_input_bytes_total,->4,1-112,unknown,0.0,1.8,0.0
2025-10-15T19:36:07.593000+00:00,router_input_bytes_total,->6,1-112,unknown,0.0,1.8,0.0
2025-10-15T19:36:07.593000+00:00,router_input_bytes_total,->7,1-112,unknown,0.0,1.8,0.0
2025-10-15T19:36:07.593000+00:00,router_input_bytes_total,5,1-112,1-113,112803.0,1.8,62668.33333333333
2025-10-15T19:36:07.593000+00:00,router_input_bytes_total,internal,1-112,1-112,245468.0,1.8,136371.1111111111
2025-10-15T19:36:07.593000+00:00,router_input_bytes_total,physical_local,1-112,local,245468.0,1.8,136371.1111111111
2025-10-15T19:36:07.593000+00:00,router_input_bytes_total,physical_remote,1-112,remote,112803.0,1.8,62668.33333333333
2025-10-15T19:36:07.593000+00:00,router_input_pkts_total,->1,1-112,unknown,0.0,1.8,0.0
2025-10-15T19:36:07.593000+00:00,router_input_pkts_total,->2,1-112,unknown,0.0,1.8,0.0
2025-10-15T19:36:07.593000+00:00,router_input_pkts_total,->3,1-112,unknown,0.0,1.8,0.0
2025-10-15T19:36:07.593000+00:00,router_input_pkts_total,->4,1-112,unknown,0.0,1.8,0.0
2025-10-15T19:36:07.593000+00:00,router_input_pkts_total,->6,1-112,unknown,0.0,1.8,0.0
2025-10-15T19:36:07.593000+00:00,router_input_pkts_total,->7,1-112,unknown,0.0,1.8,0.0
2025-10-15T19:36:07.593000+00:00,router_input_pkts_total,5,1-112,1-113,402.0,1.8,223.33333333333331
2025-10-15T19:36:07.593000+00:00,router_input_pkts_total,internal,1-112,1-112,389.0,1.8,216.11111111111111
2025-10-15T19:36:07.593000+00:00,router_input_pkts_total,physical_local,1-112,local,389.0,1.8,216.11111111111111
2025-10-15T19:36:07.593000+00:00,router_input_pkts_total,physical_remote,1-112,remote,402.0,1.8,223.33333333333331
2025-10-15T19:36:07.593000+00:00,router_output_bytes_total,->1,1-112,unknown,0.0,1.8,0.0
2025-10-15T19:36:07.593000+00:00,router_output_bytes_total,->2,1-112,unknown,0.0,1.8,0.0
2025-10-15T19:36:07.593000+00:00,router_output_bytes_total,->3,1-112,unknown,0.0,1.8,0.0
2025-10-15T19:36:07.593000+00:00,router_output_bytes_total,->4,1-112,unknown,0.0,1.8,0.0
2025-10-15T19:36:07.593000+00:00,router_output_bytes_total,->6,1-112,unknown,0.0,1.8,0.0
2025-10-15T19:36:07.593000+00:00,router_output_bytes_total,->7,1-112,unknown,0.0,1.8,0.0
2025-10-15T19:36:07.593000+00:00,router_output_bytes_total,5,1-112,1-113,250284.0,1.8,139046.66666666666
2025-10-15T19:36:07.593000+00:00,router_output_bytes_total,internal,1-112,1-112,108267.0,1.8,60148.33333333333
2025-10-15T19:36:07.593000+00:00,router_output_bytes_total,physical_local,1-112,local,108267.0,1.8,60148.33333333333
2025-10-15T19:36:07.593000+00:00,router_output_bytes_total,physical_remote,1-112,remote,250284.0,1.8,139046.66666666666
2025-10-15T19:36:07.593000+00:00,router_output_pkts_total,->1,1-112,unknown,0.0,1.8,0.0
2025-10-15T19:36:07.593000+00:00,router_output_pkts_total,->2,1-112,unknown,0.0,1.8,0.0
2025-10-15T19:36:07.593000+00:00,router_output_pkts_total,->3,1-112,unknown,0.0,1.8,0.0
2025-10-15T19:36:07.593000+00:00,router_output_pkts_total,->4,1-112,unknown,0.0,1.8,0.0
2025-10-15T19:36:07.593000+00:00,router_output_pkts_total,->6,1-112,unknown,0.0,1.8,0.0
2025-10-15T19:36:07.593000+00:00,router_output_pkts_total,->7,1-112,unknown,0.0,1.8,0.0
2025-10-15T19:36:07.593000+00:00,router_output_pkts_total,5,1-112,1-113,435.0,1.8,241.66666666666666
2025-10-15T19:36:07.593000+00:00,router_output_pkts_total,internal,1-112,1-112,363.0,1.8,201.66666666666666
2025-10-15T19:36:07.593000+00:00,router_output_pkts_total,physical_local,1-112,local,363.0,1.8,201.66666666666666
2025-10-15T19:36:07.593000+00:00,router_output_pkts_total,physical_remote,1-112,remote,435.0,1.8,241.66666666666666
2025-10-15T19:36:09.340000+00:00,router_dropped_pkts_total,->1,1-112,unknown,0.0,1.747,0.0
2025-10-15T19:36:09.340000+00:00,router_dropped_pkts_total,->2,1-112,unknown,0.0,1.747,0.0
2025-10-15T19:36:09.340000+00:00,router_dropped_pkts_total,->3,1-112,unknown,0.0,1.747,0.0
2025-10-15T19:36:09.340000+00:00,router_dropped_pkts_total,->4,1-112,unknown,0.0,1.747,0.0
2025-10-15T19:36:09.340000+00:00,router_dropped_pkts_total,->6,1-112,unknown,0.0,1.747,0.0
2025-10-15T19:36:09.340000+00:00,router_dropped_pkts_total,->7,1-112,unknown,0.0,1.747,0.0
2025-10-15T19:36:09.340000+00:00,router_dropped_pkts_total,5,1-112,1-113,0.0,1.747,0.0
2025-10-15T19:36:09.340000+00:00,router_dropped_pkts_total,internal,1-112,1-112,0.0,1.747,0.0
2025-10-15T19:36:09.340000+00:00,router_dropped_pkts_total,physical_local,1-112,local,0.0,1.747,0.0
2025-10-15T19:36:09.340000+00:00,router_dropped_pkts_total,physical_remote,1-112,remote,0.0,1.747,0.0
2025-10-15T19:36:09.340000+00:00,router_input_bytes_total,->1,1-112,unknown,0.0,1.747,0.0
2025-10-15T19:36:09.340000+00:00,router_input_bytes_total,->2,1-112,unknown,0.0,1.747,0.0
2025-10-15T19:36:09.340000+00:00,router_input_bytes_total,->3,1-112,unknown,0.0,1.747,0.0
2025-10-15T19:36:09.340000+00:00,router_input_bytes_total,->4,1-112,unknown,0.0,1.747,0.0
2025-10-15T19:36:09.340000+00:00,router_input_bytes_total,->6,1-112,unknown,0.0,1.747,0.0
2025-10-15T19:36:09.340000+00:00,router_input_bytes_total,->7,1-112,unknown,0.0,1.747,0.0
2025-10-15T19:36:09.340000+00:00,router_input_bytes_total,5,1-112,1-113,137127.0,1.747,78492.84487693188
2025-10-15T19:36:09.340000+00:00,router_input_bytes_total,internal,1-112,1-112,268212.0,1.747,153527.18946765884
2025-10-15T19:36:09.340000+00:00,router_input_bytes_total,physical_local,1-112,local,268212.0,1.747,153527.18946765884
2025-10-15T19:36:09.340000+00:00,router_input_bytes_total,physical_remote,1-112,remote,137127.0,1.747,78492.84487693188
2025-10-15T19:36:09.340000+00:00,router_input_pkts_total,->1,1-112,unknown,0.0,1.747,0.0
2025-10-15T19:36:09.340000+00:00,router_input_pkts_total,->2,1-112,unknown,0.0,1.747,0.0
2025-10-15T19:36:09.340000+00:00,router_input_pkts_total,->3,1-112,unknown,0.0,1.747,0.0
2025-10-15T19:36:09.340000+00:00,router_input_pkts_total,->4,1-112,unknown,0.0,1.747,0.0
2025-10-15T19:36:09.340000+00:00,router_input_pkts_total,->6,1-112,unknown,0.0,1.747,0.0
2025-10-15T19:36:09.340000+00:00,router_input_pkts_total,->7,1-112,unknown,0.0,1.747,0.0
2025-10-15T19:36:09.340000+00:00,router_input_pkts_total,5,1-112,1-113,488.0,1.747,279.3360045792787
2025-10-15T19:36:09.340000+00:00,router_input_pkts_total,internal,1-112,1-112,455.0,1.747,260.4464796794505
2025-10-15T19:36:09.340000+00:00,router_input_pkts_total,physical_local,1-112,local,455.0,1.747,260.4464796794505
2025-10-15T19:36:09.340000+00:00,router_input_pkts_total,physical_remote,1-112,remote,488.0,1.747,279.3360045792787
2025-10-15T19:36:09.340000+00:00,router_output_bytes_total,->1,1-112,unknown,0.0,1.747,0.0
2025-10-15T19:36:09.340000+00:00,router_output_bytes_total,->2,1-112,unknown,0.0,1.747,0.0
2025-10-15T19:36:09.340000+00:00,router_output_bytes_total,->3,1-112,unknown,0.0,1.747,0.0
2025-10-15T19:36:09.340000+00:00,router_output_bytes_total,->4,1-112,unknown,0.0,1.747,0.0
2025-10-15T19:36:09.340000+00:00,router_output_bytes_total,->6,1-112,unknown,0.0,1.747,0.0
2025-10-15T19:36:09.340000+00:00,router_output_bytes_total,->7,1-112,unknown,0.0,1.747,0.0
2025-10-15T19:36:09.340000+00:00,router_output_bytes_total,5,1-112,1-113,274932.0,1.747,157373.78362907842
2025-10-15T19:36:09.340000+00:00,router_output_bytes_total,internal,1-112,1-112,130647.0,1.747,74783.62907842014
2025-10-15T19:36:09.340000+00:00,router_output_bytes_total,physical_local,1-112,local,130647.0,1.747,74783.62907842014
2025-10-15T19:36:09.340000+00:00,router_output_bytes_total,physical_remote,1-112,remote,274932.0,1.747,157373.78362907842
2025-10-15T19:36:09.340000+00:00,router_output_pkts_total,->1,1-112,unknown,0.0,1.747,0.0
2025-10-15T19:36:09.340000+00:00,router_output_pkts_total,->2,1-112,unknown,0.0,1.747,0.0
2025-10-15T19:36:09.340000+00:00,router_output_pkts_total,->3,1-112,unknown,0.0,1.747,0.0
2025-10-15T19:36:09.340000+00:00,router_output_pkts_total,->4,1-112,unknown,0.0,1.747,0.0
2025-10-15T19:36:09.340000+00:00,router_output_pkts_total,->6,1-112,unknown,0.0,1.747,0.0
2025-10-15T19:36:09.340000+00:00,router_output_pkts_total,->7,1-112,unknown,0.0,1.747,0.0
2025-10-15T19:36:09.340000+00:00,router_output_pkts_total,5,1-112,1-113,515.0,1.747,294.791070406411
2025-10-15T19:36:09.340000+00:00,router_output_pkts_total,internal,1-112,1-112,428.0,1.747,244.99141385231823
2025-10-15T19:36:09.340000+00:00,router_output_pkts_total,physical_local,1-112,local,428.0,1.747,244.99141385231823
2025-10-15T19:36:09.340000+00:00,router_output_pkts_total,physical_remote,1-112,remote,515.0,1.747,294.791070406411
2025-10-15T19:36:11.198000+00:00,router_dropped_pkts_total,->1,1-112,unknown,0.0,1.858,0.0
2025-10-15T19:36:11.198000+00:00,router_dropped_pkts_total,->2,1-112,unknown,0.0,1.858,0.0
2025-10-15T19:36:11.198000+00:00,router_dropped_pkts_total,->3,1-112,unknown,0.0,1.858,0.0
2025-10-15T19:36:11.198000+00:00,router_dropped_pkts_total,->4,1-112,unknown,0.0,1.858,0.0
2025-10-15T19:36:11.198000+00:00,router_dropped_pkts_total,->6,1-112,unknown,0.0,1.858,0.0
2025-10-15T19:36:11.198000+00:00,router_dropped_pkts_total,->7,1-112,unknown,0.0,1.858,0.0
2025-10-15T19:36:11.198000+00:00,router_dropped_pkts_total,5,1-112,1-113,0.0,1.858,0.0
2025-10-15T19:36:11.198000+00:00,router_dropped_pkts_total,internal,1-112,1-112,0.0,1.858,0.0
2025-10-15T19:36:11.198000+00:00,router_dropped_pkts_total,physical_local,1-112,local,0.0,1.858,0.0
2025-10-15T19:36:11.198000+00:00,router_dropped_pkts_total,physical_remote,1-112,remote,0.0,1.858,0.0
2025-10-15T19:36:11.198000+00:00,router_input_bytes_total,->1,1-112,unknown,0.0,1.858,0.0
2025-10-15T19:36:11.198000+00:00,router_input_bytes_total,->2,1-112,unknown,0.0,1.858,0.0
2025-10-15T19:36:11.198000+00:00,router_input_bytes_total,->3,1-112,unknown,0.0,1.858,0.0
2025-10-15T19:36:11.198000+00:00,router_input_bytes_total,->4,1-112,unknown,0.0,1.858,0.0
2025-10-15T19:36:11.198000+00:00,router_input_bytes_total,->6,1-112,unknown,0.0,1.858,0.0
2025-10-15T19:36:11.198000+00:00,router_input_bytes_total,->7,1-112,unknown,0.0,1.858,0.0
2025-10-15T19:36:11.198000+00:00,router_input_bytes_total,5,1-112,1-113,128060.0,1.858,68923.57373519914
2025-10-15T19:36:11.198000+00:00,router_input_bytes_total,internal,1-112,1-112,272092.0,1.858,146443.48762109794
2025-10-15T19:36:11.198000+00:00,router_input_bytes_total,physical_local,1-112,local,272092.0,1.858,146443.48762109794
2025-10-15T19:36:11.198000+00:00,router_input_bytes_total,physical_remote,1-112,remote,128060.0,1.858,68923.57373519914
2025-10-15T19:36:11.198000+00:00,router_input_pkts_total,->1,1-112,unknown,0.0,1.858,0.0
2025-10-15T19:36:11.198000+00:00,router_input_pkts_total,->2,1-112,unknown,0.0,1.858,0.0
2025-10-15T19:36:11.198000+00:00,router_input_pkts_total,->3,1-112,unknown,0.0,1.858,0.0
2025-10-15T19:36:11.198000+00:00,router_input_pkts_total,->4,1-112,unknown,0.0,1.858,0.0
2025-10-15T19:36:11.198000+00:00,router_input_pkts_total,->6,1-112,unknown,0.0,1.858,0.0
2025-10-15T19:36:11.198000+00:00,router_input_pkts_total,->7,1-112,unknown,0.0,1.858,0.0
2025-10-15T19:36:11.198000+00:00,router_input_pkts_total,5,1-112,1-113,472.0,1.858,254.03659849300323
2025-10-15T19:36:11.198000+00:00,router_input_pkts_total,internal,1-112,1-112,451.0,1.858,242.73412271259417
2025-10-15T19:36:11.198000+00:00,router_input_pkts_total,physical_local,1-112,local,451.0,1.858,242.73412271259417
2025-10-15T19:36:11.198000+00:00,router_input_pkts_total,physical_remote,1-112,remote,472.0,1.858,254.03659849300323
2025-10-15T19:36:11.198000+00:00,router_output_bytes_total,->1,1-112,unknown,0.0,1.858,0.0
2025-10-15T19:36:11.198000+00:00,router_output_bytes_total,->2,1-112,unknown,0.0,1.858,0.0
2025-10-15T19:36:11.198000+00:00,router_output_bytes_total,->3,1-112,unknown,0.0,1.858,0.0
2025-10-15T19:36:11.198000+00:00,router_output_bytes_total,->4,1-112,unknown,0.0,1.858,0.0
2025-10-15T19:36:11.198000+00:00,router_output_bytes_total,->6,1-112,unknown,0.0,1.858,0.0
2025-10-15T19:36:11.198000+00:00,router_output_bytes_total,->7,1-112,unknown,0.0,1.858,0.0
2025-10-15T19:36:11.198000+00:00,router_output_bytes_total,5,1-112,1-113,278812.0,1.858,150060.27987082885
2025-10-15T19:36:11.198000+00:00,router_output_bytes_total,internal,1-112,1-112,121580.0,1.858,65435.95263724434
2025-10-15T19:36:11.198000+00:00,router_output_bytes_total,physical_local,1-112,local,121580.0,1.858,65435.95263724434
2025-10-15T19:36:11.198000+00:00,router_output_bytes_total,physical_remote,1-112,remote,278812.0,1.858,150060.27987082885
2025-10-15T19:36:11.198000+00:00,router_output_pkts_total,->1,1-112,unknown,0.0,1.858,0.0
2025-10-15T19:36:11.198000+00:00,router_output_pkts_total,->2,1-112,unknown,0.0,1.858,0.0
2025-10-15T19:36:11.198000+00:00,router_output_pkts_total,->3,1-112,unknown,0.0,1.858,0.0
2025-10-15T19:36:11.198000+00:00,router_output_pkts_total,->4,1-112,unknown,0.0,1.858,0.0
2025-10-15T19:36:11.198000+00:00,router_output_pkts_total,->6,1-112,unknown,0.0,1.858,0.0
2025-10-15T19:36:11.198000+00:00,router_output_pkts_total,->7,1-112,unknown,0.0,1.858,0.0
2025-10-15T19:36:11.198000+00:00,router_output_pkts_total,5,1-112,1-113,511.0,1.858,275.02691065662003
2025-10-15T19:36:11.198000+00:00,router_output_pkts_total,internal,1-112,1-112,412.0,1.858,221.7438105489774
2025-10-15T19:36:11.198000+00:00,router_output_pkts_total,physical_local,1-112,local,412.0,1.858,221.7438105489774
2025-10-15T19:36:11.198000+00:00,router_output_pkts_total,physical_remote,1-112,remote,511.0,1.858,275.02691065662003
2025-10-15T19:36:12.949000+00:00,router_dropped_pkts_total,->1,1-112,unknown,0.0,1.751,0.0
2025-10-15T19:36:12.949000+00:00,router_dropped_pkts_total,->2,1-112,unknown,0.0,1.751,0.0
2025-10-15T19:36:12.949000+00:00,router_dropped_pkts_total,->3,1-112,unknown,0.0,1.751,0.0
2025-10-15T19:36:12.949000+00:00,router_dropped_pkts_total,->4,1-112,unknown,0.0,1.751,0.0
2025-10-15T19:36:12.949000+00:00,router_dropped_pkts_total,->6,1-112,unknown,0.0,1.751,0.0
2025-10-15T19:36:12.949000+00:00,router_dropped_pkts_total,->7,1-112,unknown,0.0,1.751,0.0
2025-10-15T19:36:12.949000+00:00,router_dropped_pkts_total,5,1-112,1-113,0.0,1.751,0.0
2025-10-15T19:36:12.949000+00:00,router_dropped_pkts_total,internal,1-112,1-112,0.0,1.751,0.0
2025-10-15T19:36:12.949000+00:00,router_dropped_pkts_total,physical_local,1-112,local,0.0,1.751,0.0
2025-10-15T19:36:12.949000+00:00,router_dropped_pkts_total,physical_remote,1-112,remote,0.0,1.751,0.0
2025-10-15T19:36:12.949000+00:00,router_input_bytes_total,->1,1-112,unknown,0.0,1.751,0.0
2025-10-15T19:36:12.949000+00:00,router_input_bytes_total,->2,1-112,unknown,0.0,1.751,0.0
2025-10-15T19:36:12.949000+00:00,router_input_bytes_total,->3,1-112,unknown,0.0,1.751,0.0
2025-10-15T19:36:12.949000+00:00,router_input_bytes_total,->4,1-112,unknown,0.0,1.751,0.0
2025-10-15T19:36:12.949000+00:00,router_input_bytes_total,->6,1-112,unknown,0.0,1.751,0.0
2025-10-15T19:36:12.949000+00:00,router_input_bytes_total,->7,1-112,unknown,0.0,1.751,0.0
2025-10-15T19:36:12.949000+00:00,router_input_bytes_total,5,1-112,1-113,125320.0,1.751,71570.53112507139
2025-10-15T19:36:12.949000+00:00,router_input_bytes_total,internal,1-112,1-112,260336.0,1.751,148678.46944603085
2025-10-15T19:36:12.949000+00:00,router_input_bytes_total,physical_local,1-112,local,260336.0,1.751,148678.46944603085
2025-10-15T19:36:12.949000+00:00,router_input_bytes_total,physical_remote,1-112,remote,125320.0,1.751,71570.53112507139
2025-10-15T19:36:12.949000+00:00,router_input_pkts_total,->1,1-112,unknown,0.0,1.751,0.0
2025-10-15T19:36:12.949000+00:00,router_input_pkts_total,->2,1-112,unknown,0.0,1.751,0.0
2025-10-15T19:36:12.949000+00:00,router_input_pkts_total,->3,1-112,unknown,0.0,1.751,0.0
2025-10-15T19:36:12.949000+00:00,router_input_pkts_total,->4,1-112,unknown,0.0,1.751,0.0
2025-10-15T19:36:12.949000+00:00,router_input_pkts_total,->6,1-112,unknown,0.0,1.751,0.0
2025-10-15T19:36:12.949000+00:00,router_input_pkts_total,->7,1-112,unknown,0.0,1.751,0.0
2025-10-15T19:36:12.949000+00:00,router_input_pkts_total,5,1-112,1-113,470.0,1.751,268.41804683038265
2025-10-15T19:36:12.949000+00:00,router_input_pkts_total,internal,1-112,1-112,438.0,1.751,250.1427755568247
2025-10-15T19:36:12.949000+00:00,router_input_pkts_total,physical_local,1-112,local,438.0,1.751,250.1427755568247
2025-10-15T19:36:12.949000+00:00,router_input_pkts_total,physical_remote,1-112,remote,470.0,1.751,268.41804683038265
2025-10-15T19:36:12.949000+00:00,router_output_bytes_total,->1,1-112,unknown,0.0,1.751,0.0
2025-10-15T19:36:12.949000+00:00,router_output_bytes_total,->2,1-112,unknown,0.0,1.751,0.0
2025-10-15T19:36:12.949000+00:00,router_output_bytes_total,->3,1-112,unknown,0.0,1.751,0.0
2025-10-15T19:36:12.949000+00:00,router_output_bytes_total,->4,1-112,unknown,0.0,1.751,0.0
2025-10-15T19:36:12.949000+00:00,router_output_bytes_total,->6,1-112,unknown,0.0,1.751,0.0
2025-10-15T19:36:12.949000+00:00,router_output_bytes_total,->7,1-112,unknown,0.0,1.751,0.0
2025-10-15T19:36:12.949000+00:00,router_output_bytes_total,5,1-112,1-113,267056.0,1.751,152516.27641347802
2025-10-15T19:36:12.949000+00:00,router_output_bytes_total,internal,1-112,1-112,118840.0,1.751,67869.7886921759
2025-10-15T19:36:12.949000+00:00,router_output_bytes_total,physical_local,1-112,local,118840.0,1.751,67869.7886921759
2025-10-15T19:36:12.949000+00:00,router_output_bytes_total,physical_remote,1-112,remote,267056.0,1.751,152516.27641347802
2025-10-15T19:36:12.949000+00:00,router_output_pkts_total,->1,1-112,unknown,0.0,1.751,0.0
2025-10-15T19:36:12.949000+00:00,router_output_pkts_total,->2,1-112,unknown,0.0,1.751,0.0
2025-10-15T19:36:12.949000+00:00,router_output_pkts_total,->3,1-112,unknown,0.0,1.751,0.0
2025-10-15T19:36:12.949000+00:00,router_output_pkts_total,->4,1-112,unknown,0.0,1.751,0.0
2025-10-15T19:36:12.949000+00:00,router_output_pkts_total,->6,1-112,unknown,0.0,1.751,0.0
2025-10-15T19:36:12.949000+00:00,router_output_pkts_total,->7,1-112,unknown,0.0,1.751,0.0
2025-10-15T19:36:12.949000+00:00,router_output_pkts_total,5,1-112,1-113,498.0,1.751,284.4089091947459
2025-10-15T19:36:12.949000+00:00,router_output_pkts_total,internal,1-112,1-112,410.0,1.751,234.15191319246148
2025-10-15T19:36:12.949000+00:00,router_output_pkts_total,physical_local,1-112,local,410.0,1.751,234.15191319246148
2025-10-15T19:36:12.949000+00:00,router_output_pkts_total,physical_remote,1-112,remote,498.0,1.751,284.4089091947459
2025-10-15T19:36:14.694000+00:00,router_dropped_pkts_total,->1,1-112,unknown,0.0,1.745,0.0
2025-10-15T19:36:14.694000+00:00,router_dropped_pkts_total,->2,1-112,unknown,0.0,1.745,0.0
2025-10-15T19:36:14.694000+00:00,router_dropped_pkts_total,->3,1-112,unknown,0.0,1.745,0.0
2025-10-15T19:36:14.694000+00:00,router_dropped_pkts_total,->4,1-112,unknown,0.0,1.745,0.0
2025-10-15T19:36:14.694000+00:00,router_dropped_pkts_total,->6,1-112,unknown,0.0,1.745,0.0
2025-10-15T19:36:14.694000+00:00,router_dropped_pkts_total,->7,1-112,unknown,0.0,1.745,0.0
2025-10-15T19:36:14.694000+00:00,router_dropped_pkts_total,5,1-112,1-113,0.0,1.745,0.0
2025-10-15T19:36:14.694000+00:00,router_dropped_pkts_total,internal,1-112,1-112,0.0,1.745,0.0
2025-10-15T19:36:14.694000+00:00,router_dropped_pkts_total,physical_local,1-112,local,0.0,1.745,0.0
2025-10-15T19:36:14.694000+00:00,router_dropped_pkts_total,physical_remote,1-112,remote,0.0,1.745,0.0
2025-10-15T19:36:14.694000+00:00,router_input_bytes_total,->1,1-112,unknown,0.0,1.745,0.0
2025-10-15T19:36:14.694000+00:00,router_input_bytes_total,->2,1-112,unknown,0.0,1.745,0.0
2025-10-15T19:36:14.694000+00:00,router_input_bytes_total,->3,1-112,unknown,0.0,1.745,0.0
2025-10-15T19:36:14.694000+00:00,router_input_bytes_total,->4,1-112,unknown,0.0,1.745,0.0
2025-10-15T19:36:14.694000+00:00,router_input_bytes_total,->6,1-112,unknown,0.0,1.745,0.0
2025-10-15T19:36:14.694000+00:00,router_input_bytes_total,->7,1-112,unknown,0.0,1.745,0.0
2025-10-15T19:36:14.694000+00:00,router_input_bytes_total,5,1-112,1-113,129243.0,1.745,74064.75644699139
2025-10-15T19:36:14.694000+00:00,router_input_bytes_total,internal,1-112,1-112,253420.0,1.745,145226.3610315186
2025-10-15T19:36:14.694000+00:00,router_input_bytes_total,physical_local,1-112,local,253420.0,1.745,145226.3610315186
2025-10-15T19:36:14.694000+00:00,router_input_bytes_total,physical_remote,1-112,remote,129243.0,1.745,74064.75644699139
2025-10-15T19:36:14.694000+00:00,router_input_pkts_total,->1,1-112,unknown,0.0,1.745,0.0
2025-10-15T19:36:14.694000+00:00,router_input_pkts_total,->2,1-112,unknown,0.0,1.745,0.0
2025-10-15T19:36:14.694000+00:00,router_input_pkts_total,->3,1-112,unknown,0.0,1.745,0.0
2025-10-15T19:36:14.694000+00:00,router_input_pkts_total,->4,1-112,unknown,0.0,1.745,0.0
2025-10-15T19:36:14.694000+00:00,router_input_pkts_total,->6,1-112,unknown,0.0,1.745,0.0
2025-10-15T19:36:14.694000+00:00,router_input_pkts_total,->7,1-112,unknown,0.0,1.745,0.0
2025-10-15T19:36:14.694000+00:00,router_input_pkts_total,5,1-112,1-113,463.0,1.745,265.3295128939828
2025-10-15T19:36:14.694000+00:00,router_input_pkts_total,internal,1-112,1-112,428.0,1.745,245.27220630372491
2025-10-15T19:36:14.694000+00:00,router_input_pkts_total,physical_local,1-112,local,428.0,1.745,245.27220630372491
2025-10-15T19:36:14.694000+00:00,router_input_pkts_total,physical_remote,1-112,remote,463.0,1.745,265.3295128939828
2025-10-15T19:36:14.694000+00:00,router_output_bytes_total,->1,1-112,unknown,0.0,1.745,0.0
2025-10-15T19:36:14.694000+00:00,router_output_bytes_total,->2,1-112,unknown,0.0,1.745,0.0
2025-10-15T19:36:14.694000+00:00,router_output_bytes_total,->3,1-112,unknown,0.0,1.745,0.0
2025-10-15T19:36:14.694000+00:00,router_output_bytes_total,->4,1-112,unknown,0.0,1.745,0.0
2025-10-15T19:36:14.694000+00:00,router_output_bytes_total,->6,1-112,unknown,0.0,1.745,0.0
2025-10-15T19:36:14.694000+00:00,router_output_bytes_total,->7,1-112,unknown,0.0,1.745,0.0
2025-10-15T19:36:14.694000+00:00,router_output_bytes_total,5,1-112,1-113,261836.0,1.745,150049.28366762176
2025-10-15T19:36:14.694000+00:00,router_output_bytes_total,internal,1-112,1-112,124853.0,1.745,71548.99713467048
2025-10-15T19:36:14.694000+00:00,router_output_bytes_total,physical_local,1-112,local,124853.0,1.745,71548.99713467048
2025-10-15T19:36:14.694000+00:00,router_output_bytes_total,physical_remote,1-112,remote,261836.0,1.745,150049.28366762176
2025-10-15T19:36:14.694000+00:00,router_output_pkts_total,->1,1-112,unknown,0.0,1.745,0.0
2025-10-15T19:36:14.694000+00:00,router_output_pkts_total,->2,1-112,unknown,0.0,1.745,0.0
2025-10-15T19:36:14.694000+00:00,router_output_pkts_total,->3,1-112,unknown,0.0,1.745,0.0
2025-10-15T19:36:14.694000+00:00,router_output_pkts_total,->4,1-112,unknown,0.0,1.745,0.0
2025-10-15T19:36:14.694000+00:00,router_output_pkts_total,->6,1-112,unknown,0.0,1.745,0.0
2025-10-15T19:36:14.694000+00:00,router_output_pkts_total,->7,1-112,unknown,0.0,1.745,0.0
2025-10-15T19:36:14.694000+00:00,router_output_pkts_total,5,1-112,1-113,460.0,1.745,263.6103151862464
2025-10-15T19:36:14.694000+00:00,router_output_pkts_total,internal,1-112,1-112,387.0,1.745,221.77650429799425
2025-10-15T19:36:14.694000+00:00,router_output_pkts_total,physical_local,1-112,local,387.0,1.745,221.77650429799425
2025-10-15T19:36:14.694000+00:00,router_output_pkts_total,physical_remote,1-112,remote,460.0,1.745,263.6103151862464
2025-10-15T19:36:16.622000+00:00,router_dropped_pkts_total,->1,1-112,unknown,0.0,1.928,0.0
2025-10-15T19:36:16.622000+00:00,router_dropped_pkts_total,->2,1-112,unknown,0.0,1.928,0.0
2025-10-15T19:36:16.622000+00:00,router_dropped_pkts_total,->3,1-112,unknown,0.0,1.928,0.0
2025-10-15T19:36:16.622000+00:00,router_dropped_pkts_total,->4,1-112,unknown,0.0,1.928,0.0
2025-10-15T19:36:16.622000+00:00,router_dropped_pkts_total,->6,1-112,unknown,0.0,1.928,0.0
2025-10-15T19:36:16.622000+00:00,router_dropped_pkts_total,->7,1-112,unknown,0.0,1.928,0.0
2025-10-15T19:36:16.622000+00:00,router_dropped_pkts_total,5,1-112,1-113,0.0,1.928,0.0
2025-10-15T19:36:16.622000+00:00,router_dropped_pkts_total,internal,1-112,1-112,0.0,1.928,0.0
2025-10-15T19:36:16.622000+00:00,router_dropped_pkts_total,physical_local,1-112,local,0.0,1.928,0.0
2025-10-15T19:36:16.622000+00:00,router_dropped_pkts_total,physical_remote,1-112,remote,0.0,1.928,0.0
2025-10-15T19:36:16.622000+00:00,router_input_bytes_total,->1,1-112,unknown,0.0,1.928,0.0
2025-10-15T19:36:16.622000+00:00,router_input_bytes_total,->2,1-112,unknown,0.0,1.928,0.0
2025-10-15T19:36:16.622000+00:00,router_input_bytes_total,->3,1-112,unknown,0.0,1.928,0.0
2025-10-15T19:36:16.622000+00:00,router_input_bytes_total,->4,1-112,unknown,0.0,1.928,0.0
2025-10-15T19:36:16.622000+00:00,router_input_bytes_total,->6,1-112,unknown,0.0,1.928,0.0
2025-10-15T19:36:16.622000+00:00,router_input_bytes_total,->7,1-112,unknown,0.0,1.928,0.0
2025-10-15T19:36:16.622000+00:00,router_input_bytes_total,5,1-112,1-113,119864.0,1.928,62170.1244813278
2025-10-15T19:36:16.622000+00:00,router_input_bytes_total,internal,1-112,1-112,261059.0,1.928,135404.04564315354
2025-10-15T19:36:16.622000+00:00,router_input_bytes_total,physical_local,1-112,local,261059.0,1.928,135404.04564315354
2025-10-15T19:36:16.622000+00:00,router_input_bytes_total,physical_remote,1-112,remote,119864.0,1.928,62170.1244813278
2025-10-15T19:36:16.622000+00:00,router_input_pkts_total,->1,1-112,unknown,0.0,1.928,0.0
2025-10-15T19:36:16.622000+00:00,router_input_pkts_total,->2,1-112,unknown,0.0,1.928,0.0
2025-10-15T19:36:16.622000+00:00,router_input_pkts_total,->3,1-112,unknown,0.0,1.928,0.0
2025-10-15T19:36:16.622000+00:00,router_input_pkts_total,->4,1-112,unknown,0.0,1.928,0.0
2025-10-15T19:36:16.622000+00:00,router_input_pkts_total,->6,1-112,unknown,0.0,1.928,0.0
2025-10-15T19:36:16.622000+00:00,router_input_pkts_total,->7,1-112,unknown,0.0,1.928,0.0
2025-10-15T19:36:16.622000+00:00,router_input_pkts_total,5,1-112,1-113,407.0,1.928,211.09958506224066
2025-10-15T19:36:16.622000+00:00,router_input_pkts_total,internal,1-112,1-112,410.0,1.928,212.65560165975106
2025-10-15T19:36:16.622000+00:00,router_input_pkts_total,physical_local,1-112,local,410.0,1.928,212.65560165975106
2025-10-15T19:36:16.622000+00:00,router_input_pkts_total,physical_remote,1-112,remote,407.0,1.928,211.09958506224066
2025-10-15T19:36:16.622000+00:00,router_output_bytes_total,->1,1-112,unknown,0.0,1.928,0.0
2025-10-15T19:36:16.622000+00:00,router_output_bytes_total,->2,1-112,unknown,0.0,1.928,0.0
2025-10-15T19:36:16.622000+00:00,router_output_bytes_total,->3,1-112,unknown,0.0,1.928,0.0
2025-10-15T19:36:16.622000+00:00,router_output_bytes_total,->4,1-112,unknown,0.0,1.928,0.0
2025-10-15T19:36:16.622000+00:00,router_output_bytes_total,->6,1-112,unknown,0.0,1.928,0.0
2025-10-15T19:36:16.622000+00:00,router_output_bytes_total,->7,1-112,unknown,0.0,1.928,0.0
2025-10-15T19:36:16.622000+00:00,router_output_bytes_total,5,1-112,1-113,262723.0,1.928,136267.11618257262
2025-10-15T19:36:16.622000+00:00,router_output_bytes_total,internal,1-112,1-112,114534.0,1.928,59405.60165975104
2025-10-15T19:36:16.622000+00:00,router_output_bytes_total,physical_local,1-112,local,114534.0,1.928,59405.60165975104
2025-10-15T19:36:16.622000+00:00,router_output_bytes_total,physical_remote,1-112,remote,262723.0,1.928,136267.11618257262
2025-10-15T19:36:16.622000+00:00,router_output_pkts_total,->1,1-112,unknown,0.0,1.928,0.0
2025-10-15T19:36:16.622000+00:00,router_output_pkts_total,->2,1-112,unknown,0.0,1.928,0.0
2025-10-15T19:36:16.622000+00:00,router_output_pkts_total,->3,1-112,unknown,0.0,1.928,0.0
2025-10-15T19:36:16.622000+00:00,router_output_pkts_total,->4,1-112,unknown,0.0,1.928,0.0
2025-10-15T19:36:16.622000+00:00,router_output_pkts_total,->6,1-112,unknown,0.0,1.928,0.0
2025-10-15T19:36:16.622000+00:00,router_output_pkts_total,->7,1-112,unknown,0.0,1.928,0.0
2025-10-15T19:36:16.622000+00:00,router_output_pkts_total,5,1-112,1-113,468.0,1.928,242.73858921161826
2025-10-15T19:36:16.622000+00:00,router_output_pkts_total,internal,1-112,1-112,393.0,1.928,203.83817427385893
2025-10-15T19:36:16.622000+00:00,router_output_pkts_total,physical_local,1-112,local,393.0,1.928,203.83817427385893
2025-10-15T19:36:16.622000+00:00,router_output_pkts_total,physical_remote,1-112,remote,468.0,1.928,242.73858921161826
2025-10-15T19:36:18.530000+00:00,router_dropped_pkts_total,->1,1-112,unknown,0.0,1.908,0.0
2025-10-15T19:36:18.530000+00:00,router_dropped_pkts_total,->2,1-112,unknown,0.0,1.908,0.0
2025-10-15T19:36:18.530000+00:00,router_dropped_pkts_total,->3,1-112,unknown,0.0,1.908,0.0
2025-10-15T19:36:18.530000+00:00,router_dropped_pkts_total,->4,1-112,unknown,0.0,1.908,0.0
2025-10-15T19:36:18.530000+00:00,router_dropped_pkts_total,->6,1-112,unknown,0.0,1.908,0.0
2025-10-15T19:36:18.530000+00:00,router_dropped_pkts_total,->7,1-112,unknown,0.0,1.908,0.0
2025-10-15T19:36:18.530000+00:00,router_dropped_pkts_total,5,1-112,1-113,0.0,1.908,0.0
2025-10-15T19:36:18.530000+00:00,router_dropped_pkts_total,internal,1-112,1-112,0.0,1.908,0.0
2025-10-15T19:36:18.530000+00:00,router_dropped_pkts_total,physical_local,1-112,local,0.0,1.908,0.0
2025-10-15T19:36:18.530000+00:00,router_dropped_pkts_total,physical_remote,1-112,remote,0.0,1.908,0.0
2025-10-15T19:36:18.530000+00:00,router_input_bytes_total,->1,1-112,unknown,0.0,1.908,0.0
2025-10-15T19:36:18.530000+00:00,router_input_bytes_total,->2,1-112,unknown,0.0,1.908,0.0
2025-10-15T19:36:18.530000+00:00,router_input_bytes_total,->3,1-112,unknown,0.0,1.908,0.0
2025-10-15T19:36:18.530000+00:00,router_input_bytes_total,->4,1-112,unknown,0.0,1.908,0.0
2025-10-15T19:36:18.530000+00:00,router_input_bytes_total,->6,1-112,unknown,0.0,1.908,0.0
2025-10-15T19:36:18.530000+00:00,router_input_bytes_total,->7,1-112,unknown,0.0,1.908,0.0
2025-10-15T19:36:18.530000+00:00,router_input_bytes_total,5,1-112,1-113,122594.0,1.908,64252.620545073376
2025-10-15T19:36:18.530000+00:00,router_input_bytes_total,internal,1-112,1-112,259056.0,1.908,135773.5849056604
2025-10-15T19:36:18.530000+00:00,router_input_bytes_total,physical_local,1-112,local,259056.0,1.908,135773.5849056604
2025-10-15T19:36:18.530000+00:00,router_input_bytes_total,physical_remote,1-112,remote,122594.0,1.908,64252.620545073376
2025-10-15T19:36:18.530000+00:00,router_input_pkts_total,->1,1-112,unknown,0.0,1.908,0.0
2025-10-15T19:36:18.530000+00:00,router_input_pkts_total,->2,1-112,unknown,0.0,1.908,0.0
2025-10-15T19:36:18.530000+00:00,router_input_pkts_total,->3,1-112,unknown,0.0,1.908,0.0
2025-10-15T19:36:18.530000+00:00,router_input_pkts_total,->4,1-112,unknown,0.0,1.908,0.0
2025-10-15T19:36:18.530000+00:00,router_input_pkts_total,->6,1-112,unknown,0.0,1.908,0.0
2025-10-15T19:36:18.530000+00:00,router_input_pkts_total,->7,1-112,unknown,0.0,1.908,0.0
2025-10-15T19:36:18.530000+00:00,router_input_pkts_total,5,1-112,1-113,450.0,1.908,235.8490566037736
2025-10-15T19:36:18.530000+00:00,router_input_pkts_total,internal,1-112,1-112,419.0,1.908,219.60167714884696
2025-10-15T19:36:18.530000+00:00,router_input_pkts_total,physical_local,1-112,local,419.0,1.908,219.60167714884696
2025-10-15T19:36:18.530000+00:00,router_input_pkts_total,physical_remote,1-112,remote,450.0,1.908,235.8490566037736
2025-10-15T19:36:18.530000+00:00,router_output_bytes_total,->1,1-112,unknown,0.0,1.908,0.0
2025-10-15T19:36:18.530000+00:00,router_output_bytes_total,->2,1-112,unknown,0.0,1.908,0.0
2025-10-15T19:36:18.530000+00:00,router_output_bytes_total,->3,1-112,unknown,0.0,1.908,0.0
2025-10-15T19:36:18.530000+00:00,router_output_bytes_total,->4,1-112,unknown,0.0,1.908,0.0
2025-10-15T19:36:18.530000+00:00,router_output_bytes_total,->6,1-112,unknown,0.0,1.908,0.0
2025-10-15T19:36:18.530000+00:00,router_output_bytes_total,->7,1-112,unknown,0.0,1.908,0.0
2025-10-15T19:36:18.530000+00:00,router_output_bytes_total,5,1-112,1-113,265776.0,1.908,139295.59748427675
2025-10-15T19:36:18.530000+00:00,router_output_bytes_total,internal,1-112,1-112,116114.0,1.908,60856.39412997904
2025-10-15T19:36:18.530000+00:00,router_output_bytes_total,physical_local,1-112,local,116114.0,1.908,60856.39412997904
2025-10-15T19:36:18.530000+00:00,router_output_bytes_total,physical_remote,1-112,remote,265776.0,1.908,139295.59748427675
2025-10-15T19:36:18.530000+00:00,router_output_pkts_total,->1,1-112,unknown,0.0,1.908,0.0
2025-10-15T19:36:18.530000+00:00,router_output_pkts_total,->2,1-112,unknown,0.0,1.908,0.0
2025-10-15T19:36:18.530000+00:00,router_output_pkts_total,->3,1-112,unknown,0.0,1.908,0.0
2025-10-15T19:36:18.530000+00:00,router_output_pkts_total,->4,1-112,unknown,0.0,1.908,0.0
2025-10-15T19:36:18.530000+00:00,router_output_pkts_total,->6,1-112,unknown,0.0,1.908,0.0
2025-10-15T19:36:18.530000+00:00,router_output_pkts_total,->7,1-112,unknown,0.0,1.908,0.0
2025-10-15T19:36:18.530000+00:00,router_output_pkts_total,5,1-112,1-113,479.0,1.908,251.04821802935012
2025-10-15T19:36:18.530000+00:00,router_output_pkts_total,internal,1-112,1-112,390.0,1.908,204.40251572327045
2025-10-15T19:36:18.530000+00:00,router_output_pkts_total,physical_local,1-112,local,390.0,1.908,204.40251572327045
2025-10-15T19:36:18.530000+00:00,router_output_pkts_total,physical_remote,1-112,remote,479.0,1.908,251.04821802935012
2025-10-15T19:36:20.346000+00:00,router_dropped_pkts_total,->1,1-112,unknown,0.0,1.816,0.0
2025-10-15T19:36:20.346000+00:00,router_dropped_pkts_total,->2,1-112,unknown,0.0,1.816,0.0
2025-10-15T19:36:20.346000+00:00,router_dropped_pkts_total,->3,1-112,unknown,0.0,1.816,0.0
2025-10-15T19:36:20.346000+00:00,router_dropped_pkts_total,->4,1-112,unknown,0.0,1.816,0.0
2025-10-15T19:36:20.346000+00:00,router_dropped_pkts_total,->6,1-112,unknown,0.0,1.816,0.0
2025-10-15T19:36:20.346000+00:00,router_dropped_pkts_total,->7,1-112,unknown,0.0,1.816,0.0
2025-10-15T19:36:20.346000+00:00,router_dropped_pkts_total,5,1-112,1-113,0.0,1.816,0.0
2025-10-15T19:36:20.346000+00:00,router_dropped_pkts_total,internal,1-112,1-112,0.0,1.816,0.0
2025-10-15T19:36:20.346000+00:00,router_dropped_pkts_total,physical_local,1-112,local,0.0,1.816,0.0
2025-10-15T19:36:20.346000+00:00,router_dropped_pkts_total,physical_remote,1-112,remote,0.0,1.816,0.0
2025-10-15T19:36:20.346000+00:00,router_input_bytes_total,->1,1-112,unknown,0.0,1.816,0.0
2025-10-15T19:36:20.346000+00:00,router_input_bytes_total,->2,1-112,unknown,0.0,1.816,0.0
2025-10-15T19:36:20.346000+00:00,router_input_bytes_total,->3,1-112,unknown,0.0,1.816,0.0
2025-10-15T19:36:20.346000+00:00,router_input_bytes_total,->4,1-112,unknown,0.0,1.816,0.0
2025-10-15T19:36:20.346000+00:00,router_input_bytes_total,->6,1-112,unknown,0.0,1.816,0.0
2025-10-15T19:36:20.346000+00:00,router_input_bytes_total,->7,1-112,unknown,0.0,1.816,0.0
2025-10-15T19:36:20.346000+00:00,router_input_bytes_total,5,1-112,1-113,142017.0,1.816,78203.19383259912
2025-10-15T19:36:20.346000+00:00,router_input_bytes_total,internal,1-112,1-112,278338.0,1.816,153269.82378854626
2025-10-15T19:36:20.346000+00:00,router_input_bytes_total,physical_local,1-112,local,278338.0,1.816,153269.82378854626
2025-10-15T19:36:20.346000+00:00,router_input_bytes_total,physical_remote,1-112,remote,142017.0,1.816,78203.19383259912
2025-10-15T19:36:20.346000+00:00,router_input_pkts_total,->1,1-112,unknown,0.0,1.816,0.0
2025-10-15T19:36:20.346000+00:00,router_input_pkts_total,->2,1-112,unknown,0.0,1.816,0.0
2025-10-15T19:36:20.346000+00:00,router_input_pkts_total,->3,1-112,unknown,0.0,1.816,0.0
2025-10-15T19:36:20.346000+00:00,router_input_pkts_total,->4,1-112,unknown,0.0,1.816,0.0
2025-10-15T19:36:20.346000+00:00,router_input_pkts_total,->6,1-112,unknown,0.0,1.816,0.0
2025-10-15T19:36:20.346000+00:00,router_input_pkts_total,->7,1-112,unknown,0.0,1.816,0.0
2025-10-15T19:36:20.346000+00:00,router_input_pkts_total,5,1-112,1-113,504.0,1.816,277.5330396475771
2025-10-15T19:36:20.346000+00:00,router_input_pkts_total,internal,1-112,1-112,466.0,1.816,256.6079295154185
2025-10-15T19:36:20.346000+00:00,router_input_pkts_total,physical_local,1-112,local,466.0,1.816,256.6079295154185
2025-10-15T19:36:20.346000+00:00,router_input_pkts_total,physical_remote,1-112,remote,504.0,1.816,277.5330396475771
2025-10-15T19:36:20.346000+00:00,router_output_bytes_total,->1,1-112,unknown,0.0,1.816,0.0
2025-10-15T19:36:20.346000+00:00,router_output_bytes_total,->2,1-112,unknown,0.0,1.816,0.0
2025-10-15T19:36:20.346000+00:00,router_output_bytes_total,->3,1-112,unknown,0.0,1.816,0.0
2025-10-15T19:36:20.346000+00:00,router_output_bytes_total,->4,1-112,unknown,0.0,1.816,0.0
2025-10-15T19:36:20.346000+00:00,router_output_bytes_total,->6,1-112,unknown,0.0,1.816,0.0
2025-10-15T19:36:20.346000+00:00,router_output_bytes_total,->7,1-112,unknown,0.0,1.816,0.0
2025-10-15T19:36:20.346000+00:00,router_output_bytes_total,5,1-112,1-113,285058.0,1.816,156970.2643171806
2025-10-15T19:36:20.346000+00:00,router_output_bytes_total,internal,1-112,1-112,135537.0,1.816,74634.91189427313
2025-10-15T19:36:20.346000+00:00,router_output_bytes_total,physical_local,1-112,local,135537.0,1.816,74634.91189427313
2025-10-15T19:36:20.346000+00:00,router_output_bytes_total,physical_remote,1-112,remote,285058.0,1.816,156970.2643171806
2025-10-15T19:36:20.346000+00:00,router_output_pkts_total,->1,1-112,unknown,0.0,1.816,0.0
2025-10-15T19:36:20.346000+00:00,router_output_pkts_total,->2,1-112,unknown,0.0,1.816,0.0
2025-10-15T19:36:20.346000+00:00,router_output_pkts_total,->3,1-112,unknown,0.0,1.816,0.0
2025-10-15T19:36:20.346000+00:00,router_output_pkts_total,->4,1-112,unknown,0.0,1.816,0.0
2025-10-15T19:36:20.346000+00:00,router_output_pkts_total,->6,1-112,unknown,0.0,1.816,0.0
2025-10-15T19:36:20.346000+00:00,router_output_pkts_total,->7,1-112,unknown,0.0,1.816,0.0
2025-10-15T19:36:20.346000+00:00,router_output_pkts_total,5,1-112,1-113,525.0,1.816,289.09691629955944
2025-10-15T19:36:20.346000+00:00,router_output_pkts_total,internal,1-112,1-112,444.0,1.816,244.49339207048456
2025-10-15T19:36:20.346000+00:00,router_output_pkts_total,physical_local,1-112,local,444.0,1.816,244.49339207048456
2025-10-15T19:36:20.346000+00:00,router_output_pkts_total,physical_remote,1-112,remote,525.0,1.816,289.09691629955944
2025-10-15T19:36:22.299000+00:00,router_dropped_pkts_total,->1,1-112,unknown,0.0,1.953,0.0
2025-10-15T19:36:22.299000+00:00,router_dropped_pkts_total,->2,1-112,unknown,0.0,1.953,0.0
2025-10-15T19:36:22.299000+00:00,router_dropped_pkts_total,->3,1-112,unknown,0.0,1.953,0.0
2025-10-15T19:36:22.299000+00:00,router_dropped_pkts_total,->4,1-112,unknown,0.0,1.953,0.0
2025-10-15T19:36:22.299000+00:00,router_dropped_pkts_total,->6,1-112,unknown,0.0,1.953,0.0
2025-10-15T19:36:22.299000+00:00,router_dropped_pkts_total,->7,1-112,unknown,0.0,1.953,0.0
2025-10-15T19:36:22.299000+00:00,router_dropped_pkts_total,5,1-112,1-113,0.0,1.953,0.0
2025-10-15T19:36:22.299000+00:00,router_dropped_pkts_total,internal,1-112,1-112,0.0,1.953,0.0
2025-10-15T19:36:22.299000+00:00,router_dropped_pkts_total,physical_local,1-112,local,0.0,1.953,0.0
2025-10-15T19:36:22.299000+00:00,router_dropped_pkts_total,physical_remote,1-112,remote,0.0,1.953,0.0
2025-10-15T19:36:22.299000+00:00,router_input_bytes_total,->1,1-112,unknown,0.0,1.953,0.0
2025-10-15T19:36:22.299000+00:00,router_input_bytes_total,->2,1-112,unknown,0.0,1.953,0.0
2025-10-15T19:36:22.299000+00:00,router_input_bytes_total,->3,1-112,unknown,0.0,1.953,0.0
2025-10-15T19:36:22.299000+00:00,router_input_bytes_total,->4,1-112,unknown,0.0,1.953,0.0
2025-10-15T19:36:22.299000+00:00,router_input_bytes_total,->6,1-112,unknown,0.0,1.953,0.0
2025-10-15T19:36:22.299000+00:00,router_input_bytes_total,->7,1-112,unknown,0.0,1.953,0.0
2025-10-15T19:36:22.299000+00:00,router_input_bytes_total,5,1-112,1-113,129809.0,1.953,66466.46185355862
2025-10-15T19:36:22.299000+00:00,router_input_bytes_total,internal,1-112,1-112,273774.0,1.953,140181.25960061443
2025-10-15T19:36:22.299000+00:00,router_input_bytes_total,physical_local,1-112,local,273774.0,1.953,140181.25960061443
2025-10-15T19:36:22.299000+00:00,router_input_bytes_total,physical_remote,1-112,remote,129809.0,1.953,66466.46185355862
2025-10-15T19:36:22.299000+00:00,router_input_pkts_total,->1,1-112,unknown,0.0,1.953,0.0
2025-10-15T19:36:22.299000+00:00,router_input_pkts_total,->2,1-112,unknown,0.0,1.953,0.0
2025-10-15T19:36:22.299000+00:00,router_input_pkts_total,->3,1-112,unknown,0.0,1.953,0.0
2025-10-15T19:36:22.299000+00:00,router_input_pkts_total,->4,1-112,unknown,0.0,1.953,0.0
2025-10-15T19:36:22.299000+00:00,router_input_pkts_total,->6,1-112,unknown,0.0,1.953,0.0
2025-10-15T19:36:22.299000+00:00,router_input_pkts_total,->7,1-112,unknown,0.0,1.953,0.0
2025-10-15T19:36:22.299000+00:00,router_input_pkts_total,5,1-112,1-113,485.0,1.953,248.3358934971838
2025-10-15T19:36:22.299000+00:00,router_input_pkts_total,internal,1-112,1-112,458.0,1.953,234.51100870455707
2025-10-15T19:36:22.299000+00:00,router_input_pkts_total,physical_local,1-112,local,458.0,1.953,234.51100870455707
2025-10-15T19:36:22.299000+00:00,router_input_pkts_total,physical_remote,1-112,remote,485.0,1.953,248.3358934971838
2025-10-15T19:36:22.299000+00:00,router_output_bytes_total,->1,1-112,unknown,0.0,1.953,0.0
2025-10-15T19:36:22.299000+00:00,router_output_bytes_total,->2,1-112,unknown,0.0,1.953,0.0
2025-10-15T19:36:22.299000+00:00,router_output_bytes_total,->3,1-112,unknown,0.0,1.953,0.0
2025-10-15T19:36:22.299000+00:00,router_output_bytes_total,->4,1-112,unknown,0.0,1.953,0.0
2025-10-15T19:36:22.299000+00:00,router_output_bytes_total,->6,1-112,unknown,0.0,1.953,0.0
2025-10-15T19:36:22.299000+00:00,router_output_bytes_total,->7,1-112,unknown,0.0,1.953,0.0
2025-10-15T19:36:22.299000+00:00,router_output_bytes_total,5,1-112,1-113,281612.0,1.953,144194.57245263696
2025-10-15T19:36:22.299000+00:00,router_output_bytes_total,internal,1-112,1-112,123329.0,1.953,63148.48950332821
2025-10-15T19:36:22.299000+00:00,router_output_bytes_total,physical_local,1-112,local,123329.0,1.953,63148.48950332821
2025-10-15T19:36:22.299000+00:00,router_output_bytes_total,physical_remote,1-112,remote,281612.0,1.953,144194.57245263696
2025-10-15T19:36:22.299000+00:00,router_output_pkts_total,->1,1-112,unknown,0.0,1.953,0.0
2025-10-15T19:36:22.299000+00:00,router_output_pkts_total,->2,1-112,unknown,0.0,1.953,0.0
2025-10-15T19:36:22.299000+00:00,router_output_pkts_total,->3,1-112,unknown,0.0,1.953,0.0
2025-10-15T19:36:22.299000+00:00,router_output_pkts_total,->4,1-112,unknown,0.0,1.953,0.0
2025-10-15T19:36:22.299000+00:00,router_output_pkts_total,->6,1-112,unknown,0.0,1.953,0.0
2025-10-15T19:36:22.299000+00:00,router_output_pkts_total,->7,1-112,unknown,0.0,1.953,0.0
2025-10-15T19:36:22.299000+00:00,router_output_pkts_total,5,1-112,1-113,518.0,1.953,265.23297491039426
2025-10-15T19:36:22.299000+00:00,router_output_pkts_total,internal,1-112,1-112,424.0,1.953,217.10189452124936
2025-10-15T19:36:22.299000+00:00,router_output_pkts_total,physical_local,1-112,local,424.0,1.953,217.10189452124936
2025-10-15T19:36:22.299000+00:00,router_output_pkts_total,physical_remote,1-112,remote,518.0,1.953,265.23297491039426
2025-10-15T19:36:24.064000+00:00,router_dropped_pkts_total,->1,1-112,unknown,0.0,1.765,0.0
2025-10-15T19:36:24.064000+00:00,router_dropped_pkts_total,->2,1-112,unknown,0.0,1.765,0.0
2025-10-15T19:36:24.064000+00:00,router_dropped_pkts_total,->3,1-112,unknown,0.0,1.765,0.0
2025-10-15T19:36:24.064000+00:00,router_dropped_pkts_total,->4,1-112,unknown,0.0,1.765,0.0
2025-10-15T19:36:24.064000+00:00,router_dropped_pkts_total,->6,1-112,unknown,0.0,1.765,0.0
2025-10-15T19:36:24.064000+00:00,router_dropped_pkts_total,->7,1-112,unknown,0.0,1.765,0.0
2025-10-15T19:36:24.064000+00:00,router_dropped_pkts_total,5,1-112,1-113,0.0,1.765,0.0
2025-10-15T19:36:24.064000+00:00,router_dropped_pkts_total,internal,1-112,1-112,0.0,1.765,0.0
2025-10-15T19:36:24.064000+00:00,router_dropped_pkts_total,physical_local,1-112,local,0.0,1.765,0.0
2025-10-15T19:36:24.064000+00:00,router_dropped_pkts_total,physical_remote,1-112,remote,0.0,1.765,0.0
2025-10-15T19:36:24.064000+00:00,router_input_bytes_total,->1,1-112,unknown,0.0,1.765,0.0
2025-10-15T19:36:24.064000+00:00,router_input_bytes_total,->2,1-112,unknown,0.0,1.765,0.0
2025-10-15T19:36:24.064000+00:00,router_input_bytes_total,->3,1-112,unknown,0.0,1.765,0.0
2025-10-15T19:36:24.064000+00:00,router_input_bytes_total,->4,1-112,unknown,0.0,1.765,0.0
2025-10-15T19:36:24.064000+00:00,router_input_bytes_total,->6,1-112,unknown,0.0,1.765,0.0
2025-10-15T19:36:24.064000+00:00,router_input_bytes_total,->7,1-112,unknown,0.0,1.765,0.0
2025-10-15T19:36:24.064000+00:00,router_input_bytes_total,5,1-112,1-113,115723.0,1.765,65565.43909348443
2025-10-15T19:36:24.064000+00:00,router_input_bytes_total,internal,1-112,1-112,242568.0,1.765,137432.29461756375
2025-10-15T19:36:24.064000+00:00,router_input_bytes_total,physical_local,1-112,local,242568.0,1.765,137432.29461756375
2025-10-15T19:36:24.064000+00:00,router_input_bytes_total,physical_remote,1-112,remote,115723.0,1.765,65565.43909348443
2025-10-15T19:36:24.064000+00:00,router_input_pkts_total,->1,1-112,unknown,0.0,1.765,0.0
2025-10-15T19:36:24.064000+00:00,router_input_pkts_total,->2,1-112,unknown,0.0,1.765,0.0
2025-10-15T19:36:24.064000+00:00,router_input_pkts_total,->3,1-112,unknown,0.0,1.765,0.0
2025-10-15T19:36:24.064000+00:00,router_input_pkts_total,->4,1-112,unknown,0.0,1.765,0.0
2025-10-15T19:36:24.064000+00:00,router_input_pkts_total,->6,1-112,unknown,0.0,1.765,0.0
2025-10-15T19:36:24.064000+00:00,router_input_pkts_total,->7,1-112,unknown,0.0,1.765,0.0
2025-10-15T19:36:24.064000+00:00,router_input_pkts_total,5,1-112,1-113,434.0,1.765,245.89235127478756
2025-10-15T19:36:24.064000+00:00,router_input_pkts_total,internal,1-112,1-112,397.0,1.765,224.92917847025498
2025-10-15T19:36:24.064000+00:00,router_input_pkts_total,physical_local,1-112,local,397.0,1.765,224.92917847025498
2025-10-15T19:36:24.064000+00:00,router_input_pkts_total,physical_remote,1-112,remote,434.0,1.765,245.89235127478756
2025-10-15T19:36:24.064000+00:00,router_output_bytes_total,->1,1-112,unknown,0.0,1.765,0.0
2025-10-15T19:36:24.064000+00:00,router_output_bytes_total,->2,1-112,unknown,0.0,1.765,0.0
2025-10-15T19:36:24.064000+00:00,router_output_bytes_total,->3,1-112,unknown,0.0,1.765,0.0
2025-10-15T19:36:24.064000+00:00,router_output_bytes_total,->4,1-112,unknown,0.0,1.765,0.0
2025-10-15T19:36:24.064000+00:00,router_output_bytes_total,->6,1-112,unknown,0.0,1.765,0.0
2025-10-15T19:36:24.064000+00:00,router_output_bytes_total,->7,1-112,unknown,0.0,1.765,0.0
2025-10-15T19:36:24.064000+00:00,router_output_bytes_total,5,1-112,1-113,248170.0,1.765,140606.23229461757
2025-10-15T19:36:24.064000+00:00,router_output_bytes_total,internal,1-112,1-112,109243.0,1.765,61894.05099150142
2025-10-15T19:36:24.064000+00:00,router_output_bytes_total,physical_local,1-112,local,109243.0,1.765,61894.05099150142
2025-10-15T19:36:24.064000+00:00,router_output_bytes_total,physical_remote,1-112,remote,248170.0,1.765,140606.23229461757
2025-10-15T19:36:24.064000+00:00,router_output_pkts_total,->1,1-112,unknown,0.0,1.765,0.0
2025-10-15T19:36:24.064000+00:00,router_output_pkts_total,->2,1-112,unknown,0.0,1.765,0.0
2025-10-15T19:36:24.064000+00:00,router_output_pkts_total,->3,1-112,unknown,0.0,1.765,0.0
2025-10-15T19:36:24.064000+00:00,router_output_pkts_total,->4,1-112,unknown,0.0,1.765,0.0
2025-10-15T19:36:24.064000+00:00,router_output_pkts_total,->6,1-112,unknown,0.0,1.765,0.0
2025-10-15T19:36:24.064000+00:00,router_output_pkts_total,->7,1-112,unknown,0.0,1.765,0.0
2025-10-15T19:36:24.064000+00:00,router_output_pkts_total,5,1-112,1-113,458.0,1.765,259.4900849858357
2025-10-15T19:36:24.064000+00:00,router_output_pkts_total,internal,1-112,1-112,375.0,1.765,212.46458923512748
2025-10-15T19:36:24.064000+00:00,router_output_pkts_total,physical_local,1-112,local,375.0,1.765,212.46458923512748
2025-10-15T19:36:24.064000+00:00,router_output_pkts_total,physical_remote,1-112,remote,458.0,1.765,259.4900849858357
2025-10-15T19:36:25.716000+00:00,router_dropped_pkts_total,->1,1-112,unknown,0.0,1.652,0.0
2025-10-15T19:36:25.716000+00:00,router_dropped_pkts_total,->2,1-112,unknown,0.0,1.652,0.0
2025-10-15T19:36:25.716000+00:00,router_dropped_pkts_total,->3,1-112,unknown,0.0,1.652,0.0
2025-10-15T19:36:25.716000+00:00,router_dropped_pkts_total,->4,1-112,unknown,0.0,1.652,0.0
2025-10-15T19:36:25.716000+00:00,router_dropped_pkts_total,->6,1-112,unknown,0.0,1.652,0.0
2025-10-15T19:36:25.716000+00:00,router_dropped_pkts_total,->7,1-112,unknown,0.0,1.652,0.0
2025-10-15T19:36:25.716000+00:00,router_dropped_pkts_total,5,1-112,1-113,0.0,1.652,0.0
2025-10-15T19:36:25.716000+00:00,router_dropped_pkts_total,internal,1-112,1-112,0.0,1.652,0.0
2025-10-15T19:36:25.716000+00:00,router_dropped_pkts_total,physical_local,1-112,local,0.0,1.652,0.0
2025-10-15T19:36:25.716000+00:00,router_dropped_pkts_total,physical_remote,1-112,remote,0.0,1.652,0.0
2025-10-15T19:36:25.716000+00:00,router_input_bytes_total,->1,1-112,unknown,0.0,1.652,0.0
2025-10-15T19:36:25.716000+00:00,router_input_bytes_total,->2,1-112,unknown,0.0,1.652,0.0
2025-10-15T19:36:25.716000+00:00,router_input_bytes_total,->3,1-112,unknown,0.0,1.652,0.0
2025-10-15T19:36:25.716000+00:00,router_input_bytes_total,->4,1-112,unknown,0.0,1.652,0.0
2025-10-15T19:36:25.716000+00:00,router_input_bytes_total,->6,1-112,unknown,0.0,1.652,0.0
2025-10-15T19:36:25.716000+00:00,router_input_bytes_total,->7,1-112,unknown,0.0,1.652,0.0
2025-10-15T19:36:25.716000+00:00,router_input_bytes_total,5,1-112,1-113,122896.0,1.652,74392.25181598064
2025-10-15T19:36:25.716000+00:00,router_input_bytes_total,internal,1-112,1-112,245556.0,1.652,148641.6464891041
2025-10-15T19:36:25.716000+00:00,router_input_bytes_total,physical_local,1-112,local,245556.0,1.652,148641.6464891041
2025-10-15T19:36:25.716000+00:00,router_input_bytes_total,physical_remote,1-112,remote,122896.0,1.652,74392.25181598064
2025-10-15T19:36:25.716000+00:00,router_input_pkts_total,->1,1-112,unknown,0.0,1.652,0.0
2025-10-15T19:36:25.716000+00:00,router_input_pkts_total,->2,1-112,unknown,0.0,1.652,0.0
2025-10-15T19:36:25.716000+00:00,router_input_pkts_total,->3,1-112,unknown,0.0,1.652,0.0
2025-10-15T19:36:25.716000+00:00,router_input_pkts_total,->4,1-112,unknown,0.0,1.652,0.0
2025-10-15T19:36:25.716000+00:00,router_input_pkts_total,->6,1-112,unknown,0.0,1.652,0.0
2025-10-15T19:36:25.716000+00:00,router_input_pkts_total,->7,1-112,unknown,0.0,1.652,0.0
2025-10-15T19:36:25.716000+00:00,router_input_pkts_total,5,1-112,1-113,409.0,1.652,247.57869249394673
2025-10-15T19:36:25.716000+00:00,router_input_pkts_total,internal,1-112,1-112,388.0,1.652,234.86682808716708
2025-10-15T19:36:25.716000+00:00,router_input_pkts_total,physical_local,1-112,local,388.0,1.652,234.86682808716708
2025-10-15T19:36:25.716000+00:00,router_input_pkts_total,physical_remote,1-112,remote,409.0,1.652,247.57869249394673
2025-10-15T19:36:25.716000+00:00,router_output_bytes_total,->1,1-112,unknown,0.0,1.652,0.0
2025-10-15T19:36:25.716000+00:00,router_output_bytes_total,->2,1-112,unknown,0.0,1.652,0.0
2025-10-15T19:36:25.716000+00:00,router_output_bytes_total,->3,1-112,unknown,0.0,1.652,0.0
2025-10-15T19:36:25.716000+00:00,router_output_bytes_total,->4,1-112,unknown,0.0,1.652,0.0
2025-10-15T19:36:25.716000+00:00,router_output_bytes_total,->6,1-112,unknown,0.0,1.652,0.0
2025-10-15T19:36:25.716000+00:00,router_output_bytes_total,->7,1-112,unknown,0.0,1.652,0.0
2025-10-15T19:36:25.716000+00:00,router_output_bytes_total,5,1-112,1-113,250260.0,1.652,151489.10411622276
2025-10-15T19:36:25.716000+00:00,router_output_bytes_total,internal,1-112,1-112,118360.0,1.652,71646.48910411623
2025-10-15T19:36:25.716000+00:00,router_output_bytes_total,physical_local,1-112,local,118360.0,1.652,71646.48910411623
2025-10-15T19:36:25.716000+00:00,router_output_bytes_total,physical_remote,1-112,remote,250260.0,1.652,151489.10411622276
2025-10-15T19:36:25.716000+00:00,router_output_pkts_total,->1,1-112,unknown,0.0,1.652,0.0
2025-10-15T19:36:25.716000+00:00,router_output_pkts_total,->2,1-112,unknown,0.0,1.652,0.0
2025-10-15T19:36:25.716000+00:00,router_output_pkts_total,->3,1-112,unknown,0.0,1.652,0.0
2025-10-15T19:36:25.716000+00:00,router_output_pkts_total,->4,1-112,unknown,0.0,1.652,0.0
2025-10-15T19:36:25.716000+00:00,router_output_pkts_total,->6,1-112,unknown,0.0,1.652,0.0
2025-10-15T19:36:25.716000+00:00,router_output_pkts_total,->7,1-112,unknown,0.0,1.652,0.0
2025-10-15T19:36:25.716000+00:00,router_output_pkts_total,5,1-112,1-113,430.0,1.652,260.2905569007264
2025-10-15T19:36:25.716000+00:00,router_output_pkts_total,internal,1-112,1-112,367.0,1.652,222.15496368038743
2025-10-15T19:36:25.716000+00:00,router_output_pkts_total,physical_local,1-112,local,367.0,1.652,222.15496368038743
2025-10-15T19:36:25.716000+00:00,router_output_pkts_total,physical_remote,1-112,remote,430.0,1.652,260.2905569007264
2025-10-15T19:36:27.531000+00:00,router_dropped_pkts_total,->1,1-112,unknown,0.0,1.815,0.0
2025-10-15T19:36:27.531000+00:00,router_dropped_pkts_total,->2,1-112,unknown,0.0,1.815,0.0
2025-10-15T19:36:27.531000+00:00,router_dropped_pkts_total,->3,1-112,unknown,0.0,1.815,0.0
2025-10-15T19:36:27.531000+00:00,router_dropped_pkts_total,->4,1-112,unknown,0.0,1.815,0.0
2025-10-15T19:36:27.531000+00:00,router_dropped_pkts_total,->6,1-112,unknown,0.0,1.815,0.0
2025-10-15T19:36:27.531000+00:00,router_dropped_pkts_total,->7,1-112,unknown,0.0,1.815,0.0
2025-10-15T19:36:27.531000+00:00,router_dropped_pkts_total,5,1-112,1-113,0.0,1.815,0.0
2025-10-15T19:36:27.531000+00:00,router_dropped_pkts_total,internal,1-112,1-112,0.0,1.815,0.0
2025-10-15T19:36:27.531000+00:00,router_dropped_pkts_total,physical_local,1-112,local,0.0,1.815,0.0
2025-10-15T19:36:27.531000+00:00,router_dropped_pkts_total,physical_remote,1-112,remote,0.0,1.815,0.0
2025-10-15T19:36:27.531000+00:00,router_input_bytes_total,->1,1-112,unknown,0.0,1.815,0.0
2025-10-15T19:36:27.531000+00:00,router_input_bytes_total,->2,1-112,unknown,0.0,1.815,0.0
2025-10-15T19:36:27.531000+00:00,router_input_bytes_total,->3,1-112,unknown,0.0,1.815,0.0
2025-10-15T19:36:27.531000+00:00,router_input_bytes_total,->4,1-112,unknown,0.0,1.815,0.0
2025-10-15T19:36:27.531000+00:00,router_input_bytes_total,->6,1-112,unknown,0.0,1.815,0.0
2025-10-15T19:36:27.531000+00:00,router_input_bytes_total,->7,1-112,unknown,0.0,1.815,0.0
2025-10-15T19:36:27.531000+00:00,router_input_bytes_total,5,1-112,1-113,123300.0,1.815,67933.88429752066
2025-10-15T19:36:27.531000+00:00,router_input_bytes_total,internal,1-112,1-112,260416.0,1.815,143479.88980716254
2025-10-15T19:36:27.531000+00:00,router_input_bytes_total,physical_local,1-112,local,260416.0,1.815,143479.88980716254
2025-10-15T19:36:27.531000+00:00,router_input_bytes_total,physical_remote,1-112,remote,123300.0,1.815,67933.88429752066
2025-10-15T19:36:27.531000+00:00,router_input_pkts_total,->1,1-112,unknown,0.0,1.815,0.0
2025-10-15T19:36:27.531000+00:00,router_input_pkts_total,->2,1-112,unknown,0.0,1.815,0.0
2025-10-15T19:36:27.531000+00:00,router_input_pkts_total,->3,1-112,unknown,0.0,1.815,0.0
2025-10-15T19:36:27.531000+00:00,router_input_pkts_total,->4,1-112,unknown,0.0,1.815,0.0
2025-10-15T19:36:27.531000+00:00,router_input_pkts_total,->6,1-112,unknown,0.0,1.815,0.0
2025-10-15T19:36:27.531000+00:00,router_input_pkts_total,->7,1-112,unknown,0.0,1.815,0.0
2025-10-15T19:36:27.531000+00:00,router_input_pkts_total,5,1-112,1-113,447.0,1.815,246.28099173553719
2025-10-15T19:36:27.531000+00:00,router_input_pkts_total,internal,1-112,1-112,420.0,1.815,231.40495867768595
2025-10-15T19:36:27.531000+00:00,router_input_pkts_total,physical_local,1-112,local,420.0,1.815,231.40495867768595
2025-10-15T19:36:27.531000+00:00,router_input_pkts_total,physical_remote,1-112,remote,447.0,1.815,246.28099173553719
2025-10-15T19:36:27.531000+00:00,router_output_bytes_total,->1,1-112,unknown,0.0,1.815,0.0
2025-10-15T19:36:27.531000+00:00,router_output_bytes_total,->2,1-112,unknown,0.0,1.815,0.0
2025-10-15T19:36:27.531000+00:00,router_output_bytes_total,->3,1-112,unknown,0.0,1.815,0.0
2025-10-15T19:36:27.531000+00:00,router_output_bytes_total,->4,1-112,unknown,0.0,1.815,0.0
2025-10-15T19:36:27.531000+00:00,router_output_bytes_total,->6,1-112,unknown,0.0,1.815,0.0
2025-10-15T19:36:27.531000+00:00,router_output_bytes_total,->7,1-112,unknown,0.0,1.815,0.0
2025-10-15T19:36:27.531000+00:00,router_output_bytes_total,5,1-112,1-113,265792.0,1.815,146441.87327823692
2025-10-15T19:36:27.531000+00:00,router_output_bytes_total,internal,1-112,1-112,118234.0,1.815,65142.69972451791
2025-10-15T19:36:27.531000+00:00,router_output_bytes_total,physical_local,1-112,local,118234.0,1.815,65142.69972451791
2025-10-15T19:36:27.531000+00:00,router_output_bytes_total,physical_remote,1-112,remote,265792.0,1.815,146441.87327823692
2025-10-15T19:36:27.531000+00:00,router_output_pkts_total,->1,1-112,unknown,0.0,1.815,0.0
2025-10-15T19:36:27.531000+00:00,router_output_pkts_total,->2,1-112,unknown,0.0,1.815,0.0
2025-10-15T19:36:27.531000+00:00,router_output_pkts_total,->3,1-112,unknown,0.0,1.815,0.0
2025-10-15T19:36:27.531000+00:00,router_output_pkts_total,->4,1-112,unknown,0.0,1.815,0.0
2025-10-15T19:36:27.531000+00:00,router_output_pkts_total,->6,1-112,unknown,0.0,1.815,0.0
2025-10-15T19:36:27.531000+00:00,router_output_pkts_total,->7,1-112,unknown,0.0,1.815,0.0
2025-10-15T19:36:27.531000+00:00,router_output_pkts_total,5,1-112,1-113,468.0,1.815,257.8512396694215
2025-10-15T19:36:27.531000+00:00,router_output_pkts_total,internal,1-112,1-112,398.0,1.815,219.28374655647383
2025-10-15T19:36:27.531000+00:00,router_output_pkts_total,physical_local,1-112,local,398.0,1.815,219.28374655647383
2025-10-15T19:36:27.531000+00:00,router_output_pkts_total,physical_remote,1-112,remote,468.0,1.815,257.8512396694215
2025-10-15T19:36:29.351000+00:00,router_dropped_pkts_total,->1,1-112,unknown,0.0,1.82,0.0
2025-10-15T19:36:29.351000+00:00,router_dropped_pkts_total,->2,1-112,unknown,0.0,1.82,0.0
2025-10-15T19:36:29.351000+00:00,router_dropped_pkts_total,->3,1-112,unknown,0.0,1.82,0.0
2025-10-15T19:36:29.351000+00:00,router_dropped_pkts_total,->4,1-112,unknown,0.0,1.82,0.0
2025-10-15T19:36:29.351000+00:00,router_dropped_pkts_total,->6,1-112,unknown,0.0,1.82,0.0
2025-10-15T19:36:29.351000+00:00,router_dropped_pkts_total,->7,1-112,unknown,0.0,1.82,0.0
2025-10-15T19:36:29.351000+00:00,router_dropped_pkts_total,5,1-112,1-113,0.0,1.82,0.0
2025-10-15T19:36:29.351000+00:00,router_dropped_pkts_total,internal,1-112,1-112,0.0,1.82,0.0
2025-10-15T19:36:29.351000+00:00,router_dropped_pkts_total,physical_local,1-112,local,0.0,1.82,0.0
2025-10-15T19:36:29.351000+00:00,router_dropped_pkts_total,physical_remote,1-112,remote,0.0,1.82,0.0
2025-10-15T19:36:29.351000+00:00,router_input_bytes_total,->1,1-112,unknown,0.0,1.82,0.0
2025-10-15T19:36:29.351000+00:00,router_input_bytes_total,->2,1-112,unknown,0.0,1.82,0.0
2025-10-15T19:36:29.351000+00:00,router_input_bytes_total,->3,1-112,unknown,0.0,1.82,0.0
2025-10-15T19:36:29.351000+00:00,router_input_bytes_total,->4,1-112,unknown,0.0,1.82,0.0
2025-10-15T19:36:29.351000+00:00,router_input_bytes_total,->6,1-112,unknown,0.0,1.82,0.0
2025-10-15T19:36:29.351000+00:00,router_input_bytes_total,->7,1-112,unknown,0.0,1.82,0.0
2025-10-15T19:36:29.351000+00:00,router_input_bytes_total,5,1-112,1-113,119813.0,1.82,65831.31868131868
2025-10-15T19:36:29.351000+00:00,router_input_bytes_total,internal,1-112,1-112,253478.0,1.82,139273.62637362638
2025-10-15T19:36:29.351000+00:00,router_input_bytes_total,physical_local,1-112,local,253478.0,1.82,139273.62637362638
2025-10-15T19:36:29.351000+00:00,router_input_bytes_total,physical_remote,1-112,remote,119813.0,1.82,65831.31868131868
2025-10-15T19:36:29.351000+00:00,router_input_pkts_total,->1,1-112,unknown,0.0,1.82,0.0
2025-10-15T19:36:29.351000+00:00,router_input_pkts_total,->2,1-112,unknown,0.0,1.82,0.0
2025-10-15T19:36:29.351000+00:00,router_input_pkts_total,->3,1-112,unknown,0.0,1.82,0.0
2025-10-15T19:36:29.351000+00:00,router_input_pkts_total,->4,1-112,unknown,0.0,1.82,0.0
2025-10-15T19:36:29.351000+00:00,router_input_pkts_total,->6,1-112,unknown,0.0,1.82,0.0
2025-10-15T19:36:29.351000+00:00,router_input_pkts_total,->7,1-112,unknown,0.0,1.82,0.0
2025-10-15T19:36:29.351000+00:00,router_input_pkts_total,5,1-112,1-113,443.0,1.82,243.4065934065934
2025-10-15T19:36:29.351000+00:00,router_input_pkts_total,internal,1-112,1-112,415.0,1.82,228.02197802197801
2025-10-15T19:36:29.351000+00:00,router_input_pkts_total,physical_local,1-112,local,415.0,1.82,228.02197802197801
2025-10-15T19:36:29.351000+00:00,router_input_pkts_total,physical_remote,1-112,remote,443.0,1.82,243.4065934065934
2025-10-15T19:36:29.351000+00:00,router_output_bytes_total,->1,1-112,unknown,0.0,1.82,0.0
2025-10-15T19:36:29.351000+00:00,router_output_bytes_total,->2,1-112,unknown,0.0,1.82,0.0
2025-10-15T19:36:29.351000+00:00,router_output_bytes_total,->3,1-112,unknown,0.0,1.82,0.0
2025-10-15T19:36:29.351000+00:00,router_output_bytes_total,->4,1-112,unknown,0.0,1.82,0.0
2025-10-15T19:36:29.351000+00:00,router_output_bytes_total,->6,1-112,unknown,0.0,1.82,0.0
2025-10-15T19:36:29.351000+00:00,router_output_bytes_total,->7,1-112,unknown,0.0,1.82,0.0
2025-10-15T19:36:29.351000+00:00,router_output_bytes_total,5,1-112,1-113,260198.0,1.82,142965.93406593407
2025-10-15T19:36:29.351000+00:00,router_output_bytes_total,internal,1-112,1-112,113333.0,1.82,62270.879120879115
2025-10-15T19:36:29.351000+00:00,router_output_bytes_total,physical_local,1-112,local,113333.0,1.82,62270.879120879115
2025-10-15T19:36:29.351000+00:00,router_output_bytes_total,physical_remote,1-112,remote,260198.0,1.82,142965.93406593407
2025-10-15T19:36:29.351000+00:00,router_output_pkts_total,->1,1-112,unknown,0.0,1.82,0.0
2025-10-15T19:36:29.351000+00:00,router_output_pkts_total,->2,1-112,unknown,0.0,1.82,0.0
2025-10-15T19:36:29.351000+00:00,router_output_pkts_total,->3,1-112,unknown,0.0,1.82,0.0
2025-10-15T19:36:29.351000+00:00,router_output_pkts_total,->4,1-112,unknown,0.0,1.82,0.0
2025-10-15T19:36:29.351000+00:00,router_output_pkts_total,->6,1-112,unknown,0.0,1.82,0.0
2025-10-15T19:36:29.351000+00:00,router_output_pkts_total,->7,1-112,unknown,0.0,1.82,0.0
2025-10-15T19:36:29.351000+00:00,router_output_pkts_total,5,1-112,1-113,474.0,1.82,260.4395604395604
2025-10-15T19:36:29.351000+00:00,router_output_pkts_total,internal,1-112,1-112,384.0,1.82,210.98901098901098
2025-10-15T19:36:29.351000+00:00,router_output_pkts_total,physical_local,1-112,local,384.0,1.82,210.98901098901098
2025-10-15T19:36:29.351000+00:00,router_output_pkts_total,physical_remote,1-112,remote,474.0,1.82,260.4395604395604
2025-10-15T19:36:31.276000+00:00,router_dropped_pkts_total,->1,1-112,unknown,0.0,1.925,0.0
2025-10-15T19:36:31.276000+00:00,router_dropped_pkts_total,->2,1-112,unknown,0.0,1.925,0.0
2025-10-15T19:36:31.276000+00:00,router_dropped_pkts_total,->3,1-112,unknown,0.0,1.925,0.0
2025-10-15T19:36:31.276000+00:00,router_dropped_pkts_total,->4,1-112,unknown,0.0,1.925,0.0
2025-10-15T19:36:31.276000+00:00,router_dropped_pkts_total,->6,1-112,unknown,0.0,1.925,0.0
2025-10-15T19:36:31.276000+00:00,router_dropped_pkts_total,->7,1-112,unknown,0.0,1.925,0.0
2025-10-15T19:36:31.276000+00:00,router_dropped_pkts_total,5,1-112,1-113,0.0,1.925,0.0
2025-10-15T19:36:31.276000+00:00,router_dropped_pkts_total,internal,1-112,1-112,0.0,1.925,0.0
2025-10-15T19:36:31.276000+00:00,router_dropped_pkts_total,physical_local,1-112,local,0.0,1.925,0.0
2025-10-15T19:36:31.276000+00:00,router_dropped_pkts_total,physical_remote,1-112,remote,0.0,1.925,0.0
2025-10-15T19:36:31.276000+00:00,router_input_bytes_total,->1,1-112,unknown,0.0,1.925,0.0
2025-10-15T19:36:31.276000+00:00,router_input_bytes_total,->2,1-112,unknown,0.0,1.925,0.0
2025-10-15T19:36:31.276000+00:00,router_input_bytes_total,->3,1-112,unknown,0.0,1.925,0.0
2025-10-15T19:36:31.276000+00:00,router_input_bytes_total,->4,1-112,unknown,0.0,1.925,0.0
2025-10-15T19:36:31.276000+00:00,router_input_bytes_total,->6,1-112,unknown,0.0,1.925,0.0
2025-10-15T19:36:31.276000+00:00,router_input_bytes_total,->7,1-112,unknown,0.0,1.925,0.0
2025-10-15T19:36:31.276000+00:00,router_input_bytes_total,5,1-112,1-113,139753.0,1.925,72598.96103896103
2025-10-15T19:36:31.276000+00:00,router_input_bytes_total,internal,1-112,1-112,275346.0,1.925,143036.8831168831
2025-10-15T19:36:31.276000+00:00,router_input_bytes_total,physical_local,1-112,local,275346.0,1.925,143036.8831168831
2025-10-15T19:36:31.276000+00:00,router_input_bytes_total,physical_remote,1-112,remote,139753.0,1.925,72598.96103896103
2025-10-15T19:36:31.276000+00:00,router_input_pkts_total,->1,1-112,unknown,0.0,1.925,0.0
2025-10-15T19:36:31.276000+00:00,router_input_pkts_total,->2,1-112,unknown,0.0,1.925,0.0
2025-10-15T19:36:31.276000+00:00,router_input_pkts_total,->3,1-112,unknown,0.0,1.925,0.0
2025-10-15T19:36:31.276000+00:00,router_input_pkts_total,->4,1-112,unknown,0.0,1.925,0.0
2025-10-15T19:36:31.276000+00:00,router_input_pkts_total,->6,1-112,unknown,0.0,1.925,0.0
2025-10-15T19:36:31.276000+00:00,router_input_pkts_total,->7,1-112,unknown,0.0,1.925,0.0
2025-10-15T19:36:31.276000+00:00,router_input_pkts_total,5,1-112,1-113,491.0,1.925,255.06493506493507
2025-10-15T19:36:31.276000+00:00,router_input_pkts_total,internal,1-112,1-112,469.0,1.925,243.63636363636363
2025-10-15T19:36:31.276000+00:00,router_input_pkts_total,physical_local,1-112,local,469.0,1.925,243.63636363636363
2025-10-15T19:36:31.276000+00:00,router_input_pkts_total,physical_remote,1-112,remote,491.0,1.925,255.06493506493507
2025-10-15T19:36:31.276000+00:00,router_output_bytes_total,->1,1-112,unknown,0.0,1.925,0.0
2025-10-15T19:36:31.276000+00:00,router_output_bytes_total,->2,1-112,unknown,0.0,1.925,0.0
2025-10-15T19:36:31.276000+00:00,router_output_bytes_total,->3,1-112,unknown,0.0,1.925,0.0
2025-10-15T19:36:31.276000+00:00,router_output_bytes_total,->4,1-112,unknown,0.0,1.925,0.0
2025-10-15T19:36:31.276000+00:00,router_output_bytes_total,->6,1-112,unknown,0.0,1.925,0.0
2025-10-15T19:36:31.276000+00:00,router_output_bytes_total,->7,1-112,unknown,0.0,1.925,0.0
2025-10-15T19:36:31.276000+00:00,router_output_bytes_total,5,1-112,1-113,283184.0,1.925,147108.57142857142
2025-10-15T19:36:31.276000+00:00,router_output_bytes_total,internal,1-112,1-112,133155.0,1.925,69171.42857142857
2025-10-15T19:36:31.276000+00:00,router_output_bytes_total,physical_local,1-112,local,133155.0,1.925,69171.42857142857
2025-10-15T19:36:31.276000+00:00,router_output_bytes_total,physical_remote,1-112,remote,283184.0,1.925,147108.57142857142
2025-10-15T19:36:31.276000+00:00,router_output_pkts_total,->1,1-112,unknown,0.0,1.925,0.0
2025-10-15T19:36:31.276000+00:00,router_output_pkts_total,->2,1-112,unknown,0.0,1.925,0.0
2025-10-15T19:36:31.276000+00:00,router_output_pkts_total,->3,1-112,unknown,0.0,1.925,0.0
2025-10-15T19:36:31.276000+00:00,router_output_pkts_total,->4,1-112,unknown,0.0,1.925,0.0
2025-10-15T19:36:31.276000+00:00,router_output_pkts_total,->6,1-112,unknown,0.0,1.925,0.0
2025-10-15T19:36:31.276000+00:00,router_output_pkts_total,->7,1-112,unknown,0.0,1.925,0.0
2025-10-15T19:36:31.276000+00:00,router_output_pkts_total,5,1-112,1-113,530.0,1.925,275.3246753246753
2025-10-15T19:36:31.276000+00:00,router_output_pkts_total,internal,1-112,1-112,431.0,1.925,223.89610389610388
2025-10-15T19:36:31.276000+00:00,router_output_pkts_total,physical_local,1-112,local,431.0,1.925,223.89610389610388
2025-10-15T19:36:31.276000+00:00,router_output_pkts_total,physical_remote,1-112,remote,530.0,1.925,275.3246753246753
2025-10-15T19:36:33.144000+00:00,router_dropped_pkts_total,->1,1-112,unknown,0.0,1.868,0.0
2025-10-15T19:36:33.144000+00:00,router_dropped_pkts_total,->2,1-112,unknown,0.0,1.868,0.0
2025-10-15T19:36:33.144000+00:00,router_dropped_pkts_total,->3,1-112,unknown,0.0,1.868,0.0
2025-10-15T19:36:33.144000+00:00,router_dropped_pkts_total,->4,1-112,unknown,0.0,1.868,0.0
2025-10-15T19:36:33.144000+00:00,router_dropped_pkts_total,->6,1-112,unknown,0.0,1.868,0.0
2025-10-15T19:36:33.144000+00:00,router_dropped_pkts_total,->7,1-112,unknown,0.0,1.868,0.0
2025-10-15T19:36:33.144000+00:00,router_dropped_pkts_total,5,1-112,1-113,0.0,1.868,0.0
2025-10-15T19:36:33.144000+00:00,router_dropped_pkts_total,internal,1-112,1-112,0.0,1.868,0.0
2025-10-15T19:36:33.144000+00:00,router_dropped_pkts_total,physical_local,1-112,local,0.0,1.868,0.0
2025-10-15T19:36:33.144000+00:00,router_dropped_pkts_total,physical_remote,1-112,remote,0.0,1.868,0.0
2025-10-15T19:36:33.144000+00:00,router_input_bytes_total,->1,1-112,unknown,0.0,1.868,0.0
2025-10-15T19:36:33.144000+00:00,router_input_bytes_total,->2,1-112,unknown,0.0,1.868,0.0
2025-10-15T19:36:33.144000+00:00,router_input_bytes_total,->3,1-112,unknown,0.0,1.868,0.0
2025-10-15T19:36:33.144000+00:00,router_input_bytes_total,->4,1-112,unknown,0.0,1.868,0.0
2025-10-15T19:36:33.144000+00:00,router_input_bytes_total,->6,1-112,unknown,0.0,1.868,0.0
2025-10-15T19:36:33.144000+00:00,router_input_bytes_total,->7,1-112,unknown,0.0,1.868,0.0
2025-10-15T19:36:33.144000+00:00,router_input_bytes_total,5,1-112,1-113,137337.0,1.868,73520.87794432548
2025-10-15T19:36:33.144000+00:00,router_input_bytes_total,internal,1-112,1-112,287433.0,1.868,153872.0556745182
2025-10-15T19:36:33.144000+00:00,router_input_bytes_total,physical_local,1-112,local,287433.0,1.868,153872.0556745182
2025-10-15T19:36:33.144000+00:00,router_input_bytes_total,physical_remote,1-112,remote,137337.0,1.868,73520.87794432548
2025-10-15T19:36:33.144000+00:00,router_input_pkts_total,->1,1-112,unknown,0.0,1.868,0.0
2025-10-15T19:36:33.144000+00:00,router_input_pkts_total,->2,1-112,unknown,0.0,1.868,0.0
2025-10-15T19:36:33.144000+00:00,router_input_pkts_total,->3,1-112,unknown,0.0,1.868,0.0
2025-10-15T19:36:33.144000+00:00,router_input_pkts_total,->4,1-112,unknown,0.0,1.868,0.0
2025-10-15T19:36:33.144000+00:00,router_input_pkts_total,->6,1-112,unknown,0.0,1.868,0.0
2025-10-15T19:36:33.144000+00:00,router_input_pkts_total,->7,1-112,unknown,0.0,1.868,0.0
2025-10-15T19:36:33.144000+00:00,router_input_pkts_total,5,1-112,1-113,515.0,1.868,275.69593147751607
2025-10-15T19:36:33.144000+00:00,router_input_pkts_total,internal,1-112,1-112,488.0,1.868,261.24197002141324
2025-10-15T19:36:33.144000+00:00,router_input_pkts_total,physical_local,1-112,local,488.0,1.868,261.24197002141324
2025-10-15T19:36:33.144000+00:00,router_input_pkts_total,physical_remote,1-112,remote,515.0,1.868,275.69593147751607
2025-10-15T19:36:33.144000+00:00,router_output_bytes_total,->1,1-112,unknown,0.0,1.868,0.0
2025-10-15T19:36:33.144000+00:00,router_output_bytes_total,->2,1-112,unknown,0.0,1.868,0.0
2025-10-15T19:36:33.144000+00:00,router_output_bytes_total,->3,1-112,unknown,0.0,1.868,0.0
2025-10-15T19:36:33.144000+00:00,router_output_bytes_total,->4,1-112,unknown,0.0,1.868,0.0
2025-10-15T19:36:33.144000+00:00,router_output_bytes_total,->6,1-112,unknown,0.0,1.868,0.0
2025-10-15T19:36:33.144000+00:00,router_output_bytes_total,->7,1-112,unknown,0.0,1.868,0.0
2025-10-15T19:36:33.144000+00:00,router_output_bytes_total,5,1-112,1-113,293035.0,1.868,156870.98501070662
2025-10-15T19:36:33.144000+00:00,router_output_bytes_total,internal,1-112,1-112,130857.0,1.868,70051.92719486081
2025-10-15T19:36:33.144000+00:00,router_output_bytes_total,physical_local,1-112,local,130857.0,1.868,70051.92719486081
2025-10-15T19:36:33.144000+00:00,router_output_bytes_total,physical_remote,1-112,remote,293035.0,1.868,156870.98501070662
2025-10-15T19:36:33.144000+00:00,router_output_pkts_total,->1,1-112,unknown,0.0,1.868,0.0
2025-10-15T19:36:33.144000+00:00,router_output_pkts_total,->2,1-112,unknown,0.0,1.868,0.0
2025-10-15T19:36:33.144000+00:00,router_output_pkts_total,->3,1-112,unknown,0.0,1.868,0.0
2025-10-15T19:36:33.144000+00:00,router_output_pkts_total,->4,1-112,unknown,0.0,1.868,0.0
2025-10-15T19:36:33.144000+00:00,router_output_pkts_total,->6,1-112,unknown,0.0,1.868,0.0
2025-10-15T19:36:33.144000+00:00,router_output_pkts_total,->7,1-112,unknown,0.0,1.868,0.0
2025-10-15T19:36:33.144000+00:00,router_output_pkts_total,5,1-112,1-113,548.0,1.868,293.3618843683083
2025-10-15T19:36:33.144000+00:00,router_output_pkts_total,internal,1-112,1-112,455.0,1.868,243.57601713062098
2025-10-15T19:36:33.144000+00:00,router_output_pkts_total,physical_local,1-112,local,455.0,1.868,243.57601713062098
2025-10-15T19:36:33.144000+00:00,router_output_pkts_total,physical_remote,1-112,remote,548.0,1.868,293.3618843683083
2025-10-15T19:36:34.977000+00:00,router_dropped_pkts_total,->1,1-112,unknown,0.0,1.833,0.0
2025-10-15T19:36:34.977000+00:00,router_dropped_pkts_total,->2,1-112,unknown,0.0,1.833,0.0
2025-10-15T19:36:34.977000+00:00,router_dropped_pkts_total,->3,1-112,unknown,0.0,1.833,0.0
2025-10-15T19:36:34.977000+00:00,router_dropped_pkts_total,->4,1-112,unknown,0.0,1.833,0.0
2025-10-15T19:36:34.977000+00:00,router_dropped_pkts_total,->6,1-112,unknown,0.0,1.833,0.0
2025-10-15T19:36:34.977000+00:00,router_dropped_pkts_total,->7,1-112,unknown,0.0,1.833,0.0
2025-10-15T19:36:34.977000+00:00,router_dropped_pkts_total,5,1-112,1-113,0.0,1.833,0.0
2025-10-15T19:36:34.977000+00:00,router_dropped_pkts_total,internal,1-112,1-112,0.0,1.833,0.0
2025-10-15T19:36:34.977000+00:00,router_dropped_pkts_total,physical_local,1-112,local,0.0,1.833,0.0
2025-10-15T19:36:34.977000+00:00,router_dropped_pkts_total,physical_remote,1-112,remote,0.0,1.833,0.0
2025-10-15T19:36:34.977000+00:00,router_input_bytes_total,->1,1-112,unknown,0.0,1.833,0.0
2025-10-15T19:36:34.977000+00:00,router_input_bytes_total,->2,1-112,unknown,0.0,1.833,0.0
2025-10-15T19:36:34.977000+00:00,router_input_bytes_total,->3,1-112,unknown,0.0,1.833,0.0
2025-10-15T19:36:34.977000+00:00,router_input_bytes_total,->4,1-112,unknown,0.0,1.833,0.0
2025-10-15T19:36:34.977000+00:00,router_input_bytes_total,->6,1-112,unknown,0.0,1.833,0.0
2025-10-15T19:36:34.977000+00:00,router_input_bytes_total,->7,1-112,unknown,0.0,1.833,0.0
2025-10-15T19:36:34.977000+00:00,router_input_bytes_total,5,1-112,1-113,125675.0,1.833,68562.46590289143
2025-10-15T19:36:34.977000+00:00,router_input_bytes_total,internal,1-112,1-112,269459.0,1.833,147004.36442989635
2025-10-15T19:36:34.977000+00:00,router_input_bytes_total,physical_local,1-112,local,269459.0,1.833,147004.36442989635
2025-10-15T19:36:34.977000+00:00,router_input_bytes_total,physical_remote,1-112,remote,125675.0,1.833,68562.46590289143
2025-10-15T19:36:34.977000+00:00,router_input_pkts_total,->1,1-112,unknown,0.0,1.833,0.0
2025-10-15T19:36:34.977000+00:00,router_input_pkts_total,->2,1-112,unknown,0.0,1.833,0.0
2025-10-15T19:36:34.977000+00:00,router_input_pkts_total,->3,1-112,unknown,0.0,1.833,0.0
2025-10-15T19:36:34.977000+00:00,router_input_pkts_total,->4,1-112,unknown,0.0,1.833,0.0
2025-10-15T19:36:34.977000+00:00,router_input_pkts_total,->6,1-112,unknown,0.0,1.833,0.0
2025-10-15T19:36:34.977000+00:00,router_input_pkts_total,->7,1-112,unknown,0.0,1.833,0.0
2025-10-15T19:36:34.977000+00:00,router_input_pkts_total,5,1-112,1-113,460.0,1.833,250.95471903982542
2025-10-15T19:36:34.977000+00:00,router_input_pkts_total,internal,1-112,1-112,431.0,1.833,235.13366066557558
2025-10-15T19:36:34.977000+00:00,router_input_pkts_total,physical_local,1-112,local,431.0,1.833,235.13366066557558
2025-10-15T19:36:34.977000+00:00,router_input_pkts_total,physical_remote,1-112,remote,460.0,1.833,250.95471903982542
2025-10-15T19:36:34.977000+00:00,router_output_bytes_total,->1,1-112,unknown,0.0,1.833,0.0
2025-10-15T19:36:34.977000+00:00,router_output_bytes_total,->2,1-112,unknown,0.0,1.833,0.0
2025-10-15T19:36:34.977000+00:00,router_output_bytes_total,->3,1-112,unknown,0.0,1.833,0.0
2025-10-15T19:36:34.977000+00:00,router_output_bytes_total,->4,1-112,unknown,0.0,1.833,0.0
2025-10-15T19:36:34.977000+00:00,router_output_bytes_total,->6,1-112,unknown,0.0,1.833,0.0
2025-10-15T19:36:34.977000+00:00,router_output_bytes_total,->7,1-112,unknown,0.0,1.833,0.0
2025-10-15T19:36:34.977000+00:00,router_output_bytes_total,5,1-112,1-113,276179.0,1.833,150670.48554282598
2025-10-15T19:36:34.977000+00:00,router_output_bytes_total,internal,1-112,1-112,119195.0,1.833,65027.277686852154
2025-10-15T19:36:34.977000+00:00,router_output_bytes_total,physical_local,1-112,local,119195.0,1.833,65027.277686852154
2025-10-15T19:36:34.977000+00:00,router_output_bytes_total,physical_remote,1-112,remote,276179.0,1.833,150670.48554282598
2025-10-15T19:36:34.977000+00:00,router_output_pkts_total,->1,1-112,unknown,0.0,1.833,0.0
2025-10-15T19:36:34.977000+00:00,router_output_pkts_total,->2,1-112,unknown,0.0,1.833,0.0
2025-10-15T19:36:34.977000+00:00,router_output_pkts_total,->3,1-112,unknown,0.0,1.833,0.0
2025-10-15T19:36:34.977000+00:00,router_output_pkts_total,->4,1-112,unknown,0.0,1.833,0.0
2025-10-15T19:36:34.977000+00:00,router_output_pkts_total,->6,1-112,unknown,0.0,1.833,0.0
2025-10-15T19:36:34.977000+00:00,router_output_pkts_total,->7,1-112,unknown,0.0,1.833,0.0
2025-10-15T19:36:34.977000+00:00,router_output_pkts_total,5,1-112,1-113,490.0,1.833,267.3213311511184
2025-10-15T19:36:34.977000+00:00,router_output_pkts_total,internal,1-112,1-112,399.0,1.833,217.6759410801964
2025-10-15T19:36:34.977000+00:00,router_output_pkts_total,physical_local,1-112,local,399.0,1.833,217.6759410801964
2025-10-15T19:36:34.977000+00:00,router_output_pkts_total,physical_remote,1-112,remote,490.0,1.833,267.3213311511184
2025-10-15T19:36:36.884000+00:00,router_dropped_pkts_total,->1,1-112,unknown,0.0,1.907,0.0
2025-10-15T19:36:36.884000+00:00,router_dropped_pkts_total,->2,1-112,unknown,0.0,1.907,0.0
2025-10-15T19:36:36.884000+00:00,router_dropped_pkts_total,->3,1-112,unknown,0.0,1.907,0.0
2025-10-15T19:36:36.884000+00:00,router_dropped_pkts_total,->4,1-112,unknown,0.0,1.907,0.0
2025-10-15T19:36:36.884000+00:00,router_dropped_pkts_total,->6,1-112,unknown,0.0,1.907,0.0
2025-10-15T19:36:36.884000+00:00,router_dropped_pkts_total,->7,1-112,unknown,0.0,1.907,0.0
2025-10-15T19:36:36.884000+00:00,router_dropped_pkts_total,5,1-112,1-113,0.0,1.907,0.0
2025-10-15T19:36:36.884000+00:00,router_dropped_pkts_total,internal,1-112,1-112,0.0,1.907,0.0
2025-10-15T19:36:36.884000+00:00,router_dropped_pkts_total,physical_local,1-112,local,0.0,1.907,0.0
2025-10-15T19:36:36.884000+00:00,router_dropped_pkts_total,physical_remote,1-112,remote,0.0,1.907,0.0
2025-10-15T19:36:36.884000+00:00,router_input_bytes_total,->1,1-112,unknown,0.0,1.907,0.0
2025-10-15T19:36:36.884000+00:00,router_input_bytes_total,->2,1-112,unknown,0.0,1.907,0.0
2025-10-15T19:36:36.884000+00:00,router_input_bytes_total,->3,1-112,unknown,0.0,1.907,0.0
2025-10-15T19:36:36.884000+00:00,router_input_bytes_total,->4,1-112,unknown,0.0,1.907,0.0
2025-10-15T19:36:36.884000+00:00,router_input_bytes_total,->6,1-112,unknown,0.0,1.907,0.0
2025-10-15T19:36:36.884000+00:00,router_input_bytes_total,->7,1-112,unknown,0.0,1.907,0.0
2025-10-15T19:36:36.884000+00:00,router_input_bytes_total,5,1-112,1-113,140001.0,1.907,73414.26324069219
2025-10-15T19:36:36.884000+00:00,router_input_bytes_total,internal,1-112,1-112,274382.0,1.907,143881.4892501311
2025-10-15T19:36:36.884000+00:00,router_input_bytes_total,physical_local,1-112,local,274382.0,1.907,143881.4892501311
2025-10-15T19:36:36.884000+00:00,router_input_bytes_total,physical_remote,1-112,remote,140001.0,1.907,73414.26324069219
2025-10-15T19:36:36.884000+00:00,router_input_pkts_total,->1,1-112,unknown,0.0,1.907,0.0
2025-10-15T19:36:36.884000+00:00,router_input_pkts_total,->2,1-112,unknown,0.0,1.907,0.0
2025-10-15T19:36:36.884000+00:00,router_input_pkts_total,->3,1-112,unknown,0.0,1.907,0.0
2025-10-15T19:36:36.884000+00:00,router_input_pkts_total,->4,1-112,unknown,0.0,1.907,0.0
2025-10-15T19:36:36.884000+00:00,router_input_pkts_total,->6,1-112,unknown,0.0,1.907,0.0
2025-10-15T19:36:36.884000+00:00,router_input_pkts_total,->7,1-112,unknown,0.0,1.907,0.0
2025-10-15T19:36:36.884000+00:00,router_input_pkts_total,5,1-112,1-113,493.0,1.907,258.5212375458836
2025-10-15T19:36:36.884000+00:00,router_input_pkts_total,internal,1-112,1-112,463.0,1.907,242.78972207656003
2025-10-15T19:36:36.884000+00:00,router_input_pkts_total,physical_local,1-112,local,463.0,1.907,242.78972207656003
2025-10-15T19:36:36.884000+00:00,router_input_pkts_total,physical_remote,1-112,remote,493.0,1.907,258.5212375458836
2025-10-15T19:36:36.884000+00:00,router_output_bytes_total,->1,1-112,unknown,0.0,1.907,0.0
2025-10-15T19:36:36.884000+00:00,router_output_bytes_total,->2,1-112,unknown,0.0,1.907,0.0
2025-10-15T19:36:36.884000+00:00,router_output_bytes_total,->3,1-112,unknown,0.0,1.907,0.0
2025-10-15T19:36:36.884000+00:00,router_output_bytes_total,->4,1-112,unknown,0.0,1.907,0.0
2025-10-15T19:36:36.884000+00:00,router_output_bytes_total,->6,1-112,unknown,0.0,1.907,0.0
2025-10-15T19:36:36.884000+00:00,router_output_bytes_total,->7,1-112,unknown,0.0,1.907,0.0
2025-10-15T19:36:36.884000+00:00,router_output_bytes_total,5,1-112,1-113,280982.0,1.907,147342.42265338227
2025-10-15T19:36:36.884000+00:00,router_output_bytes_total,internal,1-112,1-112,133645.0,1.907,70081.27949659151
2025-10-15T19:36:36.884000+00:00,router_output_bytes_total,physical_local,1-112,local,133645.0,1.907,70081.27949659151
2025-10-15T19:36:36.884000+00:00,router_output_bytes_total,physical_remote,1-112,remote,280982.0,1.907,147342.42265338227
2025-10-15T19:36:36.884000+00:00,router_output_pkts_total,->1,1-112,unknown,0.0,1.907,0.0
2025-10-15T19:36:36.884000+00:00,router_output_pkts_total,->2,1-112,unknown,0.0,1.907,0.0
2025-10-15T19:36:36.884000+00:00,router_output_pkts_total,->3,1-112,unknown,0.0,1.907,0.0
2025-10-15T19:36:36.884000+00:00,router_output_pkts_total,->4,1-112,unknown,0.0,1.907,0.0
2025-10-15T19:36:36.884000+00:00,router_output_pkts_total,->6,1-112,unknown,0.0,1.907,0.0
2025-10-15T19:36:36.884000+00:00,router_output_pkts_total,->7,1-112,unknown,0.0,1.907,0.0
2025-10-15T19:36:36.884000+00:00,router_output_pkts_total,5,1-112,1-113,525.0,1.907,275.301520713162
2025-10-15T19:36:36.884000+00:00,router_output_pkts_total,internal,1-112,1-112,434.0,1.907,227.58259045621395
2025-10-15T19:36:36.884000+00:00,router_output_pkts_total,physical_local,1-112,local,434.0,1.907,227.58259045621395
2025-10-15T19:36:36.884000+00:00,router_output_pkts_total,physical_remote,1-112,remote,525.0,1.907,275.301520713162
2025-10-15T19:36:38.686000+00:00,router_dropped_pkts_total,->1,1-112,unknown,0.0,1.802,0.0
2025-10-15T19:36:38.686000+00:00,router_dropped_pkts_total,->2,1-112,unknown,0.0,1.802,0.0
2025-10-15T19:36:38.686000+00:00,router_dropped_pkts_total,->3,1-112,unknown,0.0,1.802,0.0
2025-10-15T19:36:38.686000+00:00,router_dropped_pkts_total,->4,1-112,unknown,0.0,1.802,0.0
2025-10-15T19:36:38.686000+00:00,router_dropped_pkts_total,->6,1-112,unknown,0.0,1.802,0.0
2025-10-15T19:36:38.686000+00:00,router_dropped_pkts_total,->7,1-112,unknown,0.0,1.802,0.0
2025-10-15T19:36:38.686000+00:00,router_dropped_pkts_total,5,1-112,1-113,0.0,1.802,0.0
2025-10-15T19:36:38.686000+00:00,router_dropped_pkts_total,internal,1-112,1-112,0.0,1.802,0.0
2025-10-15T19:36:38.686000+00:00,router_dropped_pkts_total,physical_local,1-112,local,0.0,1.802,0.0
2025-10-15T19:36:38.686000+00:00,router_dropped_pkts_total,physical_remote,1-112,remote,0.0,1.802,0.0
2025-10-15T19:36:38.686000+00:00,router_input_bytes_total,->1,1-112,unknown,0.0,1.802,0.0
2025-10-15T19:36:38.686000+00:00,router_input_bytes_total,->2,1-112,unknown,0.0,1.802,0.0
2025-10-15T19:36:38.686000+00:00,router_input_bytes_total,->3,1-112,unknown,0.0,1.802,0.0
2025-10-15T19:36:38.686000+00:00,router_input_bytes_total,->4,1-112,unknown,0.0,1.802,0.0
2025-10-15T19:36:38.686000+00:00,router_input_bytes_total,->6,1-112,unknown,0.0,1.802,0.0
2025-10-15T19:36:38.686000+00:00,router_input_bytes_total,->7,1-112,unknown,0.0,1.802,0.0
2025-10-15T19:36:38.686000+00:00,router_input_bytes_total,5,1-112,1-113,121014.0,1.802,67155.38290788014
2025-10-15T19:36:38.686000+00:00,router_input_bytes_total,internal,1-112,1-112,257066.0,1.802,142655.93784683684
2025-10-15T19:36:38.686000+00:00,router_input_bytes_total,physical_local,1-112,local,257066.0,1.802,142655.93784683684
2025-10-15T19:36:38.686000+00:00,router_input_bytes_total,physical_remote,1-112,remote,121014.0,1.802,67155.38290788014
2025-10-15T19:36:38.686000+00:00,router_input_pkts_total,->1,1-112,unknown,0.0,1.802,0.0
2025-10-15T19:36:38.686000+00:00,router_input_pkts_total,->2,1-112,unknown,0.0,1.802,0.0
2025-10-15T19:36:38.686000+00:00,router_input_pkts_total,->3,1-112,unknown,0.0,1.802,0.0
2025-10-15T19:36:38.686000+00:00,router_input_pkts_total,->4,1-112,unknown,0.0,1.802,0.0
2025-10-15T19:36:38.686000+00:00,router_input_pkts_total,->6,1-112,unknown,0.0,1.802,0.0
2025-10-15T19:36:38.686000+00:00,router_input_pkts_total,->7,1-112,unknown,0.0,1.802,0.0
2025-10-15T19:36:38.686000+00:00,router_input_pkts_total,5,1-112,1-113,436.0,1.802,241.95338512763595
2025-10-15T19:36:38.686000+00:00,router_input_pkts_total,internal,1-112,1-112,411.0,1.802,228.07991120976692
2025-10-15T19:36:38.686000+00:00,router_input_pkts_total,physical_local,1-112,local,411.0,1.802,228.07991120976692
2025-10-15T19:36:38.686000+00:00,router_input_pkts_total,physical_remote,1-112,remote,436.0,1.802,241.95338512763595
2025-10-15T19:36:38.686000+00:00,router_output_bytes_total,->1,1-112,unknown,0.0,1.802,0.0
2025-10-15T19:36:38.686000+00:00,router_output_bytes_total,->2,1-112,unknown,0.0,1.802,0.0
2025-10-15T19:36:38.686000+00:00,router_output_bytes_total,->3,1-112,unknown,0.0,1.802,0.0
2025-10-15T19:36:38.686000+00:00,router_output_bytes_total,->4,1-112,unknown,0.0,1.802,0.0
2025-10-15T19:36:38.686000+00:00,router_output_bytes_total,->6,1-112,unknown,0.0,1.802,0.0
2025-10-15T19:36:38.686000+00:00,router_output_bytes_total,->7,1-112,unknown,0.0,1.802,0.0
2025-10-15T19:36:38.686000+00:00,router_output_bytes_total,5,1-112,1-113,263344.0,1.802,146139.8446170921
2025-10-15T19:36:38.686000+00:00,router_output_bytes_total,internal,1-112,1-112,116030.0,1.802,64389.56714761376
2025-10-15T19:36:38.686000+00:00,router_output_bytes_total,physical_local,1-112,local,116030.0,1.802,64389.56714761376
2025-10-15T19:36:38.686000+00:00,router_output_bytes_total,physical_remote,1-112,remote,263344.0,1.802,146139.8446170921
2025-10-15T19:36:38.686000+00:00,router_output_pkts_total,->1,1-112,unknown,0.0,1.802,0.0
2025-10-15T19:36:38.686000+00:00,router_output_pkts_total,->2,1-112,unknown,0.0,1.802,0.0
2025-10-15T19:36:38.686000+00:00,router_output_pkts_total,->3,1-112,unknown,0.0,1.802,0.0
2025-10-15T19:36:38.686000+00:00,router_output_pkts_total,->4,1-112,unknown,0.0,1.802,0.0
2025-10-15T19:36:38.686000+00:00,router_output_pkts_total,->6,1-112,unknown,0.0,1.802,0.0
2025-10-15T19:36:38.686000+00:00,router_output_pkts_total,->7,1-112,unknown,0.0,1.802,0.0
2025-10-15T19:36:38.686000+00:00,router_output_pkts_total,5,1-112,1-113,455.0,1.802,252.49722530521643
2025-10-15T19:36:38.686000+00:00,router_output_pkts_total,internal,1-112,1-112,391.0,1.802,216.9811320754717
2025-10-15T19:36:38.686000+00:00,router_output_pkts_total,physical_local,1-112,local,391.0,1.802,216.9811320754717
2025-10-15T19:36:38.686000+00:00,router_output_pkts_total,physical_remote,1-112,remote,455.0,1.802,252.49722530521643
2025-10-15T19:36:40.542000+00:00,router_dropped_pkts_total,->1,1-112,unknown,0.0,1.856,0.0
2025-10-15T19:36:40.542000+00:00,router_dropped_pkts_total,->2,1-112,unknown,0.0,1.856,0.0
2025-10-15T19:36:40.542000+00:00,router_dropped_pkts_total,->3,1-112,unknown,0.0,1.856,0.0
2025-10-15T19:36:40.542000+00:00,router_dropped_pkts_total,->4,1-112,unknown,0.0,1.856,0.0
2025-10-15T19:36:40.542000+00:00,router_dropped_pkts_total,->6,1-112,unknown,0.0,1.856,0.0
2025-10-15T19:36:40.542000+00:00,router_dropped_pkts_total,->7,1-112,unknown,0.0,1.856,0.0
2025-10-15T19:36:40.542000+00:00,router_dropped_pkts_total,5,1-112,1-113,0.0,1.856,0.0
2025-10-15T19:36:40.542000+00:00,router_dropped_pkts_total,internal,1-112,1-112,0.0,1.856,0.0
2025-10-15T19:36:40.542000+00:00,router_dropped_pkts_total,physical_local,1-112,local,0.0,1.856,0.0
2025-10-15T19:36:40.542000+00:00,router_dropped_pkts_total,physical_remote,1-112,remote,0.0,1.856,0.0
2025-10-15T19:36:40.542000+00:00,router_input_bytes_total,->1,1-112,unknown,0.0,1.856,0.0
2025-10-15T19:36:40.542000+00:00,router_input_bytes_total,->2,1-112,unknown,0.0,1.856,0.0
2025-10-15T19:36:40.542000+00:00,router_input_bytes_total,->3,1-112,unknown,0.0,1.856,0.0
2025-10-15T19:36:40.542000+00:00,router_input_bytes_total,->4,1-112,unknown,0.0,1.856,0.0
2025-10-15T19:36:40.542000+00:00,router_input_bytes_total,->6,1-112,unknown,0.0,1.856,0.0
2025-10-15T19:36:40.542000+00:00,router_input_bytes_total,->7,1-112,unknown,0.0,1.856,0.0
2025-10-15T19:36:40.542000+00:00,router_input_bytes_total,5,1-112,1-113,107010.0,1.856,57656.25
2025-10-15T19:36:40.542000+00:00,router_input_bytes_total,internal,1-112,1-112,231477.0,1.856,124718.21120689655
2025-10-15T19:36:40.542000+00:00,router_input_bytes_total,physical_local,1-112,local,231477.0,1.856,124718.21120689655
2025-10-15T19:36:40.542000+00:00,router_input_bytes_total,physical_remote,1-112,remote,107010.0,1.856,57656.25
2025-10-15T19:36:40.542000+00:00,router_input_pkts_total,->1,1-112,unknown,0.0,1.856,0.0
2025-10-15T19:36:40.542000+00:00,router_input_pkts_total,->2,1-112,unknown,0.0,1.856,0.0
2025-10-15T19:36:40.542000+00:00,router_input_pkts_total,->3,1-112,unknown,0.0,1.856,0.0
2025-10-15T19:36:40.542000+00:00,router_input_pkts_total,->4,1-112,unknown,0.0,1.856,0.0
2025-10-15T19:36:40.542000+00:00,router_input_pkts_total,->6,1-112,unknown,0.0,1.856,0.0
2025-10-15T19:36:40.542000+00:00,router_input_pkts_total,->7,1-112,unknown,0.0,1.856,0.0
2025-10-15T19:36:40.542000+00:00,router_input_pkts_total,5,1-112,1-113,376.0,1.856,202.58620689655172
2025-10-15T19:36:40.542000+00:00,router_input_pkts_total,internal,1-112,1-112,354.0,1.856,190.73275862068965
2025-10-15T19:36:40.542000+00:00,router_input_pkts_total,physical_local,1-112,local,354.0,1.856,190.73275862068965
2025-10-15T19:36:40.542000+00:00,router_input_pkts_total,physical_remote,1-112,remote,376.0,1.856,202.58620689655172
2025-10-15T19:36:40.542000+00:00,router_output_bytes_total,->1,1-112,unknown,0.0,1.856,0.0
2025-10-15T19:36:40.542000+00:00,router_output_bytes_total,->2,1-112,unknown,0.0,1.856,0.0
2025-10-15T19:36:40.542000+00:00,router_output_bytes_total,->3,1-112,unknown,0.0,1.856,0.0
2025-10-15T19:36:40.542000+00:00,router_output_bytes_total,->4,1-112,unknown,0.0,1.856,0.0
2025-10-15T19:36:40.542000+00:00,router_output_bytes_total,->6,1-112,unknown,0.0,1.856,0.0
2025-10-15T19:36:40.542000+00:00,router_output_bytes_total,->7,1-112,unknown,0.0,1.856,0.0
2025-10-15T19:36:40.542000+00:00,router_output_bytes_total,5,1-112,1-113,235399.0,1.856,126831.35775862068
2025-10-15T19:36:40.542000+00:00,router_output_bytes_total,internal,1-112,1-112,102150.0,1.856,55037.71551724138
2025-10-15T19:36:40.542000+00:00,router_output_bytes_total,physical_local,1-112,local,102150.0,1.856,55037.71551724138
2025-10-15T19:36:40.542000+00:00,router_output_bytes_total,physical_remote,1-112,remote,235399.0,1.856,126831.35775862068
2025-10-15T19:36:40.542000+00:00,router_output_pkts_total,->1,1-112,unknown,0.0,1.856,0.0
2025-10-15T19:36:40.542000+00:00,router_output_pkts_total,->2,1-112,unknown,0.0,1.856,0.0
2025-10-15T19:36:40.542000+00:00,router_output_pkts_total,->3,1-112,unknown,0.0,1.856,0.0
2025-10-15T19:36:40.542000+00:00,router_output_pkts_total,->4,1-112,unknown,0.0,1.856,0.0
2025-10-15T19:36:40.542000+00:00,router_output_pkts_total,->6,1-112,unknown,0.0,1.856,0.0
2025-10-15T19:36:40.542000+00:00,router_output_pkts_total,->7,1-112,unknown,0.0,1.856,0.0
2025-10-15T19:36:40.542000+00:00,router_output_pkts_total,5,1-112,1-113,399.0,1.856,214.97844827586206
2025-10-15T19:36:40.542000+00:00,router_output_pkts_total,internal,1-112,1-112,331.0,1.856,178.3405172413793
2025-10-15T19:36:40.542000+00:00,router_output_pkts_total,physical_local,1-112,local,331.0,1.856,178.3405172413793
2025-10-15T19:36:40.542000+00:00,router_output_pkts_total,physical_remote,1-112,remote,399.0,1.856,214.97844827586206
2025-10-15T19:36:42.409000+00:00,router_dropped_pkts_total,->1,1-112,unknown,0.0,1.867,0.0
2025-10-15T19:36:42.409000+00:00,router_dropped_pkts_total,->2,1-112,unknown,0.0,1.867,0.0
2025-10-15T19:36:42.409000+00:00,router_dropped_pkts_total,->3,1-112,unknown,0.0,1.867,0.0
2025-10-15T19:36:42.409000+00:00,router_dropped_pkts_total,->4,1-112,unknown,0.0,1.867,0.0
2025-10-15T19:36:42.409000+00:00,router_dropped_pkts_total,->6,1-112,unknown,0.0,1.867,0.0
2025-10-15T19:36:42.409000+00:00,router_dropped_pkts_total,->7,1-112,unknown,0.0,1.867,0.0
2025-10-15T19:36:42.409000+00:00,router_dropped_pkts_total,5,1-112,1-113,0.0,1.867,0.0
2025-10-15T19:36:42.409000+00:00,router_dropped_pkts_total,internal,1-112,1-112,0.0,1.867,0.0
2025-10-15T19:36:42.409000+00:00,router_dropped_pkts_total,physical_local,1-112,local,0.0,1.867,0.0
2025-10-15T19:36:42.409000+00:00,router_dropped_pkts_total,physical_remote,1-112,remote,0.0,1.867,0.0
2025-10-15T19:36:42.409000+00:00,router_input_bytes_total,->1,1-112,unknown,0.0,1.867,0.0
2025-10-15T19:36:42.409000+00:00,router_input_bytes_total,->2,1-112,unknown,0.0,1.867,0.0
2025-10-15T19:36:42.409000+00:00,router_input_bytes_total,->3,1-112,unknown,0.0,1.867,0.0
2025-10-15T19:36:42.409000+00:00,router_input_bytes_total,->4,1-112,unknown,0.0,1.867,0.0
2025-10-15T19:36:42.409000+00:00,router_input_bytes_total,->6,1-112,unknown,0.0,1.867,0.0
2025-10-15T19:36:42.409000+00:00,router_input_bytes_total,->7,1-112,unknown,0.0,1.867,0.0
2025-10-15T19:36:42.409000+00:00,router_input_bytes_total,5,1-112,1-113,139810.0,1.867,74884.84199250134
2025-10-15T19:36:42.409000+00:00,router_input_bytes_total,internal,1-112,1-112,275303.0,1.867,147457.41831815746
2025-10-15T19:36:42.409000+00:00,router_input_bytes_total,physical_local,1-112,local,275303.0,1.867,147457.41831815746
2025-10-15T19:36:42.409000+00:00,router_input_bytes_total,physical_remote,1-112,remote,139810.0,1.867,74884.84199250134
2025-10-15T19:36:42.409000+00:00,router_input_pkts_total,->1,1-112,unknown,0.0,1.867,0.0
2025-10-15T19:36:42.409000+00:00,router_input_pkts_total,->2,1-112,unknown,0.0,1.867,0.0
2025-10-15T19:36:42.409000+00:00,router_input_pkts_total,->3,1-112,unknown,0.0,1.867,0.0
2025-10-15T19:36:42.409000+00:00,router_input_pkts_total,->4,1-112,unknown,0.0,1.867,0.0
2025-10-15T19:36:42.409000+00:00,router_input_pkts_total,->6,1-112,unknown,0.0,1.867,0.0
2025-10-15T19:36:42.409000+00:00,router_input_pkts_total,->7,1-112,unknown,0.0,1.867,0.0
2025-10-15T19:36:42.409000+00:00,router_input_pkts_total,5,1-112,1-113,487.0,1.867,260.84627745045526
2025-10-15T19:36:42.409000+00:00,router_input_pkts_total,internal,1-112,1-112,456.0,1.867,244.24209962506694
2025-10-15T19:36:42.409000+00:00,router_input_pkts_total,physical_local,1-112,local,456.0,1.867,244.24209962506694
2025-10-15T19:36:42.409000+00:00,router_input_pkts_total,physical_remote,1-112,remote,487.0,1.867,260.84627745045526
2025-10-15T19:36:42.409000+00:00,router_output_bytes_total,->1,1-112,unknown,0.0,1.867,0.0
2025-10-15T19:36:42.409000+00:00,router_output_bytes_total,->2,1-112,unknown,0.0,1.867,0.0
2025-10-15T19:36:42.409000+00:00,router_output_bytes_total,->3,1-112,unknown,0.0,1.867,0.0
2025-10-15T19:36:42.409000+00:00,router_output_bytes_total,->4,1-112,unknown,0.0,1.867,0.0
2025-10-15T19:36:42.409000+00:00,router_output_bytes_total,->6,1-112,unknown,0.0,1.867,0.0
2025-10-15T19:36:42.409000+00:00,router_output_bytes_total,->7,1-112,unknown,0.0,1.867,0.0
2025-10-15T19:36:42.409000+00:00,router_output_bytes_total,5,1-112,1-113,282023.0,1.867,151056.77557579003
2025-10-15T19:36:42.409000+00:00,router_output_bytes_total,internal,1-112,1-112,133330.0,1.867,71414.03320835566
2025-10-15T19:36:42.409000+00:00,router_output_bytes_total,physical_local,1-112,local,133330.0,1.867,71414.03320835566
2025-10-15T19:36:42.409000+00:00,router_output_bytes_total,physical_remote,1-112,remote,282023.0,1.867,151056.77557579003
2025-10-15T19:36:42.409000+00:00,router_output_pkts_total,->1,1-112,unknown,0.0,1.867,0.0
2025-10-15T19:36:42.409000+00:00,router_output_pkts_total,->2,1-112,unknown,0.0,1.867,0.0
2025-10-15T19:36:42.409000+00:00,router_output_pkts_total,->3,1-112,unknown,0.0,1.867,0.0
2025-10-15T19:36:42.409000+00:00,router_output_pkts_total,->4,1-112,unknown,0.0,1.867,0.0
2025-10-15T19:36:42.409000+00:00,router_output_pkts_total,->6,1-112,unknown,0.0,1.867,0.0
2025-10-15T19:36:42.409000+00:00,router_output_pkts_total,->7,1-112,unknown,0.0,1.867,0.0
2025-10-15T19:36:42.409000+00:00,router_output_pkts_total,5,1-112,1-113,516.0,1.867,276.3792179967863
2025-10-15T19:36:42.409000+00:00,router_output_pkts_total,internal,1-112,1-112,426.0,1.867,228.17354043920727
2025-10-15T19:36:42.409000+00:00,router_output_pkts_total,physical_local,1-112,local,426.0,1.867,228.17354043920727
2025-10-15T19:36:42.409000+00:00,router_output_pkts_total,physical_remote,1-112,remote,516.0,1.867,276.3792179967863
2025-10-15T19:36:44.722000+00:00,router_dropped_pkts_total,->1,1-112,unknown,0.0,2.313,0.0
2025-10-15T19:36:44.722000+00:00,router_dropped_pkts_total,->2,1-112,unknown,0.0,2.313,0.0
2025-10-15T19:36:44.722000+00:00,router_dropped_pkts_total,->3,1-112,unknown,0.0,2.313,0.0
2025-10-15T19:36:44.722000+00:00,router_dropped_pkts_total,->4,1-112,unknown,0.0,2.313,0.0
2025-10-15T19:36:44.722000+00:00,router_dropped_pkts_total,->6,1-112,unknown,0.0,2.313,0.0
2025-10-15T19:36:44.722000+00:00,router_dropped_pkts_total,->7,1-112,unknown,0.0,2.313,0.0
2025-10-15T19:36:44.722000+00:00,router_dropped_pkts_total,5,1-112,1-113,0.0,2.313,0.0
2025-10-15T19:36:44.722000+00:00,router_dropped_pkts_total,internal,1-112,1-112,0.0,2.313,0.0
2025-10-15T19:36:44.722000+00:00,router_dropped_pkts_total,physical_local,1-112,local,0.0,2.313,0.0
2025-10-15T19:36:44.722000+00:00,router_dropped_pkts_total,physical_remote,1-112,remote,0.0,2.313,0.0
2025-10-15T19:36:44.722000+00:00,router_input_bytes_total,->1,1-112,unknown,0.0,2.313,0.0
2025-10-15T19:36:44.722000+00:00,router_input_bytes_total,->2,1-112,unknown,0.0,2.313,0.0
2025-10-15T19:36:44.722000+00:00,router_input_bytes_total,->3,1-112,unknown,0.0,2.313,0.0
2025-10-15T19:36:44.722000+00:00,router_input_bytes_total,->4,1-112,unknown,0.0,2.313,0.0
2025-10-15T19:36:44.722000+00:00,router_input_bytes_total,->6,1-112,unknown,0.0,2.313,0.0
2025-10-15T19:36:44.722000+00:00,router_input_bytes_total,->7,1-112,unknown,0.0,2.313,0.0
2025-10-15T19:36:44.722000+00:00,router_input_bytes_total,5,1-112,1-113,173791.0,2.313,75136.61910938175
2025-10-15T19:36:44.722000+00:00,router_input_bytes_total,internal,1-112,1-112,365419.0,2.313,157984.8681366191
2025-10-15T19:36:44.722000+00:00,router_input_bytes_total,physical_local,1-112,local,365419.0,2.313,157984.8681366191
2025-10-15T19:36:44.722000+00:00,router_input_bytes_total,physical_remote,1-112,remote,173791.0,2.313,75136.61910938175
2025-10-15T19:36:44.722000+00:00,router_input_pkts_total,->1,1-112,unknown,0.0,2.313,0.0
2025-10-15T19:36:44.722000+00:00,router_input_pkts_total,->2,1-112,unknown,0.0,2.313,0.0
2025-10-15T19:36:44.722000+00:00,router_input_pkts_total,->3,1-112,unknown,0.0,2.313,0.0
2025-10-15T19:36:44.722000+00:00,router_input_pkts_total,->4,1-112,unknown,0.0,2.313,0.0
2025-10-15T19:36:44.722000+00:00,router_input_pkts_total,->6,1-112,unknown,0.0,2.313,0.0
2025-10-15T19:36:44.722000+00:00,router_input_pkts_total,->7,1-112,unknown,0.0,2.313,0.0
2025-10-15T19:36:44.722000+00:00,router_input_pkts_total,5,1-112,1-113,657.0,2.313,284.0466926070039
2025-10-15T19:36:44.722000+00:00,router_input_pkts_total,internal,1-112,1-112,628.0,2.313,271.50886294855167
2025-10-15T19:36:44.722000+00:00,router_input_pkts_total,physical_local,1-112,local,628.0,2.313,271.50886294855167
2025-10-15T19:36:44.722000+00:00,router_input_pkts_total,physical_remote,1-112,remote,657.0,2.313,284.0466926070039
2025-10-15T19:36:44.722000+00:00,router_output_bytes_total,->1,1-112,unknown,0.0,2.313,0.0
2025-10-15T19:36:44.722000+00:00,router_output_bytes_total,->2,1-112,unknown,0.0,2.313,0.0
2025-10-15T19:36:44.722000+00:00,router_output_bytes_total,->3,1-112,unknown,0.0,2.313,0.0
2025-10-15T19:36:44.722000+00:00,router_output_bytes_total,->4,1-112,unknown,0.0,2.313,0.0
2025-10-15T19:36:44.722000+00:00,router_output_bytes_total,->6,1-112,unknown,0.0,2.313,0.0
2025-10-15T19:36:44.722000+00:00,router_output_bytes_total,->7,1-112,unknown,0.0,2.313,0.0
2025-10-15T19:36:44.722000+00:00,router_output_bytes_total,5,1-112,1-113,375387.0,2.313,162294.42282749675
2025-10-15T19:36:44.722000+00:00,router_output_bytes_total,internal,1-112,1-112,166360.0,2.313,71923.9083441418
2025-10-15T19:36:44.722000+00:00,router_output_bytes_total,physical_local,1-112,local,166360.0,2.313,71923.9083441418
2025-10-15T19:36:44.722000+00:00,router_output_bytes_total,physical_remote,1-112,remote,375387.0,2.313,162294.42282749675
2025-10-15T19:36:44.722000+00:00,router_output_pkts_total,->1,1-112,unknown,0.0,2.313,0.0
2025-10-15T19:36:44.722000+00:00,router_output_pkts_total,->2,1-112,unknown,0.0,2.313,0.0
2025-10-15T19:36:44.722000+00:00,router_output_pkts_total,->3,1-112,unknown,0.0,2.313,0.0
2025-10-15T19:36:44.722000+00:00,router_output_pkts_total,->4,1-112,unknown,0.0,2.313,0.0
2025-10-15T19:36:44.722000+00:00,router_output_pkts_total,->6,1-112,unknown,0.0,2.313,0.0
2025-10-15T19:36:44.722000+00:00,router_output_pkts_total,->7,1-112,unknown,0.0,2.313,0.0
2025-10-15T19:36:44.722000+00:00,router_output_pkts_total,5,1-112,1-113,705.0,2.313,304.798962386511
2025-10-15T19:36:44.722000+00:00,router_output_pkts_total,internal,1-112,1-112,560.0,2.313,242.10981409424988
2025-10-15T19:36:44.722000+00:00,router_output_pkts_total,physical_local,1-112,local,560.0,2.313,242.10981409424988
2025-10-15T19:36:44.722000+00:00,router_output_pkts_total,physical_remote,1-112,remote,705.0,2.313,304.798962386511
2025-10-15T19:36:46.635000+00:00,router_dropped_pkts_total,->1,1-112,unknown,0.0,1.913,0.0
2025-10-15T19:36:46.635000+00:00,router_dropped_pkts_total,->2,1-112,unknown,0.0,1.913,0.0
2025-10-15T19:36:46.635000+00:00,router_dropped_pkts_total,->3,1-112,unknown,0.0,1.913,0.0
2025-10-15T19:36:46.635000+00:00,router_dropped_pkts_total,->4,1-112,unknown,0.0,1.913,0.0
2025-10-15T19:36:46.635000+00:00,router_dropped_pkts_total,->6,1-112,unknown,0.0,1.913,0.0
2025-10-15T19:36:46.635000+00:00,router_dropped_pkts_total,->7,1-112,unknown,0.0,1.913,0.0
2025-10-15T19:36:46.635000+00:00,router_dropped_pkts_total,5,1-112,1-113,0.0,1.913,0.0
2025-10-15T19:36:46.635000+00:00,router_dropped_pkts_total,internal,1-112,1-112,0.0,1.913,0.0
2025-10-15T19:36:46.635000+00:00,router_dropped_pkts_total,physical_local,1-112,local,0.0,1.913,0.0
2025-10-15T19:36:46.635000+00:00,router_dropped_pkts_total,physical_remote,1-112,remote,0.0,1.913,0.0
2025-10-15T19:36:46.635000+00:00,router_input_bytes_total,->1,1-112,unknown,0.0,1.913,0.0
2025-10-15T19:36:46.635000+00:00,router_input_bytes_total,->2,1-112,unknown,0.0,1.913,0.0
2025-10-15T19:36:46.635000+00:00,router_input_bytes_total,->3,1-112,unknown,0.0,1.913,0.0
2025-10-15T19:36:46.635000+00:00,router_input_bytes_total,->4,1-112,unknown,0.0,1.913,0.0
2025-10-15T19:36:46.635000+00:00,router_input_bytes_total,->6,1-112,unknown,0.0,1.913,0.0
2025-10-15T19:36:46.635000+00:00,router_input_bytes_total,->7,1-112,unknown,0.0,1.913,0.0
2025-10-15T19:36:46.635000+00:00,router_input_bytes_total,5,1-112,1-113,130799.0,1.913,68373.75849451123
2025-10-15T19:36:46.635000+00:00,router_input_bytes_total,internal,1-112,1-112,260904.0,1.913,136384.73601672766
2025-10-15T19:36:46.635000+00:00,router_input_bytes_total,physical_local,1-112,local,260904.0,1.913,136384.73601672766
2025-10-15T19:36:46.635000+00:00,router_input_bytes_total,physical_remote,1-112,remote,130799.0,1.913,68373.75849451123
2025-10-15T19:36:46.635000+00:00,router_input_pkts_total,->1,1-112,unknown,0.0,1.913,0.0
2025-10-15T19:36:46.635000+00:00,router_input_pkts_total,->2,1-112,unknown,0.0,1.913,0.0
2025-10-15T19:36:46.635000+00:00,router_input_pkts_total,->3,1-112,unknown,0.0,1.913,0.0
2025-10-15T19:36:46.635000+00:00,router_input_pkts_total,->4,1-112,unknown,0.0,1.913,0.0
2025-10-15T19:36:46.635000+00:00,router_input_pkts_total,->6,1-112,unknown,0.0,1.913,0.0
2025-10-15T19:36:46.635000+00:00,router_input_pkts_total,->7,1-112,unknown,0.0,1.913,0.0
2025-10-15T19:36:46.635000+00:00,router_input_pkts_total,5,1-112,1-113,431.0,1.913,225.30057501306848
2025-10-15T19:36:46.635000+00:00,router_input_pkts_total,internal,1-112,1-112,407.0,1.913,212.75483533716675
2025-10-15T19:36:46.635000+00:00,router_input_pkts_total,physical_local,1-112,local,407.0,1.913,212.75483533716675
2025-10-15T19:36:46.635000+00:00,router_input_pkts_total,physical_remote,1-112,remote,431.0,1.913,225.30057501306848
2025-10-15T19:36:46.635000+00:00,router_output_bytes_total,->1,1-112,unknown,0.0,1.913,0.0
2025-10-15T19:36:46.635000+00:00,router_output_bytes_total,->2,1-112,unknown,0.0,1.913,0.0
2025-10-15T19:36:46.635000+00:00,router_output_bytes_total,->3,1-112,unknown,0.0,1.913,0.0
2025-10-15T19:36:46.635000+00:00,router_output_bytes_total,->4,1-112,unknown,0.0,1.913,0.0
2025-10-15T19:36:46.635000+00:00,router_output_bytes_total,->6,1-112,unknown,0.0,1.913,0.0
2025-10-15T19:36:46.635000+00:00,router_output_bytes_total,->7,1-112,unknown,0.0,1.913,0.0
2025-10-15T19:36:46.635000+00:00,router_output_bytes_total,5,1-112,1-113,267066.0,1.913,139605.85467851543
2025-10-15T19:36:46.635000+00:00,router_output_bytes_total,internal,1-112,1-112,122626.0,1.913,64101.41139571354
2025-10-15T19:36:46.635000+00:00,router_output_bytes_total,physical_local,1-112,local,122626.0,1.913,64101.41139571354
2025-10-15T19:36:46.635000+00:00,router_output_bytes_total,physical_remote,1-112,remote,267066.0,1.913,139605.85467851543
2025-10-15T19:36:46.635000+00:00,router_output_pkts_total,->1,1-112,unknown,0.0,1.913,0.0
2025-10-15T19:36:46.635000+00:00,router_output_pkts_total,->2,1-112,unknown,0.0,1.913,0.0
2025-10-15T19:36:46.635000+00:00,router_output_pkts_total,->3,1-112,unknown,0.0,1.913,0.0
2025-10-15T19:36:46.635000+00:00,router_output_pkts_total,->4,1-112,unknown,0.0,1.913,0.0
2025-10-15T19:36:46.635000+00:00,router_output_pkts_total,->6,1-112,unknown,0.0,1.913,0.0
2025-10-15T19:36:46.635000+00:00,router_output_pkts_total,->7,1-112,unknown,0.0,1.913,0.0
2025-10-15T19:36:46.635000+00:00,router_output_pkts_total,5,1-112,1-113,462.0,1.913,241.5054887611082
2025-10-15T19:36:46.635000+00:00,router_output_pkts_total,internal,1-112,1-112,394.0,1.913,205.95922634605333
2025-10-15T19:36:46.635000+00:00,router_output_pkts_total,physical_local,1-112,local,394.0,1.913,205.95922634605333
2025-10-15T19:36:46.635000+00:00,router_output_pkts_total,physical_remote,1-112,remote,462.0,1.913,241.5054887611082
2025-10-15T19:36:48.549000+00:00,router_dropped_pkts_total,->1,1-112,unknown,0.0,1.914,0.0
2025-10-15T19:36:48.549000+00:00,router_dropped_pkts_total,->2,1-112,unknown,0.0,1.914,0.0
2025-10-15T19:36:48.549000+00:00,router_dropped_pkts_total,->3,1-112,unknown,0.0,1.914,0.0
2025-10-15T19:36:48.549000+00:00,router_dropped_pkts_total,->4,1-112,unknown,0.0,1.914,0.0
2025-10-15T19:36:48.549000+00:00,router_dropped_pkts_total,->6,1-112,unknown,0.0,1.914,0.0
2025-10-15T19:36:48.549000+00:00,router_dropped_pkts_total,->7,1-112,unknown,0.0,1.914,0.0
2025-10-15T19:36:48.549000+00:00,router_dropped_pkts_total,5,1-112,1-113,0.0,1.914,0.0
2025-10-15T19:36:48.549000+00:00,router_dropped_pkts_total,internal,1-112,1-112,0.0,1.914,0.0
2025-10-15T19:36:48.549000+00:00,router_dropped_pkts_total,physical_local,1-112,local,0.0,1.914,0.0
2025-10-15T19:36:48.549000+00:00,router_dropped_pkts_total,physical_remote,1-112,remote,0.0,1.914,0.0
2025-10-15T19:36:48.549000+00:00,router_input_bytes_total,->1,1-112,unknown,0.0,1.914,0.0
2025-10-15T19:36:48.549000+00:00,router_input_bytes_total,->2,1-112,unknown,0.0,1.914,0.0
2025-10-15T19:36:48.549000+00:00,router_input_bytes_total,->3,1-112,unknown,0.0,1.914,0.0
2025-10-15T19:36:48.549000+00:00,router_input_bytes_total,->4,1-112,unknown,0.0,1.914,0.0
2025-10-15T19:36:48.549000+00:00,router_input_bytes_total,->6,1-112,unknown,0.0,1.914,0.0
2025-10-15T19:36:48.549000+00:00,router_input_bytes_total,->7,1-112,unknown,0.0,1.914,0.0
2025-10-15T19:36:48.549000+00:00,router_input_bytes_total,5,1-112,1-113,120705.0,1.914,63064.26332288401
2025-10-15T19:36:48.549000+00:00,router_input_bytes_total,internal,1-112,1-112,259334.0,1.914,135493.20794148382
2025-10-15T19:36:48.549000+00:00,router_input_bytes_total,physical_local,1-112,local,259334.0,1.914,135493.20794148382
2025-10-15T19:36:48.549000+00:00,router_input_bytes_total,physical_remote,1-112,remote,120705.0,1.914,63064.26332288401
2025-10-15T19:36:48.549000+00:00,router_input_pkts_total,->1,1-112,unknown,0.0,1.914,0.0
2025-10-15T19:36:48.549000+00:00,router_input_pkts_total,->2,1-112,unknown,0.0,1.914,0.0
2025-10-15T19:36:48.549000+00:00,router_input_pkts_total,->3,1-112,unknown,0.0,1.914,0.0
2025-10-15T19:36:48.549000+00:00,router_input_pkts_total,->4,1-112,unknown,0.0,1.914,0.0
2025-10-15T19:36:48.549000+00:00,router_input_pkts_total,->6,1-112,unknown,0.0,1.914,0.0
2025-10-15T19:36:48.549000+00:00,router_input_pkts_total,->7,1-112,unknown,0.0,1.914,0.0
2025-10-15T19:36:48.549000+00:00,router_input_pkts_total,5,1-112,1-113,441.0,1.914,230.4075235109718
2025-10-15T19:36:48.549000+00:00,router_input_pkts_total,internal,1-112,1-112,437.0,1.914,228.31765935214213
2025-10-15T19:36:48.549000+00:00,router_input_pkts_total,physical_local,1-112,local,437.0,1.914,228.31765935214213
2025-10-15T19:36:48.549000+00:00,router_input_pkts_total,physical_remote,1-112,remote,441.0,1.914,230.4075235109718
2025-10-15T19:36:48.549000+00:00,router_output_bytes_total,->1,1-112,unknown,0.0,1.914,0.0
2025-10-15T19:36:48.549000+00:00,router_output_bytes_total,->2,1-112,unknown,0.0,1.914,0.0
2025-10-15T19:36:48.549000+00:00,router_output_bytes_total,->3,1-112,unknown,0.0,1.914,0.0
2025-10-15T19:36:48.549000+00:00,router_output_bytes_total,->4,1-112,unknown,0.0,1.914,0.0
2025-10-15T19:36:48.549000+00:00,router_output_bytes_total,->6,1-112,unknown,0.0,1.914,0.0
2025-10-15T19:36:48.549000+00:00,router_output_bytes_total,->7,1-112,unknown,0.0,1.914,0.0
2025-10-15T19:36:48.549000+00:00,router_output_bytes_total,5,1-112,1-113,263364.0,1.914,137598.7460815047
2025-10-15T19:36:48.549000+00:00,router_output_bytes_total,internal,1-112,1-112,116869.0,1.914,61060.08359456636
2025-10-15T19:36:48.549000+00:00,router_output_bytes_total,physical_local,1-112,local,116869.0,1.914,61060.08359456636
2025-10-15T19:36:48.549000+00:00,router_output_bytes_total,physical_remote,1-112,remote,263364.0,1.914,137598.7460815047
2025-10-15T19:36:48.549000+00:00,router_output_pkts_total,->1,1-112,unknown,0.0,1.914,0.0
2025-10-15T19:36:48.549000+00:00,router_output_pkts_total,->2,1-112,unknown,0.0,1.914,0.0
2025-10-15T19:36:48.549000+00:00,router_output_pkts_total,->3,1-112,unknown,0.0,1.914,0.0
2025-10-15T19:36:48.549000+00:00,router_output_pkts_total,->4,1-112,unknown,0.0,1.914,0.0
2025-10-15T19:36:48.549000+00:00,router_output_pkts_total,->6,1-112,unknown,0.0,1.914,0.0
2025-10-15T19:36:48.549000+00:00,router_output_pkts_total,->7,1-112,unknown,0.0,1.914,0.0
2025-10-15T19:36:48.549000+00:00,router_output_pkts_total,5,1-112,1-113,484.0,1.914,252.8735632183908
2025-10-15T19:36:48.549000+00:00,router_output_pkts_total,internal,1-112,1-112,395.0,1.914,206.37408568443053
2025-10-15T19:36:48.549000+00:00,router_output_pkts_total,physical_local,1-112,local,395.0,1.914,206.37408568443053
2025-10-15T19:36:48.549000+00:00,router_output_pkts_total,physical_remote,1-112,remote,484.0,1.914,252.8735632183908
2025-10-15T19:36:50.335000+00:00,router_dropped_pkts_total,->1,1-112,unknown,0.0,1.786,0.0
2025-10-15T19:36:50.335000+00:00,router_dropped_pkts_total,->2,1-112,unknown,0.0,1.786,0.0
2025-10-15T19:36:50.335000+00:00,router_dropped_pkts_total,->3,1-112,unknown,0.0,1.786,0.0
2025-10-15T19:36:50.335000+00:00,router_dropped_pkts_total,->4,1-112,unknown,0.0,1.786,0.0
2025-10-15T19:36:50.335000+00:00,router_dropped_pkts_total,->6,1-112,unknown,0.0,1.786,0.0
2025-10-15T19:36:50.335000+00:00,router_dropped_pkts_total,->7,1-112,unknown,0.0,1.786,0.0
2025-10-15T19:36:50.335000+00:00,router_dropped_pkts_total,5,1-112,1-113,0.0,1.786,0.0
2025-10-15T19:36:50.335000+00:00,router_dropped_pkts_total,internal,1-112,1-112,0.0,1.786,0.0
2025-10-15T19:36:50.335000+00:00,router_dropped_pkts_total,physical_local,1-112,local,0.0,1.786,0.0
2025-10-15T19:36:50.335000+00:00,router_dropped_pkts_total,physical_remote,1-112,remote,0.0,1.786,0.0
2025-10-15T19:36:50.335000+00:00,router_input_bytes_total,->1,1-112,unknown,0.0,1.786,0.0
2025-10-15T19:36:50.335000+00:00,router_input_bytes_total,->2,1-112,unknown,0.0,1.786,0.0
2025-10-15T19:36:50.335000+00:00,router_input_bytes_total,->3,1-112,unknown,0.0,1.786,0.0
2025-10-15T19:36:50.335000+00:00,router_input_bytes_total,->4,1-112,unknown,0.0,1.786,0.0
2025-10-15T19:36:50.335000+00:00,router_input_bytes_total,->6,1-112,unknown,0.0,1.786,0.0
2025-10-15T19:36:50.335000+00:00,router_input_bytes_total,->7,1-112,unknown,0.0,1.786,0.0
2025-10-15T19:36:50.335000+00:00,router_input_bytes_total,5,1-112,1-113,119784.0,1.786,67068.30907054871
2025-10-15T19:36:50.335000+00:00,router_input_bytes_total,internal,1-112,1-112,251761.0,1.786,140963.6058230683
2025-10-15T19:36:50.335000+00:00,router_input_bytes_total,physical_local,1-112,local,251761.0,1.786,140963.6058230683
2025-10-15T19:36:50.335000+00:00,router_input_bytes_total,physical_remote,1-112,remote,119784.0,1.786,67068.30907054871
2025-10-15T19:36:50.335000+00:00,router_input_pkts_total,->1,1-112,unknown,0.0,1.786,0.0
2025-10-15T19:36:50.335000+00:00,router_input_pkts_total,->2,1-112,unknown,0.0,1.786,0.0
2025-10-15T19:36:50.335000+00:00,router_input_pkts_total,->3,1-112,unknown,0.0,1.786,0.0
2025-10-15T19:36:50.335000+00:00,router_input_pkts_total,->4,1-112,unknown,0.0,1.786,0.0
2025-10-15T19:36:50.335000+00:00,router_input_pkts_total,->6,1-112,unknown,0.0,1.786,0.0
2025-10-15T19:36:50.335000+00:00,router_input_pkts_total,->7,1-112,unknown,0.0,1.786,0.0
2025-10-15T19:36:50.335000+00:00,router_input_pkts_total,5,1-112,1-113,442.0,1.786,247.4804031354983
2025-10-15T19:36:50.335000+00:00,router_input_pkts_total,internal,1-112,1-112,407.0,1.786,227.88353863381857
2025-10-15T19:36:50.335000+00:00,router_input_pkts_total,physical_local,1-112,local,407.0,1.786,227.88353863381857
2025-10-15T19:36:50.335000+00:00,router_input_pkts_total,physical_remote,1-112,remote,442.0,1.786,247.4804031354983
2025-10-15T19:36:50.335000+00:00,router_output_bytes_total,->1,1-112,unknown,0.0,1.786,0.0
2025-10-15T19:36:50.335000+00:00,router_output_bytes_total,->2,1-112,unknown,0.0,1.786,0.0
2025-10-15T19:36:50.335000+00:00,router_output_bytes_total,->3,1-112,unknown,0.0,1.786,0.0
2025-10-15T19:36:50.335000+00:00,router_output_bytes_total,->4,1-112,unknown,0.0,1.786,0.0
2025-10-15T19:36:50.335000+00:00,router_output_bytes_total,->6,1-112,unknown,0.0,1.786,0.0
2025-10-15T19:36:50.335000+00:00,router_output_bytes_total,->7,1-112,unknown,0.0,1.786,0.0
2025-10-15T19:36:50.335000+00:00,router_output_bytes_total,5,1-112,1-113,258481.0,1.786,144726.20380739082
2025-10-15T19:36:50.335000+00:00,router_output_bytes_total,internal,1-112,1-112,113304.0,1.786,63440.08958566629
2025-10-15T19:36:50.335000+00:00,router_output_bytes_total,physical_local,1-112,local,113304.0,1.786,63440.08958566629
2025-10-15T19:36:50.335000+00:00,router_output_bytes_total,physical_remote,1-112,remote,258481.0,1.786,144726.20380739082
2025-10-15T19:36:50.335000+00:00,router_output_pkts_total,->1,1-112,unknown,0.0,1.786,0.0
2025-10-15T19:36:50.335000+00:00,router_output_pkts_total,->2,1-112,unknown,0.0,1.786,0.0
2025-10-15T19:36:50.335000+00:00,router_output_pkts_total,->3,1-112,unknown,0.0,1.786,0.0
2025-10-15T19:36:50.335000+00:00,router_output_pkts_total,->4,1-112,unknown,0.0,1.786,0.0
2025-10-15T19:36:50.335000+00:00,router_output_pkts_total,->6,1-112,unknown,0.0,1.786,0.0
2025-10-15T19:36:50.335000+00:00,router_output_pkts_total,->7,1-112,unknown,0.0,1.786,0.0
2025-10-15T19:36:50.335000+00:00,router_output_pkts_total,5,1-112,1-113,468.0,1.786,262.0380739081747
2025-10-15T19:36:50.335000+00:00,router_output_pkts_total,internal,1-112,1-112,383.0,1.786,214.44568868980963
2025-10-15T19:36:50.335000+00:00,router_output_pkts_total,physical_local,1-112,local,383.0,1.786,214.44568868980963
2025-10-15T19:36:50.335000+00:00,router_output_pkts_total,physical_remote,1-112,remote,468.0,1.786,262.0380739081747
2025-10-15T19:36:52.186000+00:00,router_dropped_pkts_total,->1,1-112,unknown,0.0,1.851,0.0
2025-10-15T19:36:52.186000+00:00,router_dropped_pkts_total,->2,1-112,unknown,0.0,1.851,0.0
2025-10-15T19:36:52.186000+00:00,router_dropped_pkts_total,->3,1-112,unknown,0.0,1.851,0.0
2025-10-15T19:36:52.186000+00:00,router_dropped_pkts_total,->4,1-112,unknown,0.0,1.851,0.0
2025-10-15T19:36:52.186000+00:00,router_dropped_pkts_total,->6,1-112,unknown,0.0,1.851,0.0
2025-10-15T19:36:52.186000+00:00,router_dropped_pkts_total,->7,1-112,unknown,0.0,1.851,0.0
2025-10-15T19:36:52.186000+00:00,router_dropped_pkts_total,5,1-112,1-113,0.0,1.851,0.0
2025-10-15T19:36:52.186000+00:00,router_dropped_pkts_total,internal,1-112,1-112,0.0,1.851,0.0
2025-10-15T19:36:52.186000+00:00,router_dropped_pkts_total,physical_local,1-112,local,0.0,1.851,0.0
2025-10-15T19:36:52.186000+00:00,router_dropped_pkts_total,physical_remote,1-112,remote,0.0,1.851,0.0
2025-10-15T19:36:52.186000+00:00,router_input_bytes_total,->1,1-112,unknown,0.0,1.851,0.0
2025-10-15T19:36:52.186000+00:00,router_input_bytes_total,->2,1-112,unknown,0.0,1.851,0.0
2025-10-15T19:36:52.186000+00:00,router_input_bytes_total,->3,1-112,unknown,0.0,1.851,0.0
2025-10-15T19:36:52.186000+00:00,router_input_bytes_total,->4,1-112,unknown,0.0,1.851,0.0
2025-10-15T19:36:52.186000+00:00,router_input_bytes_total,->6,1-112,unknown,0.0,1.851,0.0
2025-10-15T19:36:52.186000+00:00,router_input_bytes_total,->7,1-112,unknown,0.0,1.851,0.0
2025-10-15T19:36:52.186000+00:00,router_input_bytes_total,5,1-112,1-113,139085.0,1.851,75140.46461372232
2025-10-15T19:36:52.186000+00:00,router_input_bytes_total,internal,1-112,1-112,274211.0,1.851,148142.08535926527
2025-10-15T19:36:52.186000+00:00,router_input_bytes_total,physical_local,1-112,local,274211.0,1.851,148142.08535926527
2025-10-15T19:36:52.186000+00:00,router_input_bytes_total,physical_remote,1-112,remote,139085.0,1.851,75140.46461372232
2025-10-15T19:36:52.186000+00:00,router_input_pkts_total,->1,1-112,unknown,0.0,1.851,0.0
2025-10-15T19:36:52.186000+00:00,router_input_pkts_total,->2,1-112,unknown,0.0,1.851,0.0
2025-10-15T19:36:52.186000+00:00,router_input_pkts_total,->3,1-112,unknown,0.0,1.851,0.0
2025-10-15T19:36:52.186000+00:00,router_input_pkts_total,->4,1-112,unknown,0.0,1.851,0.0
2025-10-15T19:36:52.186000+00:00,router_input_pkts_total,->6,1-112,unknown,0.0,1.851,0.0
2025-10-15T19:36:52.186000+00:00,router_input_pkts_total,->7,1-112,unknown,0.0,1.851,0.0
2025-10-15T19:36:52.186000+00:00,router_input_pkts_total,5,1-112,1-113,497.0,1.851,268.5035116153431
2025-10-15T19:36:52.186000+00:00,router_input_pkts_total,internal,1-112,1-112,463.0,1.851,250.13506212857914
2025-10-15T19:36:52.186000+00:00,router_input_pkts_total,physical_local,1-112,local,463.0,1.851,250.13506212857914
2025-10-15T19:36:52.186000+00:00,router_input_pkts_total,physical_remote,1-112,remote,497.0,1.851,268.5035116153431
2025-10-15T19:36:52.186000+00:00,router_output_bytes_total,->1,1-112,unknown,0.0,1.851,0.0
2025-10-15T19:36:52.186000+00:00,router_output_bytes_total,->2,1-112,unknown,0.0,1.851,0.0
2025-10-15T19:36:52.186000+00:00,router_output_bytes_total,->3,1-112,unknown,0.0,1.851,0.0
2025-10-15T19:36:52.186000+00:00,router_output_bytes_total,->4,1-112,unknown,0.0,1.851,0.0
2025-10-15T19:36:52.186000+00:00,router_output_bytes_total,->6,1-112,unknown,0.0,1.851,0.0
2025-10-15T19:36:52.186000+00:00,router_output_bytes_total,->7,1-112,unknown,0.0,1.851,0.0
2025-10-15T19:36:52.186000+00:00,router_output_bytes_total,5,1-112,1-113,280931.0,1.851,151772.55537547273
2025-10-15T19:36:52.186000+00:00,router_output_bytes_total,internal,1-112,1-112,132605.0,1.851,71639.65424095084
2025-10-15T19:36:52.186000+00:00,router_output_bytes_total,physical_local,1-112,local,132605.0,1.851,71639.65424095084
2025-10-15T19:36:52.186000+00:00,router_output_bytes_total,physical_remote,1-112,remote,280931.0,1.851,151772.55537547273
2025-10-15T19:36:52.186000+00:00,router_output_pkts_total,->1,1-112,unknown,0.0,1.851,0.0
2025-10-15T19:36:52.186000+00:00,router_output_pkts_total,->2,1-112,unknown,0.0,1.851,0.0
2025-10-15T19:36:52.186000+00:00,router_output_pkts_total,->3,1-112,unknown,0.0,1.851,0.0
2025-10-15T19:36:52.186000+00:00,router_output_pkts_total,->4,1-112,unknown,0.0,1.851,0.0
2025-10-15T19:36:52.186000+00:00,router_output_pkts_total,->6,1-112,unknown,0.0,1.851,0.0
2025-10-15T19:36:52.186000+00:00,router_output_pkts_total,->7,1-112,unknown,0.0,1.851,0.0
2025-10-15T19:36:52.186000+00:00,router_output_pkts_total,5,1-112,1-113,523.0,1.851,282.5499729875743
2025-10-15T19:36:52.186000+00:00,router_output_pkts_total,internal,1-112,1-112,437.0,1.851,236.08860075634792
2025-10-15T19:36:52.186000+00:00,router_output_pkts_total,physical_local,1-112,local,437.0,1.851,236.08860075634792
2025-10-15T19:36:52.186000+00:00,router_output_pkts_total,physical_remote,1-112,remote,523.0,1.851,282.5499729875743
2025-10-15T19:36:53.953000+00:00,router_dropped_pkts_total,->1,1-112,unknown,0.0,1.767,0.0
2025-10-15T19:36:53.953000+00:00,router_dropped_pkts_total,->2,1-112,unknown,0.0,1.767,0.0
2025-10-15T19:36:53.953000+00:00,router_dropped_pkts_total,->3,1-112,unknown,0.0,1.767,0.0
2025-10-15T19:36:53.953000+00:00,router_dropped_pkts_total,->4,1-112,unknown,0.0,1.767,0.0
2025-10-15T19:36:53.953000+00:00,router_dropped_pkts_total,->6,1-112,unknown,0.0,1.767,0.0
2025-10-15T19:36:53.953000+00:00,router_dropped_pkts_total,->7,1-112,unknown,0.0,1.767,0.0
2025-10-15T19:36:53.953000+00:00,router_dropped_pkts_total,5,1-112,1-113,0.0,1.767,0.0
2025-10-15T19:36:53.953000+00:00,router_dropped_pkts_total,internal,1-112,1-112,0.0,1.767,0.0
2025-10-15T19:36:53.953000+00:00,router_dropped_pkts_total,physical_local,1-112,local,0.0,1.767,0.0
2025-10-15T19:36:53.953000+00:00,router_dropped_pkts_total,physical_remote,1-112,remote,0.0,1.767,0.0
2025-10-15T19:36:53.953000+00:00,router_input_bytes_total,->1,1-112,unknown,0.0,1.767,0.0
2025-10-15T19:36:53.953000+00:00,router_input_bytes_total,->2,1-112,unknown,0.0,1.767,0.0
2025-10-15T19:36:53.953000+00:00,router_input_bytes_total,->3,1-112,unknown,0.0,1.767,0.0
2025-10-15T19:36:53.953000+00:00,router_input_bytes_total,->4,1-112,unknown,0.0,1.767,0.0
2025-10-15T19:36:53.953000+00:00,router_input_bytes_total,->6,1-112,unknown,0.0,1.767,0.0
2025-10-15T19:36:53.953000+00:00,router_input_bytes_total,->7,1-112,unknown,0.0,1.767,0.0
2025-10-15T19:36:53.953000+00:00,router_input_bytes_total,5,1-112,1-113,130093.0,1.767,73623.6559139785
2025-10-15T19:36:53.953000+00:00,router_input_bytes_total,internal,1-112,1-112,272952.0,1.767,154471.98641765706
2025-10-15T19:36:53.953000+00:00,router_input_bytes_total,physical_local,1-112,local,272952.0,1.767,154471.98641765706
2025-10-15T19:36:53.953000+00:00,router_input_bytes_total,physical_remote,1-112,remote,130093.0,1.767,73623.6559139785
2025-10-15T19:36:53.953000+00:00,router_input_pkts_total,->1,1-112,unknown,0.0,1.767,0.0
2025-10-15T19:36:53.953000+00:00,router_input_pkts_total,->2,1-112,unknown,0.0,1.767,0.0
2025-10-15T19:36:53.953000+00:00,router_input_pkts_total,->3,1-112,unknown,0.0,1.767,0.0
2025-10-15T19:36:53.953000+00:00,router_input_pkts_total,->4,1-112,unknown,0.0,1.767,0.0
2025-10-15T19:36:53.953000+00:00,router_input_pkts_total,->6,1-112,unknown,0.0,1.767,0.0
2025-10-15T19:36:53.953000+00:00,router_input_pkts_total,->7,1-112,unknown,0.0,1.767,0.0
2025-10-15T19:36:53.953000+00:00,router_input_pkts_total,5,1-112,1-113,487.0,1.767,275.6083757781551
2025-10-15T19:36:53.953000+00:00,router_input_pkts_total,internal,1-112,1-112,461.0,1.767,260.8941709111489
2025-10-15T19:36:53.953000+00:00,router_input_pkts_total,physical_local,1-112,local,461.0,1.767,260.8941709111489
2025-10-15T19:36:53.953000+00:00,router_input_pkts_total,physical_remote,1-112,remote,487.0,1.767,275.6083757781551
2025-10-15T19:36:53.953000+00:00,router_output_bytes_total,->1,1-112,unknown,0.0,1.767,0.0
2025-10-15T19:36:53.953000+00:00,router_output_bytes_total,->2,1-112,unknown,0.0,1.767,0.0
2025-10-15T19:36:53.953000+00:00,router_output_bytes_total,->3,1-112,unknown,0.0,1.767,0.0
2025-10-15T19:36:53.953000+00:00,router_output_bytes_total,->4,1-112,unknown,0.0,1.767,0.0
2025-10-15T19:36:53.953000+00:00,router_output_bytes_total,->6,1-112,unknown,0.0,1.767,0.0
2025-10-15T19:36:53.953000+00:00,router_output_bytes_total,->7,1-112,unknown,0.0,1.767,0.0
2025-10-15T19:36:53.953000+00:00,router_output_bytes_total,5,1-112,1-113,279672.0,1.767,158275.04244482174
2025-10-15T19:36:53.953000+00:00,router_output_bytes_total,internal,1-112,1-112,123613.0,1.767,69956.4233163554
2025-10-15T19:36:53.953000+00:00,router_output_bytes_total,physical_local,1-112,local,123613.0,1.767,69956.4233163554
2025-10-15T19:36:53.953000+00:00,router_output_bytes_total,physical_remote,1-112,remote,279672.0,1.767,158275.04244482174
2025-10-15T19:36:53.953000+00:00,router_output_pkts_total,->1,1-112,unknown,0.0,1.767,0.0
2025-10-15T19:36:53.953000+00:00,router_output_pkts_total,->2,1-112,unknown,0.0,1.767,0.0
2025-10-15T19:36:53.953000+00:00,router_output_pkts_total,->3,1-112,unknown,0.0,1.767,0.0
2025-10-15T19:36:53.953000+00:00,router_output_pkts_total,->4,1-112,unknown,0.0,1.767,0.0
2025-10-15T19:36:53.953000+00:00,router_output_pkts_total,->6,1-112,unknown,0.0,1.767,0.0
2025-10-15T19:36:53.953000+00:00,router_output_pkts_total,->7,1-112,unknown,0.0,1.767,0.0
2025-10-15T19:36:53.953000+00:00,router_output_pkts_total,5,1-112,1-113,520.0,1.767,294.2840973401245
2025-10-15T19:36:53.953000+00:00,router_output_pkts_total,internal,1-112,1-112,427.0,1.767,241.6525183927561
2025-10-15T19:36:53.953000+00:00,router_output_pkts_total,physical_local,1-112,local,427.0,1.767,241.6525183927561
2025-10-15T19:36:53.953000+00:00,router_output_pkts_total,physical_remote,1-112,remote,520.0,1.767,294.2840973401245
2025-10-15T19:36:55.722000+00:00,router_dropped_pkts_total,->1,1-112,unknown,0.0,1.769,0.0
2025-10-15T19:36:55.722000+00:00,router_dropped_pkts_total,->2,1-112,unknown,0.0,1.769,0.0
2025-10-15T19:36:55.722000+00:00,router_dropped_pkts_total,->3,1-112,unknown,0.0,1.769,0.0
2025-10-15T19:36:55.722000+00:00,router_dropped_pkts_total,->4,1-112,unknown,0.0,1.769,0.0
2025-10-15T19:36:55.722000+00:00,router_dropped_pkts_total,->6,1-112,unknown,0.0,1.769,0.0
2025-10-15T19:36:55.722000+00:00,router_dropped_pkts_total,->7,1-112,unknown,0.0,1.769,0.0
2025-10-15T19:36:55.722000+00:00,router_dropped_pkts_total,5,1-112,1-113,0.0,1.769,0.0
2025-10-15T19:36:55.722000+00:00,router_dropped_pkts_total,internal,1-112,1-112,0.0,1.769,0.0
2025-10-15T19:36:55.722000+00:00,router_dropped_pkts_total,physical_local,1-112,local,0.0,1.769,0.0
2025-10-15T19:36:55.722000+00:00,router_dropped_pkts_total,physical_remote,1-112,remote,0.0,1.769,0.0
2025-10-15T19:36:55.722000+00:00,router_input_bytes_total,->1,1-112,unknown,0.0,1.769,0.0
2025-10-15T19:36:55.722000+00:00,router_input_bytes_total,->2,1-112,unknown,0.0,1.769,0.0
2025-10-15T19:36:55.722000+00:00,router_input_bytes_total,->3,1-112,unknown,0.0,1.769,0.0
2025-10-15T19:36:55.722000+00:00,router_input_bytes_total,->4,1-112,unknown,0.0,1.769,0.0
2025-10-15T19:36:55.722000+00:00,router_input_bytes_total,->6,1-112,unknown,0.0,1.769,0.0
2025-10-15T19:36:55.722000+00:00,router_input_bytes_total,->7,1-112,unknown,0.0,1.769,0.0
2025-10-15T19:36:55.722000+00:00,router_input_bytes_total,5,1-112,1-113,113321.0,1.769,64059.355568117586
2025-10-15T19:36:55.722000+00:00,router_input_bytes_total,internal,1-112,1-112,242144.0,1.769,136881.85415488976
2025-10-15T19:36:55.722000+00:00,router_input_bytes_total,physical_local,1-112,local,242144.0,1.769,136881.85415488976
2025-10-15T19:36:55.722000+00:00,router_input_bytes_total,physical_remote,1-112,remote,113321.0,1.769,64059.355568117586
2025-10-15T19:36:55.722000+00:00,router_input_pkts_total,->1,1-112,unknown,0.0,1.769,0.0
2025-10-15T19:36:55.722000+00:00,router_input_pkts_total,->2,1-112,unknown,0.0,1.769,0.0
2025-10-15T19:36:55.722000+00:00,router_input_pkts_total,->3,1-112,unknown,0.0,1.769,0.0
2025-10-15T19:36:55.722000+00:00,router_input_pkts_total,->4,1-112,unknown,0.0,1.769,0.0
2025-10-15T19:36:55.722000+00:00,router_input_pkts_total,->6,1-112,unknown,0.0,1.769,0.0
2025-10-15T19:36:55.722000+00:00,router_input_pkts_total,->7,1-112,unknown,0.0,1.769,0.0
2025-10-15T19:36:55.722000+00:00,router_input_pkts_total,5,1-112,1-113,396.0,1.769,223.8552854720181
2025-10-15T19:36:55.722000+00:00,router_input_pkts_total,internal,1-112,1-112,376.0,1.769,212.54946297343133
2025-10-15T19:36:55.722000+00:00,router_input_pkts_total,physical_local,1-112,local,376.0,1.769,212.54946297343133
2025-10-15T19:36:55.722000+00:00,router_input_pkts_total,physical_remote,1-112,remote,396.0,1.769,223.8552854720181
2025-10-15T19:36:55.722000+00:00,router_output_bytes_total,->1,1-112,unknown,0.0,1.769,0.0
2025-10-15T19:36:55.722000+00:00,router_output_bytes_total,->2,1-112,unknown,0.0,1.769,0.0
2025-10-15T19:36:55.722000+00:00,router_output_bytes_total,->3,1-112,unknown,0.0,1.769,0.0
2025-10-15T19:36:55.722000+00:00,router_output_bytes_total,->4,1-112,unknown,0.0,1.769,0.0
2025-10-15T19:36:55.722000+00:00,router_output_bytes_total,->6,1-112,unknown,0.0,1.769,0.0
2025-10-15T19:36:55.722000+00:00,router_output_bytes_total,->7,1-112,unknown,0.0,1.769,0.0
2025-10-15T19:36:55.722000+00:00,router_output_bytes_total,5,1-112,1-113,246719.0,1.769,139468.0610514415
2025-10-15T19:36:55.722000+00:00,router_output_bytes_total,internal,1-112,1-112,108029.0,1.769,61067.83493499152
2025-10-15T19:36:55.722000+00:00,router_output_bytes_total,physical_local,1-112,local,108029.0,1.769,61067.83493499152
2025-10-15T19:36:55.722000+00:00,router_output_bytes_total,physical_remote,1-112,remote,246719.0,1.769,139468.0610514415
2025-10-15T19:36:55.722000+00:00,router_output_pkts_total,->1,1-112,unknown,0.0,1.769,0.0
2025-10-15T19:36:55.722000+00:00,router_output_pkts_total,->2,1-112,unknown,0.0,1.769,0.0
2025-10-15T19:36:55.722000+00:00,router_output_pkts_total,->3,1-112,unknown,0.0,1.769,0.0
2025-10-15T19:36:55.722000+00:00,router_output_pkts_total,->4,1-112,unknown,0.0,1.769,0.0
2025-10-15T19:36:55.722000+00:00,router_output_pkts_total,->6,1-112,unknown,0.0,1.769,0.0
2025-10-15T19:36:55.722000+00:00,router_output_pkts_total,->7,1-112,unknown,0.0,1.769,0.0
2025-10-15T19:36:55.722000+00:00,router_output_pkts_total,5,1-112,1-113,418.0,1.769,236.29169022046355
2025-10-15T19:36:55.722000+00:00,router_output_pkts_total,internal,1-112,1-112,347.0,1.769,196.1560203504805
2025-10-15T19:36:55.722000+00:00,router_output_pkts_total,physical_local,1-112,local,347.0,1.769,196.1560203504805
2025-10-15T19:36:55.722000+00:00,router_output_pkts_total,physical_remote,1-112,remote,418.0,1.769,236.29169022046355
2025-10-15T19:36:57.567000+00:00,router_dropped_pkts_total,->1,1-112,unknown,0.0,1.845,0.0
2025-10-15T19:36:57.567000+00:00,router_dropped_pkts_total,->2,1-112,unknown,0.0,1.845,0.0
2025-10-15T19:36:57.567000+00:00,router_dropped_pkts_total,->3,1-112,unknown,0.0,1.845,0.0
2025-10-15T19:36:57.567000+00:00,router_dropped_pkts_total,->4,1-112,unknown,0.0,1.845,0.0
2025-10-15T19:36:57.567000+00:00,router_dropped_pkts_total,->6,1-112,unknown,0.0,1.845,0.0
2025-10-15T19:36:57.567000+00:00,router_dropped_pkts_total,->7,1-112,unknown,0.0,1.845,0.0
2025-10-15T19:36:57.567000+00:00,router_dropped_pkts_total,5,1-112,1-113,0.0,1.845,0.0
2025-10-15T19:36:57.567000+00:00,router_dropped_pkts_total,internal,1-112,1-112,0.0,1.845,0.0
2025-10-15T19:36:57.567000+00:00,router_dropped_pkts_total,physical_local,1-112,local,0.0,1.845,0.0
2025-10-15T19:36:57.567000+00:00,router_dropped_pkts_total,physical_remote,1-112,remote,0.0,1.845,0.0
2025-10-15T19:36:57.567000+00:00,router_input_bytes_total,->1,1-112,unknown,0.0,1.845,0.0
2025-10-15T19:36:57.567000+00:00,router_input_bytes_total,->2,1-112,unknown,0.0,1.845,0.0
2025-10-15T19:36:57.567000+00:00,router_input_bytes_total,->3,1-112,unknown,0.0,1.845,0.0
2025-10-15T19:36:57.567000+00:00,router_input_bytes_total,->4,1-112,unknown,0.0,1.845,0.0
2025-10-15T19:36:57.567000+00:00,router_input_bytes_total,->6,1-112,unknown,0.0,1.845,0.0
2025-10-15T19:36:57.567000+00:00,router_input_bytes_total,->7,1-112,unknown,0.0,1.845,0.0
2025-10-15T19:36:57.567000+00:00,router_input_bytes_total,5,1-112,1-113,127109.0,1.845,68893.76693766938
2025-10-15T19:36:57.567000+00:00,router_input_bytes_total,internal,1-112,1-112,252698.0,1.845,136963.68563685636
2025-10-15T19:36:57.567000+00:00,router_input_bytes_total,physical_local,1-112,local,252698.0,1.845,136963.68563685636
2025-10-15T19:36:57.567000+00:00,router_input_bytes_total,physical_remote,1-112,remote,127109.0,1.845,68893.76693766938
2025-10-15T19:36:57.567000+00:00,router_input_pkts_total,->1,1-112,unknown,0.0,1.845,0.0
2025-10-15T19:36:57.567000+00:00,router_input_pkts_total,->2,1-112,unknown,0.0,1.845,0.0
2025-10-15T19:36:57.567000+00:00,router_input_pkts_total,->3,1-112,unknown,0.0,1.845,0.0
2025-10-15T19:36:57.567000+00:00,router_input_pkts_total,->4,1-112,unknown,0.0,1.845,0.0
2025-10-15T19:36:57.567000+00:00,router_input_pkts_total,->6,1-112,unknown,0.0,1.845,0.0
2025-10-15T19:36:57.567000+00:00,router_input_pkts_total,->7,1-112,unknown,0.0,1.845,0.0
2025-10-15T19:36:57.567000+00:00,router_input_pkts_total,5,1-112,1-113,436.0,1.845,236.31436314363145
2025-10-15T19:36:57.567000+00:00,router_input_pkts_total,internal,1-112,1-112,397.0,1.845,215.17615176151762
2025-10-15T19:36:57.567000+00:00,router_input_pkts_total,physical_local,1-112,local,397.0,1.845,215.17615176151762
2025-10-15T19:36:57.567000+00:00,router_input_pkts_total,physical_remote,1-112,remote,436.0,1.845,236.31436314363145
2025-10-15T19:36:57.567000+00:00,router_output_bytes_total,->1,1-112,unknown,0.0,1.845,0.0
2025-10-15T19:36:57.567000+00:00,router_output_bytes_total,->2,1-112,unknown,0.0,1.845,0.0
2025-10-15T19:36:57.567000+00:00,router_output_bytes_total,->3,1-112,unknown,0.0,1.845,0.0
2025-10-15T19:36:57.567000+00:00,router_output_bytes_total,->4,1-112,unknown,0.0,1.845,0.0
2025-10-15T19:36:57.567000+00:00,router_output_bytes_total,->6,1-112,unknown,0.0,1.845,0.0
2025-10-15T19:36:57.567000+00:00,router_output_bytes_total,->7,1-112,unknown,0.0,1.845,0.0
2025-10-15T19:36:57.567000+00:00,router_output_bytes_total,5,1-112,1-113,258203.0,1.845,139947.42547425473
2025-10-15T19:36:57.567000+00:00,router_output_bytes_total,internal,1-112,1-112,122681.0,1.845,66493.76693766938
2025-10-15T19:36:57.567000+00:00,router_output_bytes_total,physical_local,1-112,local,122681.0,1.845,66493.76693766938
2025-10-15T19:36:57.567000+00:00,router_output_bytes_total,physical_remote,1-112,remote,258203.0,1.845,139947.42547425473
2025-10-15T19:36:57.567000+00:00,router_output_pkts_total,->1,1-112,unknown,0.0,1.845,0.0
2025-10-15T19:36:57.567000+00:00,router_output_pkts_total,->2,1-112,unknown,0.0,1.845,0.0
2025-10-15T19:36:57.567000+00:00,router_output_pkts_total,->3,1-112,unknown,0.0,1.845,0.0
2025-10-15T19:36:57.567000+00:00,router_output_pkts_total,->4,1-112,unknown,0.0,1.845,0.0
2025-10-15T19:36:57.567000+00:00,router_output_pkts_total,->6,1-112,unknown,0.0,1.845,0.0
2025-10-15T19:36:57.567000+00:00,router_output_pkts_total,->7,1-112,unknown,0.0,1.845,0.0
2025-10-15T19:36:57.567000+00:00,router_output_pkts_total,5,1-112,1-113,446.0,1.845,241.73441734417344
2025-10-15T19:36:57.567000+00:00,router_output_pkts_total,internal,1-112,1-112,395.0,1.845,214.09214092140923
2025-10-15T19:36:57.567000+00:00,router_output_pkts_total,physical_local,1-112,local,395.0,1.845,214.09214092140923
2025-10-15T19:36:57.567000+00:00,router_output_pkts_total,physical_remote,1-112,remote,446.0,1.845,241.73441734417344
2025-10-15T19:36:59.421000+00:00,router_dropped_pkts_total,->1,1-112,unknown,0.0,1.854,0.0
2025-10-15T19:36:59.421000+00:00,router_dropped_pkts_total,->2,1-112,unknown,0.0,1.854,0.0
2025-10-15T19:36:59.421000+00:00,router_dropped_pkts_total,->3,1-112,unknown,0.0,1.854,0.0
2025-10-15T19:36:59.421000+00:00,router_dropped_pkts_total,->4,1-112,unknown,0.0,1.854,0.0
2025-10-15T19:36:59.421000+00:00,router_dropped_pkts_total,->6,1-112,unknown,0.0,1.854,0.0
2025-10-15T19:36:59.421000+00:00,router_dropped_pkts_total,->7,1-112,unknown,0.0,1.854,0.0
2025-10-15T19:36:59.421000+00:00,router_dropped_pkts_total,5,1-112,1-113,0.0,1.854,0.0
2025-10-15T19:36:59.421000+00:00,router_dropped_pkts_total,internal,1-112,1-112,0.0,1.854,0.0
2025-10-15T19:36:59.421000+00:00,router_dropped_pkts_total,physical_local,1-112,local,0.0,1.854,0.0
2025-10-15T19:36:59.421000+00:00,router_dropped_pkts_total,physical_remote,1-112,remote,0.0,1.854,0.0
2025-10-15T19:36:59.421000+00:00,router_input_bytes_total,->1,1-112,unknown,0.0,1.854,0.0
2025-10-15T19:36:59.421000+00:00,router_input_bytes_total,->2,1-112,unknown,0.0,1.854,0.0
2025-10-15T19:36:59.421000+00:00,router_input_bytes_total,->3,1-112,unknown,0.0,1.854,0.0
2025-10-15T19:36:59.421000+00:00,router_input_bytes_total,->4,1-112,unknown,0.0,1.854,0.0
2025-10-15T19:36:59.421000+00:00,router_input_bytes_total,->6,1-112,unknown,0.0,1.854,0.0
2025-10-15T19:36:59.421000+00:00,router_input_bytes_total,->7,1-112,unknown,0.0,1.854,0.0
2025-10-15T19:36:59.421000+00:00,router_input_bytes_total,5,1-112,1-113,126253.0,1.854,68097.62675296655
2025-10-15T19:36:59.421000+00:00,router_input_bytes_total,internal,1-112,1-112,261107.0,1.854,140834.4120819849
2025-10-15T19:36:59.421000+00:00,router_input_bytes_total,physical_local,1-112,local,261107.0,1.854,140834.4120819849
2025-10-15T19:36:59.421000+00:00,router_input_bytes_total,physical_remote,1-112,remote,126253.0,1.854,68097.62675296655
2025-10-15T19:36:59.421000+00:00,router_input_pkts_total,->1,1-112,unknown,0.0,1.854,0.0
2025-10-15T19:36:59.421000+00:00,router_input_pkts_total,->2,1-112,unknown,0.0,1.854,0.0
2025-10-15T19:36:59.421000+00:00,router_input_pkts_total,->3,1-112,unknown,0.0,1.854,0.0
2025-10-15T19:36:59.421000+00:00,router_input_pkts_total,->4,1-112,unknown,0.0,1.854,0.0
2025-10-15T19:36:59.421000+00:00,router_input_pkts_total,->6,1-112,unknown,0.0,1.854,0.0
2025-10-15T19:36:59.421000+00:00,router_input_pkts_total,->7,1-112,unknown,0.0,1.854,0.0
2025-10-15T19:36:59.421000+00:00,router_input_pkts_total,5,1-112,1-113,481.0,1.854,259.4390507011866
2025-10-15T19:36:59.421000+00:00,router_input_pkts_total,internal,1-112,1-112,452.0,1.854,243.79719525350592
2025-10-15T19:36:59.421000+00:00,router_input_pkts_total,physical_local,1-112,local,452.0,1.854,243.79719525350592
2025-10-15T19:36:59.421000+00:00,router_input_pkts_total,physical_remote,1-112,remote,481.0,1.854,259.4390507011866
2025-10-15T19:36:59.421000+00:00,router_output_bytes_total,->1,1-112,unknown,0.0,1.854,0.0
2025-10-15T19:36:59.421000+00:00,router_output_bytes_total,->2,1-112,unknown,0.0,1.854,0.0
2025-10-15T19:36:59.421000+00:00,router_output_bytes_total,->3,1-112,unknown,0.0,1.854,0.0
2025-10-15T19:36:59.421000+00:00,router_output_bytes_total,->4,1-112,unknown,0.0,1.854,0.0
2025-10-15T19:36:59.421000+00:00,router_output_bytes_total,->6,1-112,unknown,0.0,1.854,0.0
2025-10-15T19:36:59.421000+00:00,router_output_bytes_total,->7,1-112,unknown,0.0,1.854,0.0
2025-10-15T19:36:59.421000+00:00,router_output_bytes_total,5,1-112,1-113,267827.0,1.854,144459.00755124056
2025-10-15T19:36:59.421000+00:00,router_output_bytes_total,internal,1-112,1-112,119773.0,1.854,64602.48112189859
2025-10-15T19:36:59.421000+00:00,router_output_bytes_total,physical_local,1-112,local,119773.0,1.854,64602.48112189859
2025-10-15T19:36:59.421000+00:00,router_output_bytes_total,physical_remote,1-112,remote,267827.0,1.854,144459.00755124056
2025-10-15T19:36:59.421000+00:00,router_output_pkts_total,->1,1-112,unknown,0.0,1.854,0.0
2025-10-15T19:36:59.421000+00:00,router_output_pkts_total,->2,1-112,unknown,0.0,1.854,0.0
2025-10-15T19:36:59.421000+00:00,router_output_pkts_total,->3,1-112,unknown,0.0,1.854,0.0
2025-10-15T19:36:59.421000+00:00,router_output_pkts_total,->4,1-112,unknown,0.0,1.854,0.0
2025-10-15T19:36:59.421000+00:00,router_output_pkts_total,->6,1-112,unknown,0.0,1.854,0.0
2025-10-15T19:36:59.421000+00:00,router_output_pkts_total,->7,1-112,unknown,0.0,1.854,0.0
2025-10-15T19:36:59.421000+00:00,router_output_pkts_total,5,1-112,1-113,512.0,1.854,276.1596548004315
2025-10-15T19:36:59.421000+00:00,router_output_pkts_total,internal,1-112,1-112,421.0,1.854,227.07659115426105
2025-10-15T19:36:59.421000+00:00,router_output_pkts_total,physical_local,1-112,local,421.0,1.854,227.07659115426105
2025-10-15T19:36:59.421000+00:00,router_output_pkts_total,physical_remote,1-112,remote,512.0,1.854,276.1596548004315
2025-10-15T19:37:01.142000+00:00,router_dropped_pkts_total,->1,1-112,unknown,0.0,1.721,0.0
2025-10-15T19:37:01.142000+00:00,router_dropped_pkts_total,->2,1-112,unknown,0.0,1.721,0.0
2025-10-15T19:37:01.142000+00:00,router_dropped_pkts_total,->3,1-112,unknown,0.0,1.721,0.0
2025-10-15T19:37:01.142000+00:00,router_dropped_pkts_total,->4,1-112,unknown,0.0,1.721,0.0
2025-10-15T19:37:01.142000+00:00,router_dropped_pkts_total,->6,1-112,unknown,0.0,1.721,0.0
2025-10-15T19:37:01.142000+00:00,router_dropped_pkts_total,->7,1-112,unknown,0.0,1.721,0.0
2025-10-15T19:37:01.142000+00:00,router_dropped_pkts_total,5,1-112,1-113,0.0,1.721,0.0
2025-10-15T19:37:01.142000+00:00,router_dropped_pkts_total,internal,1-112,1-112,0.0,1.721,0.0
2025-10-15T19:37:01.142000+00:00,router_dropped_pkts_total,physical_local,1-112,local,0.0,1.721,0.0
2025-10-15T19:37:01.142000+00:00,router_dropped_pkts_total,physical_remote,1-112,remote,0.0,1.721,0.0
2025-10-15T19:37:01.142000+00:00,router_input_bytes_total,->1,1-112,unknown,0.0,1.721,0.0
2025-10-15T19:37:01.142000+00:00,router_input_bytes_total,->2,1-112,unknown,0.0,1.721,0.0
2025-10-15T19:37:01.142000+00:00,router_input_bytes_total,->3,1-112,unknown,0.0,1.721,0.0
2025-10-15T19:37:01.142000+00:00,router_input_bytes_total,->4,1-112,unknown,0.0,1.721,0.0
2025-10-15T19:37:01.142000+00:00,router_input_bytes_total,->6,1-112,unknown,0.0,1.721,0.0
2025-10-15T19:37:01.142000+00:00,router_input_bytes_total,->7,1-112,unknown,0.0,1.721,0.0
2025-10-15T19:37:01.142000+00:00,router_input_bytes_total,5,1-112,1-113,110467.0,1.721,64187.68158047646
2025-10-15T19:37:01.142000+00:00,router_input_bytes_total,internal,1-112,1-112,232722.0,1.721,135224.86926205695
2025-10-15T19:37:01.142000+00:00,router_input_bytes_total,physical_local,1-112,local,232722.0,1.721,135224.86926205695
2025-10-15T19:37:01.142000+00:00,router_input_bytes_total,physical_remote,1-112,remote,110467.0,1.721,64187.68158047646
2025-10-15T19:37:01.142000+00:00,router_input_pkts_total,->1,1-112,unknown,0.0,1.721,0.0
2025-10-15T19:37:01.142000+00:00,router_input_pkts_total,->2,1-112,unknown,0.0,1.721,0.0
2025-10-15T19:37:01.142000+00:00,router_input_pkts_total,->3,1-112,unknown,0.0,1.721,0.0
2025-10-15T19:37:01.142000+00:00,router_input_pkts_total,->4,1-112,unknown,0.0,1.721,0.0
2025-10-15T19:37:01.142000+00:00,router_input_pkts_total,->6,1-112,unknown,0.0,1.721,0.0
2025-10-15T19:37:01.142000+00:00,router_input_pkts_total,->7,1-112,unknown,0.0,1.721,0.0
2025-10-15T19:37:01.142000+00:00,router_input_pkts_total,5,1-112,1-113,414.0,1.721,240.55781522370714
2025-10-15T19:37:01.142000+00:00,router_input_pkts_total,internal,1-112,1-112,383.0,1.721,222.54503195816386
2025-10-15T19:37:01.142000+00:00,router_input_pkts_total,physical_local,1-112,local,383.0,1.721,222.54503195816386
2025-10-15T19:37:01.142000+00:00,router_input_pkts_total,physical_remote,1-112,remote,414.0,1.721,240.55781522370714
2025-10-15T19:37:01.142000+00:00,router_output_bytes_total,->1,1-112,unknown,0.0,1.721,0.0
2025-10-15T19:37:01.142000+00:00,router_output_bytes_total,->2,1-112,unknown,0.0,1.721,0.0
2025-10-15T19:37:01.142000+00:00,router_output_bytes_total,->3,1-112,unknown,0.0,1.721,0.0
2025-10-15T19:37:01.142000+00:00,router_output_bytes_total,->4,1-112,unknown,0.0,1.721,0.0
2025-10-15T19:37:01.142000+00:00,router_output_bytes_total,->6,1-112,unknown,0.0,1.721,0.0
2025-10-15T19:37:01.142000+00:00,router_output_bytes_total,->7,1-112,unknown,0.0,1.721,0.0
2025-10-15T19:37:01.142000+00:00,router_output_bytes_total,5,1-112,1-113,240560.0,1.721,139779.19814061592
2025-10-15T19:37:01.142000+00:00,router_output_bytes_total,internal,1-112,1-112,103987.0,1.721,60422.42882045322
2025-10-15T19:37:01.142000+00:00,router_output_bytes_total,physical_local,1-112,local,103987.0,1.721,60422.42882045322
2025-10-15T19:37:01.142000+00:00,router_output_bytes_total,physical_remote,1-112,remote,240560.0,1.721,139779.19814061592
2025-10-15T19:37:01.142000+00:00,router_output_pkts_total,->1,1-112,unknown,0.0,1.721,0.0
2025-10-15T19:37:01.142000+00:00,router_output_pkts_total,->2,1-112,unknown,0.0,1.721,0.0
2025-10-15T19:37:01.142000+00:00,router_output_pkts_total,->3,1-112,unknown,0.0,1.721,0.0
2025-10-15T19:37:01.142000+00:00,router_output_pkts_total,->4,1-112,unknown,0.0,1.721,0.0
2025-10-15T19:37:01.142000+00:00,router_output_pkts_total,->6,1-112,unknown,0.0,1.721,0.0
2025-10-15T19:37:01.142000+00:00,router_output_pkts_total,->7,1-112,unknown,0.0,1.721,0.0
2025-10-15T19:37:01.142000+00:00,router_output_pkts_total,5,1-112,1-113,442.0,1.721,256.8274259151656
2025-10-15T19:37:01.142000+00:00,router_output_pkts_total,internal,1-112,1-112,354.0,1.721,205.69436374201044
2025-10-15T19:37:01.142000+00:00,router_output_pkts_total,physical_local,1-112,local,354.0,1.721,205.69436374201044
2025-10-15T19:37:01.142000+00:00,router_output_pkts_total,physical_remote,1-112,remote,442.0,1.721,256.8274259151656
2025-10-15T19:37:02.712000+00:00,router_dropped_pkts_total,->1,1-112,unknown,0.0,1.57,0.0
2025-10-15T19:37:02.712000+00:00,router_dropped_pkts_total,->2,1-112,unknown,0.0,1.57,0.0
2025-10-15T19:37:02.712000+00:00,router_dropped_pkts_total,->3,1-112,unknown,0.0,1.57,0.0
2025-10-15T19:37:02.712000+00:00,router_dropped_pkts_total,->4,1-112,unknown,0.0,1.57,0.0
2025-10-15T19:37:02.712000+00:00,router_dropped_pkts_total,->6,1-112,unknown,0.0,1.57,0.0
2025-10-15T19:37:02.712000+00:00,router_dropped_pkts_total,->7,1-112,unknown,0.0,1.57,0.0
2025-10-15T19:37:02.712000+00:00,router_dropped_pkts_total,5,1-112,1-113,0.0,1.57,0.0
2025-10-15T19:37:02.712000+00:00,router_dropped_pkts_total,internal,1-112,1-112,0.0,1.57,0.0
2025-10-15T19:37:02.712000+00:00,router_dropped_pkts_total,physical_local,1-112,local,0.0,1.57,0.0
2025-10-15T19:37:02.712000+00:00,router_dropped_pkts_total,physical_remote,1-112,remote,0.0,1.57,0.0
2025-10-15T19:37:02.712000+00:00,router_input_bytes_total,->1,1-112,unknown,0.0,1.57,0.0
2025-10-15T19:37:02.712000+00:00,router_input_bytes_total,->2,1-112,unknown,0.0,1.57,0.0
2025-10-15T19:37:02.712000+00:00,router_input_bytes_total,->3,1-112,unknown,0.0,1.57,0.0
2025-10-15T19:37:02.712000+00:00,router_input_bytes_total,->4,1-112,unknown,0.0,1.57,0.0
2025-10-15T19:37:02.712000+00:00,router_input_bytes_total,->6,1-112,unknown,0.0,1.57,0.0
2025-10-15T19:37:02.712000+00:00,router_input_bytes_total,->7,1-112,unknown,0.0,1.57,0.0
2025-10-15T19:37:02.712000+00:00,router_input_bytes_total,5,1-112,1-113,126917.0,1.57,80838.85350318471
2025-10-15T19:37:02.712000+00:00,router_input_bytes_total,internal,1-112,1-112,249566.0,1.57,158959.2356687898
2025-10-15T19:37:02.712000+00:00,router_input_bytes_total,physical_local,1-112,local,249566.0,1.57,158959.2356687898
2025-10-15T19:37:02.712000+00:00,router_input_bytes_total,physical_remote,1-112,remote,126917.0,1.57,80838.85350318471
2025-10-15T19:37:02.712000+00:00,router_input_pkts_total,->1,1-112,unknown,0.0,1.57,0.0
2025-10-15T19:37:02.712000+00:00,router_input_pkts_total,->2,1-112,unknown,0.0,1.57,0.0
2025-10-15T19:37:02.712000+00:00,router_input_pkts_total,->3,1-112,unknown,0.0,1.57,0.0
2025-10-15T19:37:02.712000+00:00,router_input_pkts_total,->4,1-112,unknown,0.0,1.57,0.0
2025-10-15T19:37:02.712000+00:00,router_input_pkts_total,->6,1-112,unknown,0.0,1.57,0.0
2025-10-15T19:37:02.712000+00:00,router_input_pkts_total,->7,1-112,unknown,0.0,1.57,0.0
2025-10-15T19:37:02.712000+00:00,router_input_pkts_total,5,1-112,1-113,427.0,1.57,271.97452229299364
2025-10-15T19:37:02.712000+00:00,router_input_pkts_total,internal,1-112,1-112,397.0,1.57,252.86624203821654
2025-10-15T19:37:02.712000+00:00,router_input_pkts_total,physical_local,1-112,local,397.0,1.57,252.86624203821654
2025-10-15T19:37:02.712000+00:00,router_input_pkts_total,physical_remote,1-112,remote,427.0,1.57,271.97452229299364
2025-10-15T19:37:02.712000+00:00,router_output_bytes_total,->1,1-112,unknown,0.0,1.57,0.0
2025-10-15T19:37:02.712000+00:00,router_output_bytes_total,->2,1-112,unknown,0.0,1.57,0.0
2025-10-15T19:37:02.712000+00:00,router_output_bytes_total,->3,1-112,unknown,0.0,1.57,0.0
2025-10-15T19:37:02.712000+00:00,router_output_bytes_total,->4,1-112,unknown,0.0,1.57,0.0
2025-10-15T19:37:02.712000+00:00,router_output_bytes_total,->6,1-112,unknown,0.0,1.57,0.0
2025-10-15T19:37:02.712000+00:00,router_output_bytes_total,->7,1-112,unknown,0.0,1.57,0.0
2025-10-15T19:37:02.712000+00:00,router_output_bytes_total,5,1-112,1-113,253376.0,1.57,161385.98726114648
2025-10-15T19:37:02.712000+00:00,router_output_bytes_total,internal,1-112,1-112,120115.0,1.57,76506.36942675158
2025-10-15T19:37:02.712000+00:00,router_output_bytes_total,physical_local,1-112,local,120115.0,1.57,76506.36942675158
2025-10-15T19:37:02.712000+00:00,router_output_bytes_total,physical_remote,1-112,remote,253376.0,1.57,161385.98726114648
2025-10-15T19:37:02.712000+00:00,router_output_pkts_total,->1,1-112,unknown,0.0,1.57,0.0
2025-10-15T19:37:02.712000+00:00,router_output_pkts_total,->2,1-112,unknown,0.0,1.57,0.0
2025-10-15T19:37:02.712000+00:00,router_output_pkts_total,->3,1-112,unknown,0.0,1.57,0.0
2025-10-15T19:37:02.712000+00:00,router_output_pkts_total,->4,1-112,unknown,0.0,1.57,0.0
2025-10-15T19:37:02.712000+00:00,router_output_pkts_total,->6,1-112,unknown,0.0,1.57,0.0
2025-10-15T19:37:02.712000+00:00,router_output_pkts_total,->7,1-112,unknown,0.0,1.57,0.0
2025-10-15T19:37:02.712000+00:00,router_output_pkts_total,5,1-112,1-113,442.0,1.57,281.52866242038215
2025-10-15T19:37:02.712000+00:00,router_output_pkts_total,internal,1-112,1-112,374.0,1.57,238.21656050955414
2025-10-15T19:37:02.712000+00:00,router_output_pkts_total,physical_local,1-112,local,374.0,1.57,238.21656050955414
2025-10-15T19:37:02.712000+00:00,router_output_pkts_total,physical_remote,1-112,remote,442.0,1.57,281.52866242038215
2025-10-15T19:37:04.537000+00:00,router_dropped_pkts_total,->1,1-112,unknown,0.0,1.825,0.0
2025-10-15T19:37:04.537000+00:00,router_dropped_pkts_total,->2,1-112,unknown,0.0,1.825,0.0
2025-10-15T19:37:04.537000+00:00,router_dropped_pkts_total,->3,1-112,unknown,0.0,1.825,0.0
2025-10-15T19:37:04.537000+00:00,router_dropped_pkts_total,->4,1-112,unknown,0.0,1.825,0.0
2025-10-15T19:37:04.537000+00:00,router_dropped_pkts_total,->6,1-112,unknown,0.0,1.825,0.0
2025-10-15T19:37:04.537000+00:00,router_dropped_pkts_total,->7,1-112,unknown,0.0,1.825,0.0
2025-10-15T19:37:04.537000+00:00,router_dropped_pkts_total,5,1-112,1-113,0.0,1.825,0.0
2025-10-15T19:37:04.537000+00:00,router_dropped_pkts_total,internal,1-112,1-112,0.0,1.825,0.0
2025-10-15T19:37:04.537000+00:00,router_dropped_pkts_total,physical_local,1-112,local,0.0,1.825,0.0
2025-10-15T19:37:04.537000+00:00,router_dropped_pkts_total,physical_remote,1-112,remote,0.0,1.825,0.0
2025-10-15T19:37:04.537000+00:00,router_input_bytes_total,->1,1-112,unknown,0.0,1.825,0.0
2025-10-15T19:37:04.537000+00:00,router_input_bytes_total,->2,1-112,unknown,0.0,1.825,0.0
2025-10-15T19:37:04.537000+00:00,router_input_bytes_total,->3,1-112,unknown,0.0,1.825,0.0
2025-10-15T19:37:04.537000+00:00,router_input_bytes_total,->4,1-112,unknown,0.0,1.825,0.0
2025-10-15T19:37:04.537000+00:00,router_input_bytes_total,->6,1-112,unknown,0.0,1.825,0.0
2025-10-15T19:37:04.537000+00:00,router_input_bytes_total,->7,1-112,unknown,0.0,1.825,0.0
2025-10-15T19:37:04.537000+00:00,router_input_bytes_total,5,1-112,1-113,106623.0,1.825,58423.561643835616
2025-10-15T19:37:04.537000+00:00,router_input_bytes_total,internal,1-112,1-112,231581.0,1.825,126893.69863013699
2025-10-15T19:37:04.537000+00:00,router_input_bytes_total,physical_local,1-112,local,231581.0,1.825,126893.69863013699
2025-10-15T19:37:04.537000+00:00,router_input_bytes_total,physical_remote,1-112,remote,106623.0,1.825,58423.561643835616
2025-10-15T19:37:04.537000+00:00,router_input_pkts_total,->1,1-112,unknown,0.0,1.825,0.0
2025-10-15T19:37:04.537000+00:00,router_input_pkts_total,->2,1-112,unknown,0.0,1.825,0.0
2025-10-15T19:37:04.537000+00:00,router_input_pkts_total,->3,1-112,unknown,0.0,1.825,0.0
2025-10-15T19:37:04.537000+00:00,router_input_pkts_total,->4,1-112,unknown,0.0,1.825,0.0
2025-10-15T19:37:04.537000+00:00,router_input_pkts_total,->6,1-112,unknown,0.0,1.825,0.0
2025-10-15T19:37:04.537000+00:00,router_input_pkts_total,->7,1-112,unknown,0.0,1.825,0.0
2025-10-15T19:37:04.537000+00:00,router_input_pkts_total,5,1-112,1-113,381.0,1.825,208.76712328767124
2025-10-15T19:37:04.537000+00:00,router_input_pkts_total,internal,1-112,1-112,363.0,1.825,198.9041095890411
2025-10-15T19:37:04.537000+00:00,router_input_pkts_total,physical_local,1-112,local,363.0,1.825,198.9041095890411
2025-10-15T19:37:04.537000+00:00,router_input_pkts_total,physical_remote,1-112,remote,381.0,1.825,208.76712328767124
2025-10-15T19:37:04.537000+00:00,router_output_bytes_total,->1,1-112,unknown,0.0,1.825,0.0
2025-10-15T19:37:04.537000+00:00,router_output_bytes_total,->2,1-112,unknown,0.0,1.825,0.0
2025-10-15T19:37:04.537000+00:00,router_output_bytes_total,->3,1-112,unknown,0.0,1.825,0.0
2025-10-15T19:37:04.537000+00:00,router_output_bytes_total,->4,1-112,unknown,0.0,1.825,0.0
2025-10-15T19:37:04.537000+00:00,router_output_bytes_total,->6,1-112,unknown,0.0,1.825,0.0
2025-10-15T19:37:04.537000+00:00,router_output_bytes_total,->7,1-112,unknown,0.0,1.825,0.0
2025-10-15T19:37:04.537000+00:00,router_output_bytes_total,5,1-112,1-113,236733.0,1.825,129716.71232876713
2025-10-15T19:37:04.537000+00:00,router_output_bytes_total,internal,1-112,1-112,103705.0,1.825,56824.65753424658
2025-10-15T19:37:04.537000+00:00,router_output_bytes_total,physical_local,1-112,local,103705.0,1.825,56824.65753424658
2025-10-15T19:37:04.537000+00:00,router_output_bytes_total,physical_remote,1-112,remote,236733.0,1.825,129716.71232876713
2025-10-15T19:37:04.537000+00:00,router_output_pkts_total,->1,1-112,unknown,0.0,1.825,0.0
2025-10-15T19:37:04.537000+00:00,router_output_pkts_total,->2,1-112,unknown,0.0,1.825,0.0
2025-10-15T19:37:04.537000+00:00,router_output_pkts_total,->3,1-112,unknown,0.0,1.825,0.0
2025-10-15T19:37:04.537000+00:00,router_output_pkts_total,->4,1-112,unknown,0.0,1.825,0.0
2025-10-15T19:37:04.537000+00:00,router_output_pkts_total,->6,1-112,unknown,0.0,1.825,0.0
2025-10-15T19:37:04.537000+00:00,router_output_pkts_total,->7,1-112,unknown,0.0,1.825,0.0
2025-10-15T19:37:04.537000+00:00,router_output_pkts_total,5,1-112,1-113,409.0,1.825,224.1095890410959
2025-10-15T19:37:04.537000+00:00,router_output_pkts_total,internal,1-112,1-112,344.0,1.825,188.49315068493152
2025-10-15T19:37:04.537000+00:00,router_output_pkts_total,physical_local,1-112,local,344.0,1.825,188.49315068493152
2025-10-15T19:37:04.537000+00:00,router_output_pkts_total,physical_remote,1-112,remote,409.0,1.825,224.1095890410959
2025-10-15T19:37:06.346000+00:00,router_dropped_pkts_total,->1,1-112,unknown,0.0,1.809,0.0
2025-10-15T19:37:06.346000+00:00,router_dropped_pkts_total,->2,1-112,unknown,0.0,1.809,0.0
2025-10-15T19:37:06.346000+00:00,router_dropped_pkts_total,->3,1-112,unknown,0.0,1.809,0.0
2025-10-15T19:37:06.346000+00:00,router_dropped_pkts_total,->4,1-112,unknown,0.0,1.809,0.0
2025-10-15T19:37:06.346000+00:00,router_dropped_pkts_total,->6,1-112,unknown,0.0,1.809,0.0
2025-10-15T19:37:06.346000+00:00,router_dropped_pkts_total,->7,1-112,unknown,0.0,1.809,0.0
2025-10-15T19:37:06.346000+00:00,router_dropped_pkts_total,5,1-112,1-113,0.0,1.809,0.0
2025-10-15T19:37:06.346000+00:00,router_dropped_pkts_total,internal,1-112,1-112,0.0,1.809,0.0
2025-10-15T19:37:06.346000+00:00,router_dropped_pkts_total,physical_local,1-112,local,0.0,1.809,0.0
2025-10-15T19:37:06.346000+00:00,router_dropped_pkts_total,physical_remote,1-112,remote,0.0,1.809,0.0
2025-10-15T19:37:06.346000+00:00,router_input_bytes_total,->1,1-112,unknown,0.0,1.809,0.0
2025-10-15T19:37:06.346000+00:00,router_input_bytes_total,->2,1-112,unknown,0.0,1.809,0.0
2025-10-15T19:37:06.346000+00:00,router_input_bytes_total,->3,1-112,unknown,0.0,1.809,0.0
2025-10-15T19:37:06.346000+00:00,router_input_bytes_total,->4,1-112,unknown,0.0,1.809,0.0
2025-10-15T19:37:06.346000+00:00,router_input_bytes_total,->6,1-112,unknown,0.0,1.809,0.0
2025-10-15T19:37:06.346000+00:00,router_input_bytes_total,->7,1-112,unknown,0.0,1.809,0.0
2025-10-15T19:37:06.346000+00:00,router_input_bytes_total,5,1-112,1-113,126474.0,1.809,69913.76451077944
2025-10-15T19:37:06.346000+00:00,router_input_bytes_total,internal,1-112,1-112,266033.0,1.809,147060.80707573245
2025-10-15T19:37:06.346000+00:00,router_input_bytes_total,physical_local,1-112,local,266033.0,1.809,147060.80707573245
2025-10-15T19:37:06.346000+00:00,router_input_bytes_total,physical_remote,1-112,remote,126474.0,1.809,69913.76451077944
2025-10-15T19:37:06.346000+00:00,router_input_pkts_total,->1,1-112,unknown,0.0,1.809,0.0
2025-10-15T19:37:06.346000+00:00,router_input_pkts_total,->2,1-112,unknown,0.0,1.809,0.0
2025-10-15T19:37:06.346000+00:00,router_input_pkts_total,->3,1-112,unknown,0.0,1.809,0.0
2025-10-15T19:37:06.346000+00:00,router_input_pkts_total,->4,1-112,unknown,0.0,1.809,0.0
2025-10-15T19:37:06.346000+00:00,router_input_pkts_total,->6,1-112,unknown,0.0,1.809,0.0
2025-10-15T19:37:06.346000+00:00,router_input_pkts_total,->7,1-112,unknown,0.0,1.809,0.0
2025-10-15T19:37:06.346000+00:00,router_input_pkts_total,5,1-112,1-113,475.0,1.809,262.5760088446656
2025-10-15T19:37:06.346000+00:00,router_input_pkts_total,internal,1-112,1-112,453.0,1.809,250.4145936981758
2025-10-15T19:37:06.346000+00:00,router_input_pkts_total,physical_local,1-112,local,453.0,1.809,250.4145936981758
2025-10-15T19:37:06.346000+00:00,router_input_pkts_total,physical_remote,1-112,remote,475.0,1.809,262.5760088446656
2025-10-15T19:37:06.346000+00:00,router_output_bytes_total,->1,1-112,unknown,0.0,1.809,0.0
2025-10-15T19:37:06.346000+00:00,router_output_bytes_total,->2,1-112,unknown,0.0,1.809,0.0
2025-10-15T19:37:06.346000+00:00,router_output_bytes_total,->3,1-112,unknown,0.0,1.809,0.0
2025-10-15T19:37:06.346000+00:00,router_output_bytes_total,->4,1-112,unknown,0.0,1.809,0.0
2025-10-15T19:37:06.346000+00:00,router_output_bytes_total,->6,1-112,unknown,0.0,1.809,0.0
2025-10-15T19:37:06.346000+00:00,router_output_bytes_total,->7,1-112,unknown,0.0,1.809,0.0
2025-10-15T19:37:06.346000+00:00,router_output_bytes_total,5,1-112,1-113,272753.0,1.809,150775.5666113875
2025-10-15T19:37:06.346000+00:00,router_output_bytes_total,internal,1-112,1-112,119994.0,1.809,66331.67495854064
2025-10-15T19:37:06.346000+00:00,router_output_bytes_total,physical_local,1-112,local,119994.0,1.809,66331.67495854064
2025-10-15T19:37:06.346000+00:00,router_output_bytes_total,physical_remote,1-112,remote,272753.0,1.809,150775.5666113875
2025-10-15T19:37:06.346000+00:00,router_output_pkts_total,->1,1-112,unknown,0.0,1.809,0.0
2025-10-15T19:37:06.346000+00:00,router_output_pkts_total,->2,1-112,unknown,0.0,1.809,0.0
2025-10-15T19:37:06.346000+00:00,router_output_pkts_total,->3,1-112,unknown,0.0,1.809,0.0
2025-10-15T19:37:06.346000+00:00,router_output_pkts_total,->4,1-112,unknown,0.0,1.809,0.0
2025-10-15T19:37:06.346000+00:00,router_output_pkts_total,->6,1-112,unknown,0.0,1.809,0.0
2025-10-15T19:37:06.346000+00:00,router_output_pkts_total,->7,1-112,unknown,0.0,1.809,0.0
2025-10-15T19:37:06.346000+00:00,router_output_pkts_total,5,1-112,1-113,512.0,1.809,283.0292979546711
2025-10-15T19:37:06.346000+00:00,router_output_pkts_total,internal,1-112,1-112,414.0,1.809,228.85572139303483
2025-10-15T19:37:06.346000+00:00,router_output_pkts_total,physical_local,1-112,local,414.0,1.809,228.85572139303483
2025-10-15T19:37:06.346000+00:00,router_output_pkts_total,physical_remote,1-112,remote,512.0,1.809,283.0292979546711
2025-10-15T19:37:08.045000+00:00,router_dropped_pkts_total,->1,1-112,unknown,0.0,1.699,0.0
2025-10-15T19:37:08.045000+00:00,router_dropped_pkts_total,->2,1-112,unknown,0.0,1.699,0.0
2025-10-15T19:37:08.045000+00:00,router_dropped_pkts_total,->3,1-112,unknown,0.0,1.699,0.0
2025-10-15T19:37:08.045000+00:00,router_dropped_pkts_total,->4,1-112,unknown,0.0,1.699,0.0
2025-10-15T19:37:08.045000+00:00,router_dropped_pkts_total,->6,1-112,unknown,0.0,1.699,0.0
2025-10-15T19:37:08.045000+00:00,router_dropped_pkts_total,->7,1-112,unknown,0.0,1.699,0.0
2025-10-15T19:37:08.045000+00:00,router_dropped_pkts_total,5,1-112,1-113,0.0,1.699,0.0
2025-10-15T19:37:08.045000+00:00,router_dropped_pkts_total,internal,1-112,1-112,0.0,1.699,0.0
2025-10-15T19:37:08.045000+00:00,router_dropped_pkts_total,physical_local,1-112,local,0.0,1.699,0.0
2025-10-15T19:37:08.045000+00:00,router_dropped_pkts_total,physical_remote,1-112,remote,0.0,1.699,0.0
2025-10-15T19:37:08.045000+00:00,router_input_bytes_total,->1,1-112,unknown,0.0,1.699,0.0
2025-10-15T19:37:08.045000+00:00,router_input_bytes_total,->2,1-112,unknown,0.0,1.699,0.0
2025-10-15T19:37:08.045000+00:00,router_input_bytes_total,->3,1-112,unknown,0.0,1.699,0.0
2025-10-15T19:37:08.045000+00:00,router_input_bytes_total,->4,1-112,unknown,0.0,1.699,0.0
2025-10-15T19:37:08.045000+00:00,router_input_bytes_total,->6,1-112,unknown,0.0,1.699,0.0
2025-10-15T19:37:08.045000+00:00,router_input_bytes_total,->7,1-112,unknown,0.0,1.699,0.0
2025-10-15T19:37:08.045000+00:00,router_input_bytes_total,5,1-112,1-113,144062.0,1.699,84792.23072395526
2025-10-15T19:37:08.045000+00:00,router_input_bytes_total,internal,1-112,1-112,284687.0,1.699,167561.50676868745
2025-10-15T19:37:08.045000+00:00,router_input_bytes_total,physical_local,1-112,local,284687.0,1.699,167561.50676868745
2025-10-15T19:37:08.045000+00:00,router_input_bytes_total,physical_remote,1-112,remote,144062.0,1.699,84792.23072395526
2025-10-15T19:37:08.045000+00:00,router_input_pkts_total,->1,1-112,unknown,0.0,1.699,0.0
2025-10-15T19:37:08.045000+00:00,router_input_pkts_total,->2,1-112,unknown,0.0,1.699,0.0
2025-10-15T19:37:08.045000+00:00,router_input_pkts_total,->3,1-112,unknown,0.0,1.699,0.0
2025-10-15T19:37:08.045000+00:00,router_input_pkts_total,->4,1-112,unknown,0.0,1.699,0.0
2025-10-15T19:37:08.045000+00:00,router_input_pkts_total,->6,1-112,unknown,0.0,1.699,0.0
2025-10-15T19:37:08.045000+00:00,router_input_pkts_total,->7,1-112,unknown,0.0,1.699,0.0
2025-10-15T19:37:08.045000+00:00,router_input_pkts_total,5,1-112,1-113,495.0,1.699,291.3478516774573
2025-10-15T19:37:08.045000+00:00,router_input_pkts_total,internal,1-112,1-112,467.0,1.699,274.8675691583284
2025-10-15T19:37:08.045000+00:00,router_input_pkts_total,physical_local,1-112,local,467.0,1.699,274.8675691583284
2025-10-15T19:37:08.045000+00:00,router_input_pkts_total,physical_remote,1-112,remote,495.0,1.699,291.3478516774573
2025-10-15T19:37:08.045000+00:00,router_output_bytes_total,->1,1-112,unknown,0.0,1.699,0.0
2025-10-15T19:37:08.045000+00:00,router_output_bytes_total,->2,1-112,unknown,0.0,1.699,0.0
2025-10-15T19:37:08.045000+00:00,router_output_bytes_total,->3,1-112,unknown,0.0,1.699,0.0
2025-10-15T19:37:08.045000+00:00,router_output_bytes_total,->4,1-112,unknown,0.0,1.699,0.0
2025-10-15T19:37:08.045000+00:00,router_output_bytes_total,->6,1-112,unknown,0.0,1.699,0.0
2025-10-15T19:37:08.045000+00:00,router_output_bytes_total,->7,1-112,unknown,0.0,1.699,0.0
2025-10-15T19:37:08.045000+00:00,router_output_bytes_total,5,1-112,1-113,291407.0,1.699,171516.77457327838
2025-10-15T19:37:08.045000+00:00,router_output_bytes_total,internal,1-112,1-112,137582.0,1.699,80978.22248381401
2025-10-15T19:37:08.045000+00:00,router_output_bytes_total,physical_local,1-112,local,137582.0,1.699,80978.22248381401
2025-10-15T19:37:08.045000+00:00,router_output_bytes_total,physical_remote,1-112,remote,291407.0,1.699,171516.77457327838
2025-10-15T19:37:08.045000+00:00,router_output_pkts_total,->1,1-112,unknown,0.0,1.699,0.0
2025-10-15T19:37:08.045000+00:00,router_output_pkts_total,->2,1-112,unknown,0.0,1.699,0.0
2025-10-15T19:37:08.045000+00:00,router_output_pkts_total,->3,1-112,unknown,0.0,1.699,0.0
2025-10-15T19:37:08.045000+00:00,router_output_pkts_total,->4,1-112,unknown,0.0,1.699,0.0
2025-10-15T19:37:08.045000+00:00,router_output_pkts_total,->6,1-112,unknown,0.0,1.699,0.0
2025-10-15T19:37:08.045000+00:00,router_output_pkts_total,->7,1-112,unknown,0.0,1.699,0.0
2025-10-15T19:37:08.045000+00:00,router_output_pkts_total,5,1-112,1-113,528.0,1.699,310.7710417892878
2025-10-15T19:37:08.045000+00:00,router_output_pkts_total,internal,1-112,1-112,436.0,1.699,256.62154208357856
2025-10-15T19:37:08.045000+00:00,router_output_pkts_total,physical_local,1-112,local,436.0,1.699,256.62154208357856
2025-10-15T19:37:08.045000+00:00,router_output_pkts_total,physical_remote,1-112,remote,528.0,1.699,310.7710417892878
2025-10-15T19:37:10.063000+00:00,router_dropped_pkts_total,->1,1-112,unknown,0.0,2.018,0.0
2025-10-15T19:37:10.063000+00:00,router_dropped_pkts_total,->2,1-112,unknown,0.0,2.018,0.0
2025-10-15T19:37:10.063000+00:00,router_dropped_pkts_total,->3,1-112,unknown,0.0,2.018,0.0
2025-10-15T19:37:10.063000+00:00,router_dropped_pkts_total,->4,1-112,unknown,0.0,2.018,0.0
2025-10-15T19:37:10.063000+00:00,router_dropped_pkts_total,->6,1-112,unknown,0.0,2.018,0.0
2025-10-15T19:37:10.063000+00:00,router_dropped_pkts_total,->7,1-112,unknown,0.0,2.018,0.0
2025-10-15T19:37:10.063000+00:00,router_dropped_pkts_total,5,1-112,1-113,0.0,2.018,0.0
2025-10-15T19:37:10.063000+00:00,router_dropped_pkts_total,internal,1-112,1-112,0.0,2.018,0.0
2025-10-15T19:37:10.063000+00:00,router_dropped_pkts_total,physical_local,1-112,local,0.0,2.018,0.0
2025-10-15T19:37:10.063000+00:00,router_dropped_pkts_total,physical_remote,1-112,remote,0.0,2.018,0.0
2025-10-15T19:37:10.063000+00:00,router_input_bytes_total,->1,1-112,unknown,0.0,2.018,0.0
2025-10-15T19:37:10.063000+00:00,router_input_bytes_total,->2,1-112,unknown,0.0,2.018,0.0
2025-10-15T19:37:10.063000+00:00,router_input_bytes_total,->3,1-112,unknown,0.0,2.018,0.0
2025-10-15T19:37:10.063000+00:00,router_input_bytes_total,->4,1-112,unknown,0.0,2.018,0.0
2025-10-15T19:37:10.063000+00:00,router_input_bytes_total,->6,1-112,unknown,0.0,2.018,0.0
2025-10-15T19:37:10.063000+00:00,router_input_bytes_total,->7,1-112,unknown,0.0,2.018,0.0
2025-10-15T19:37:10.063000+00:00,router_input_bytes_total,5,1-112,1-113,113093.0,2.018,56042.12091179386
2025-10-15T19:37:10.063000+00:00,router_input_bytes_total,internal,1-112,1-112,237685.0,2.018,117782.45787908822
2025-10-15T19:37:10.063000+00:00,router_input_bytes_total,physical_local,1-112,local,237685.0,2.018,117782.45787908822
2025-10-15T19:37:10.063000+00:00,router_input_bytes_total,physical_remote,1-112,remote,113093.0,2.018,56042.12091179386
2025-10-15T19:37:10.063000+00:00,router_input_pkts_total,->1,1-112,unknown,0.0,2.018,0.0
2025-10-15T19:37:10.063000+00:00,router_input_pkts_total,->2,1-112,unknown,0.0,2.018,0.0
2025-10-15T19:37:10.063000+00:00,router_input_pkts_total,->3,1-112,unknown,0.0,2.018,0.0
2025-10-15T19:37:10.063000+00:00,router_input_pkts_total,->4,1-112,unknown,0.0,2.018,0.0
2025-10-15T19:37:10.063000+00:00,router_input_pkts_total,->6,1-112,unknown,0.0,2.018,0.0
2025-10-15T19:37:10.063000+00:00,router_input_pkts_total,->7,1-112,unknown,0.0,2.018,0.0
2025-10-15T19:37:10.063000+00:00,router_input_pkts_total,5,1-112,1-113,429.0,2.018,212.58671952428148
2025-10-15T19:37:10.063000+00:00,router_input_pkts_total,internal,1-112,1-112,398.0,2.018,197.2249752229931
2025-10-15T19:37:10.063000+00:00,router_input_pkts_total,physical_local,1-112,local,398.0,2.018,197.2249752229931
2025-10-15T19:37:10.063000+00:00,router_input_pkts_total,physical_remote,1-112,remote,429.0,2.018,212.58671952428148
2025-10-15T19:37:10.063000+00:00,router_output_bytes_total,->1,1-112,unknown,0.0,2.018,0.0
2025-10-15T19:37:10.063000+00:00,router_output_bytes_total,->2,1-112,unknown,0.0,2.018,0.0
2025-10-15T19:37:10.063000+00:00,router_output_bytes_total,->3,1-112,unknown,0.0,2.018,0.0
2025-10-15T19:37:10.063000+00:00,router_output_bytes_total,->4,1-112,unknown,0.0,2.018,0.0
2025-10-15T19:37:10.063000+00:00,router_output_bytes_total,->6,1-112,unknown,0.0,2.018,0.0
2025-10-15T19:37:10.063000+00:00,router_output_bytes_total,->7,1-112,unknown,0.0,2.018,0.0
2025-10-15T19:37:10.063000+00:00,router_output_bytes_total,5,1-112,1-113,244293.0,2.018,121056.9871159564
2025-10-15T19:37:10.063000+00:00,router_output_bytes_total,internal,1-112,1-112,106721.0,2.018,52884.53914767097
2025-10-15T19:37:10.063000+00:00,router_output_bytes_total,physical_local,1-112,local,106721.0,2.018,52884.53914767097
2025-10-15T19:37:10.063000+00:00,router_output_bytes_total,physical_remote,1-112,remote,244293.0,2.018,121056.9871159564
2025-10-15T19:37:10.063000+00:00,router_output_pkts_total,->1,1-112,unknown,0.0,2.018,0.0
2025-10-15T19:37:10.063000+00:00,router_output_pkts_total,->2,1-112,unknown,0.0,2.018,0.0
2025-10-15T19:37:10.063000+00:00,router_output_pkts_total,->3,1-112,unknown,0.0,2.018,0.0
2025-10-15T19:37:10.063000+00:00,router_output_pkts_total,->4,1-112,unknown,0.0,2.018,0.0
2025-10-15T19:37:10.063000+00:00,router_output_pkts_total,->6,1-112,unknown,0.0,2.018,0.0
2025-10-15T19:37:10.063000+00:00,router_output_pkts_total,->7,1-112,unknown,0.0,2.018,0.0
2025-10-15T19:37:10.063000+00:00,router_output_pkts_total,5,1-112,1-113,457.0,2.018,226.46184340931617
2025-10-15T19:37:10.063000+00:00,router_output_pkts_total,internal,1-112,1-112,370.0,2.018,183.3498513379584
2025-10-15T19:37:10.063000+00:00,router_output_pkts_total,physical_local,1-112,local,370.0,2.018,183.3498513379584
2025-10-15T19:37:10.063000+00:00,router_output_pkts_total,physical_remote,1-112,remote,457.0,2.018,226.46184340931617
2025-10-15T19:37:11.729000+00:00,router_dropped_pkts_total,->1,1-112,unknown,0.0,1.666,0.0
2025-10-15T19:37:11.729000+00:00,router_dropped_pkts_total,->2,1-112,unknown,0.0,1.666,0.0
2025-10-15T19:37:11.729000+00:00,router_dropped_pkts_total,->3,1-112,unknown,0.0,1.666,0.0
2025-10-15T19:37:11.729000+00:00,router_dropped_pkts_total,->4,1-112,unknown,0.0,1.666,0.0
2025-10-15T19:37:11.729000+00:00,router_dropped_pkts_total,->6,1-112,unknown,0.0,1.666,0.0
2025-10-15T19:37:11.729000+00:00,router_dropped_pkts_total,->7,1-112,unknown,0.0,1.666,0.0
2025-10-15T19:37:11.729000+00:00,router_dropped_pkts_total,5,1-112,1-113,0.0,1.666,0.0
2025-10-15T19:37:11.729000+00:00,router_dropped_pkts_total,internal,1-112,1-112,0.0,1.666,0.0
2025-10-15T19:37:11.729000+00:00,router_dropped_pkts_total,physical_local,1-112,local,0.0,1.666,0.0
2025-10-15T19:37:11.729000+00:00,router_dropped_pkts_total,physical_remote,1-112,remote,0.0,1.666,0.0
2025-10-15T19:37:11.729000+00:00,router_input_bytes_total,->1,1-112,unknown,0.0,1.666,0.0
2025-10-15T19:37:11.729000+00:00,router_input_bytes_total,->2,1-112,unknown,0.0,1.666,0.0
2025-10-15T19:37:11.729000+00:00,router_input_bytes_total,->3,1-112,unknown,0.0,1.666,0.0
2025-10-15T19:37:11.729000+00:00,router_input_bytes_total,->4,1-112,unknown,0.0,1.666,0.0
2025-10-15T19:37:11.729000+00:00,router_input_bytes_total,->6,1-112,unknown,0.0,1.666,0.0
2025-10-15T19:37:11.729000+00:00,router_input_bytes_total,->7,1-112,unknown,0.0,1.666,0.0
2025-10-15T19:37:11.729000+00:00,router_input_bytes_total,5,1-112,1-113,119422.0,1.666,71681.87274909964
2025-10-15T19:37:11.729000+00:00,router_input_bytes_total,internal,1-112,1-112,257094.0,1.666,154318.12725090038
2025-10-15T19:37:11.729000+00:00,router_input_bytes_total,physical_local,1-112,local,257094.0,1.666,154318.12725090038
2025-10-15T19:37:11.729000+00:00,router_input_bytes_total,physical_remote,1-112,remote,119422.0,1.666,71681.87274909964
2025-10-15T19:37:11.729000+00:00,router_input_pkts_total,->1,1-112,unknown,0.0,1.666,0.0
2025-10-15T19:37:11.729000+00:00,router_input_pkts_total,->2,1-112,unknown,0.0,1.666,0.0
2025-10-15T19:37:11.729000+00:00,router_input_pkts_total,->3,1-112,unknown,0.0,1.666,0.0
2025-10-15T19:37:11.729000+00:00,router_input_pkts_total,->4,1-112,unknown,0.0,1.666,0.0
2025-10-15T19:37:11.729000+00:00,router_input_pkts_total,->6,1-112,unknown,0.0,1.666,0.0
2025-10-15T19:37:11.729000+00:00,router_input_pkts_total,->7,1-112,unknown,0.0,1.666,0.0
2025-10-15T19:37:11.729000+00:00,router_input_pkts_total,5,1-112,1-113,418.0,1.666,250.90036014405763
2025-10-15T19:37:11.729000+00:00,router_input_pkts_total,internal,1-112,1-112,408.0,1.666,244.8979591836735
2025-10-15T19:37:11.729000+00:00,router_input_pkts_total,physical_local,1-112,local,408.0,1.666,244.8979591836735
2025-10-15T19:37:11.729000+00:00,router_input_pkts_total,physical_remote,1-112,remote,418.0,1.666,250.90036014405763
2025-10-15T19:37:11.729000+00:00,router_output_bytes_total,->1,1-112,unknown,0.0,1.666,0.0
2025-10-15T19:37:11.729000+00:00,router_output_bytes_total,->2,1-112,unknown,0.0,1.666,0.0
2025-10-15T19:37:11.729000+00:00,router_output_bytes_total,->3,1-112,unknown,0.0,1.666,0.0
2025-10-15T19:37:11.729000+00:00,router_output_bytes_total,->4,1-112,unknown,0.0,1.666,0.0
2025-10-15T19:37:11.729000+00:00,router_output_bytes_total,->6,1-112,unknown,0.0,1.666,0.0
2025-10-15T19:37:11.729000+00:00,router_output_bytes_total,->7,1-112,unknown,0.0,1.666,0.0
2025-10-15T19:37:11.729000+00:00,router_output_bytes_total,5,1-112,1-113,261350.0,1.666,156872.74909963986
2025-10-15T19:37:11.729000+00:00,router_output_bytes_total,internal,1-112,1-112,114778.0,1.666,68894.35774309724
2025-10-15T19:37:11.729000+00:00,router_output_bytes_total,physical_local,1-112,local,114778.0,1.666,68894.35774309724
2025-10-15T19:37:11.729000+00:00,router_output_bytes_total,physical_remote,1-112,remote,261350.0,1.666,156872.74909963986
2025-10-15T19:37:11.729000+00:00,router_output_pkts_total,->1,1-112,unknown,0.0,1.666,0.0
2025-10-15T19:37:11.729000+00:00,router_output_pkts_total,->2,1-112,unknown,0.0,1.666,0.0
2025-10-15T19:37:11.729000+00:00,router_output_pkts_total,->3,1-112,unknown,0.0,1.666,0.0
2025-10-15T19:37:11.729000+00:00,router_output_pkts_total,->4,1-112,unknown,0.0,1.666,0.0
2025-10-15T19:37:11.729000+00:00,router_output_pkts_total,->6,1-112,unknown,0.0,1.666,0.0
2025-10-15T19:37:11.729000+00:00,router_output_pkts_total,->7,1-112,unknown,0.0,1.666,0.0
2025-10-15T19:37:11.729000+00:00,router_output_pkts_total,5,1-112,1-113,446.0,1.666,267.70708283313326
2025-10-15T19:37:11.729000+00:00,router_output_pkts_total,internal,1-112,1-112,378.0,1.666,226.89075630252103
2025-10-15T19:37:11.729000+00:00,router_output_pkts_total,physical_local,1-112,local,378.0,1.666,226.89075630252103
2025-10-15T19:37:11.729000+00:00,router_output_pkts_total,physical_remote,1-112,remote,446.0,1.666,267.70708283313326
2025-10-15T19:37:13.602000+00:00,router_dropped_pkts_total,->1,1-112,unknown,0.0,1.873,0.0
2025-10-15T19:37:13.602000+00:00,router_dropped_pkts_total,->2,1-112,unknown,0.0,1.873,0.0
2025-10-15T19:37:13.602000+00:00,router_dropped_pkts_total,->3,1-112,unknown,0.0,1.873,0.0
2025-10-15T19:37:13.602000+00:00,router_dropped_pkts_total,->4,1-112,unknown,0.0,1.873,0.0
2025-10-15T19:37:13.602000+00:00,router_dropped_pkts_total,->6,1-112,unknown,0.0,1.873,0.0
2025-10-15T19:37:13.602000+00:00,router_dropped_pkts_total,->7,1-112,unknown,0.0,1.873,0.0
2025-10-15T19:37:13.602000+00:00,router_dropped_pkts_total,5,1-112,1-113,0.0,1.873,0.0
2025-10-15T19:37:13.602000+00:00,router_dropped_pkts_total,internal,1-112,1-112,0.0,1.873,0.0
2025-10-15T19:37:13.602000+00:00,router_dropped_pkts_total,physical_local,1-112,local,0.0,1.873,0.0
2025-10-15T19:37:13.602000+00:00,router_dropped_pkts_total,physical_remote,1-112,remote,0.0,1.873,0.0
2025-10-15T19:37:13.602000+00:00,router_input_bytes_total,->1,1-112,unknown,0.0,1.873,0.0
2025-10-15T19:37:13.602000+00:00,router_input_bytes_total,->2,1-112,unknown,0.0,1.873,0.0
2025-10-15T19:37:13.602000+00:00,router_input_bytes_total,->3,1-112,unknown,0.0,1.873,0.0
2025-10-15T19:37:13.602000+00:00,router_input_bytes_total,->4,1-112,unknown,0.0,1.873,0.0
2025-10-15T19:37:13.602000+00:00,router_input_bytes_total,->6,1-112,unknown,0.0,1.873,0.0
2025-10-15T19:37:13.602000+00:00,router_input_bytes_total,->7,1-112,unknown,0.0,1.873,0.0
2025-10-15T19:37:13.602000+00:00,router_input_bytes_total,5,1-112,1-113,123198.0,1.873,65775.7608115323
2025-10-15T19:37:13.602000+00:00,router_input_bytes_total,internal,1-112,1-112,264039.0,1.873,140971.16924719702
2025-10-15T19:37:13.602000+00:00,router_input_bytes_total,physical_local,1-112,local,264039.0,1.873,140971.16924719702
2025-10-15T19:37:13.602000+00:00,router_input_bytes_total,physical_remote,1-112,remote,123198.0,1.873,65775.7608115323
2025-10-15T19:37:13.602000+00:00,router_input_pkts_total,->1,1-112,unknown,0.0,1.873,0.0
2025-10-15T19:37:13.602000+00:00,router_input_pkts_total,->2,1-112,unknown,0.0,1.873,0.0
2025-10-15T19:37:13.602000+00:00,router_input_pkts_total,->3,1-112,unknown,0.0,1.873,0.0
2025-10-15T19:37:13.602000+00:00,router_input_pkts_total,->4,1-112,unknown,0.0,1.873,0.0
2025-10-15T19:37:13.602000+00:00,router_input_pkts_total,->6,1-112,unknown,0.0,1.873,0.0
2025-10-15T19:37:13.602000+00:00,router_input_pkts_total,->7,1-112,unknown,0.0,1.873,0.0
2025-10-15T19:37:13.602000+00:00,router_input_pkts_total,5,1-112,1-113,434.0,1.873,231.71382808328883
2025-10-15T19:37:13.602000+00:00,router_input_pkts_total,internal,1-112,1-112,420.0,1.873,224.23918846769888
2025-10-15T19:37:13.602000+00:00,router_input_pkts_total,physical_local,1-112,local,420.0,1.873,224.23918846769888
2025-10-15T19:37:13.602000+00:00,router_input_pkts_total,physical_remote,1-112,remote,434.0,1.873,231.71382808328883
2025-10-15T19:37:13.602000+00:00,router_output_bytes_total,->1,1-112,unknown,0.0,1.873,0.0
2025-10-15T19:37:13.602000+00:00,router_output_bytes_total,->2,1-112,unknown,0.0,1.873,0.0
2025-10-15T19:37:13.602000+00:00,router_output_bytes_total,->3,1-112,unknown,0.0,1.873,0.0
2025-10-15T19:37:13.602000+00:00,router_output_bytes_total,->4,1-112,unknown,0.0,1.873,0.0
2025-10-15T19:37:13.602000+00:00,router_output_bytes_total,->6,1-112,unknown,0.0,1.873,0.0
2025-10-15T19:37:13.602000+00:00,router_output_bytes_total,->7,1-112,unknown,0.0,1.873,0.0
2025-10-15T19:37:13.602000+00:00,router_output_bytes_total,5,1-112,1-113,269975.0,1.873,144140.41644420716
2025-10-15T19:37:13.602000+00:00,router_output_bytes_total,internal,1-112,1-112,119132.0,1.873,63604.9119060331
2025-10-15T19:37:13.602000+00:00,router_output_bytes_total,physical_local,1-112,local,119132.0,1.873,63604.9119060331
2025-10-15T19:37:13.602000+00:00,router_output_bytes_total,physical_remote,1-112,remote,269975.0,1.873,144140.41644420716
2025-10-15T19:37:13.602000+00:00,router_output_pkts_total,->1,1-112,unknown,0.0,1.873,0.0
2025-10-15T19:37:13.602000+00:00,router_output_pkts_total,->2,1-112,unknown,0.0,1.873,0.0
2025-10-15T19:37:13.602000+00:00,router_output_pkts_total,->3,1-112,unknown,0.0,1.873,0.0
2025-10-15T19:37:13.602000+00:00,router_output_pkts_total,->4,1-112,unknown,0.0,1.873,0.0
2025-10-15T19:37:13.602000+00:00,router_output_pkts_total,->6,1-112,unknown,0.0,1.873,0.0
2025-10-15T19:37:13.602000+00:00,router_output_pkts_total,->7,1-112,unknown,0.0,1.873,0.0
2025-10-15T19:37:13.602000+00:00,router_output_pkts_total,5,1-112,1-113,473.0,1.873,252.53603844100374
2025-10-15T19:37:13.602000+00:00,router_output_pkts_total,internal,1-112,1-112,383.0,1.873,204.48478376935398
2025-10-15T19:37:13.602000+00:00,router_output_pkts_total,physical_local,1-112,local,383.0,1.873,204.48478376935398
2025-10-15T19:37:13.602000+00:00,router_output_pkts_total,physical_remote,1-112,remote,473.0,1.873,252.53603844100374
2025-10-15T19:37:15.428000+00:00,router_dropped_pkts_total,->1,1-112,unknown,0.0,1.826,0.0
2025-10-15T19:37:15.428000+00:00,router_dropped_pkts_total,->2,1-112,unknown,0.0,1.826,0.0
2025-10-15T19:37:15.428000+00:00,router_dropped_pkts_total,->3,1-112,unknown,0.0,1.826,0.0
2025-10-15T19:37:15.428000+00:00,router_dropped_pkts_total,->4,1-112,unknown,0.0,1.826,0.0
2025-10-15T19:37:15.428000+00:00,router_dropped_pkts_total,->6,1-112,unknown,0.0,1.826,0.0
2025-10-15T19:37:15.428000+00:00,router_dropped_pkts_total,->7,1-112,unknown,0.0,1.826,0.0
2025-10-15T19:37:15.428000+00:00,router_dropped_pkts_total,5,1-112,1-113,0.0,1.826,0.0
2025-10-15T19:37:15.428000+00:00,router_dropped_pkts_total,internal,1-112,1-112,0.0,1.826,0.0
2025-10-15T19:37:15.428000+00:00,router_dropped_pkts_total,physical_local,1-112,local,0.0,1.826,0.0
2025-10-15T19:37:15.428000+00:00,router_dropped_pkts_total,physical_remote,1-112,remote,0.0,1.826,0.0
2025-10-15T19:37:15.428000+00:00,router_input_bytes_total,->1,1-112,unknown,0.0,1.826,0.0
2025-10-15T19:37:15.428000+00:00,router_input_bytes_total,->2,1-112,unknown,0.0,1.826,0.0
2025-10-15T19:37:15.428000+00:00,router_input_bytes_total,->3,1-112,unknown,0.0,1.826,0.0
2025-10-15T19:37:15.428000+00:00,router_input_bytes_total,->4,1-112,unknown,0.0,1.826,0.0
2025-10-15T19:37:15.428000+00:00,router_input_bytes_total,->6,1-112,unknown,0.0,1.826,0.0
2025-10-15T19:37:15.428000+00:00,router_input_bytes_total,->7,1-112,unknown,0.0,1.826,0.0
2025-10-15T19:37:15.428000+00:00,router_input_bytes_total,5,1-112,1-113,127654.0,1.826,69909.09090909091
2025-10-15T19:37:15.428000+00:00,router_input_bytes_total,internal,1-112,1-112,250674.0,1.826,137280.39430449068
2025-10-15T19:37:15.428000+00:00,router_input_bytes_total,physical_local,1-112,local,250674.0,1.826,137280.39430449068
2025-10-15T19:37:15.428000+00:00,router_input_bytes_total,physical_remote,1-112,remote,127654.0,1.826,69909.09090909091
2025-10-15T19:37:15.428000+00:00,router_input_pkts_total,->1,1-112,unknown,0.0,1.826,0.0
2025-10-15T19:37:15.428000+00:00,router_input_pkts_total,->2,1-112,unknown,0.0,1.826,0.0
2025-10-15T19:37:15.428000+00:00,router_input_pkts_total,->3,1-112,unknown,0.0,1.826,0.0
2025-10-15T19:37:15.428000+00:00,router_input_pkts_total,->4,1-112,unknown,0.0,1.826,0.0
2025-10-15T19:37:15.428000+00:00,router_input_pkts_total,->6,1-112,unknown,0.0,1.826,0.0
2025-10-15T19:37:15.428000+00:00,router_input_pkts_total,->7,1-112,unknown,0.0,1.826,0.0
2025-10-15T19:37:15.428000+00:00,router_input_pkts_total,5,1-112,1-113,457.0,1.826,250.27382256297918
2025-10-15T19:37:15.428000+00:00,router_input_pkts_total,internal,1-112,1-112,424.0,1.826,232.20153340635267
2025-10-15T19:37:15.428000+00:00,router_input_pkts_total,physical_local,1-112,local,424.0,1.826,232.20153340635267
2025-10-15T19:37:15.428000+00:00,router_input_pkts_total,physical_remote,1-112,remote,457.0,1.826,250.27382256297918
2025-10-15T19:37:15.428000+00:00,router_output_bytes_total,->1,1-112,unknown,0.0,1.826,0.0
2025-10-15T19:37:15.428000+00:00,router_output_bytes_total,->2,1-112,unknown,0.0,1.826,0.0
2025-10-15T19:37:15.428000+00:00,router_output_bytes_total,->3,1-112,unknown,0.0,1.826,0.0
2025-10-15T19:37:15.428000+00:00,router_output_bytes_total,->4,1-112,unknown,0.0,1.826,0.0
2025-10-15T19:37:15.428000+00:00,router_output_bytes_total,->6,1-112,unknown,0.0,1.826,0.0
2025-10-15T19:37:15.428000+00:00,router_output_bytes_total,->7,1-112,unknown,0.0,1.826,0.0
2025-10-15T19:37:15.428000+00:00,router_output_bytes_total,5,1-112,1-113,257394.0,1.826,140960.569550931
2025-10-15T19:37:15.428000+00:00,router_output_bytes_total,internal,1-112,1-112,120056.0,1.826,65748.08324205915
2025-10-15T19:37:15.428000+00:00,router_output_bytes_total,physical_local,1-112,local,120056.0,1.826,65748.08324205915
2025-10-15T19:37:15.428000+00:00,router_output_bytes_total,physical_remote,1-112,remote,257394.0,1.826,140960.569550931
2025-10-15T19:37:15.428000+00:00,router_output_pkts_total,->1,1-112,unknown,0.0,1.826,0.0
2025-10-15T19:37:15.428000+00:00,router_output_pkts_total,->2,1-112,unknown,0.0,1.826,0.0
2025-10-15T19:37:15.428000+00:00,router_output_pkts_total,->3,1-112,unknown,0.0,1.826,0.0
2025-10-15T19:37:15.428000+00:00,router_output_pkts_total,->4,1-112,unknown,0.0,1.826,0.0
2025-10-15T19:37:15.428000+00:00,router_output_pkts_total,->6,1-112,unknown,0.0,1.826,0.0
2025-10-15T19:37:15.428000+00:00,router_output_pkts_total,->7,1-112,unknown,0.0,1.826,0.0
2025-10-15T19:37:15.428000+00:00,router_output_pkts_total,5,1-112,1-113,483.0,1.826,264.51259583789704
2025-10-15T19:37:15.428000+00:00,router_output_pkts_total,internal,1-112,1-112,397.0,1.826,217.41511500547645
2025-10-15T19:37:15.428000+00:00,router_output_pkts_total,physical_local,1-112,local,397.0,1.826,217.41511500547645
2025-10-15T19:37:15.428000+00:00,router_output_pkts_total,physical_remote,1-112,remote,483.0,1.826,264.51259583789704
2025-10-15T19:37:17.251000+00:00,router_dropped_pkts_total,->1,1-112,unknown,0.0,1.823,0.0
2025-10-15T19:37:17.251000+00:00,router_dropped_pkts_total,->2,1-112,unknown,0.0,1.823,0.0
2025-10-15T19:37:17.251000+00:00,router_dropped_pkts_total,->3,1-112,unknown,0.0,1.823,0.0
2025-10-15T19:37:17.251000+00:00,router_dropped_pkts_total,->4,1-112,unknown,0.0,1.823,0.0
2025-10-15T19:37:17.251000+00:00,router_dropped_pkts_total,->6,1-112,unknown,0.0,1.823,0.0
2025-10-15T19:37:17.251000+00:00,router_dropped_pkts_total,->7,1-112,unknown,0.0,1.823,0.0
2025-10-15T19:37:17.251000+00:00,router_dropped_pkts_total,5,1-112,1-113,0.0,1.823,0.0
2025-10-15T19:37:17.251000+00:00,router_dropped_pkts_total,internal,1-112,1-112,0.0,1.823,0.0
2025-10-15T19:37:17.251000+00:00,router_dropped_pkts_total,physical_local,1-112,local,0.0,1.823,0.0
2025-10-15T19:37:17.251000+00:00,router_dropped_pkts_total,physical_remote,1-112,remote,0.0,1.823,0.0
2025-10-15T19:37:17.251000+00:00,router_input_bytes_total,->1,1-112,unknown,0.0,1.823,0.0
2025-10-15T19:37:17.251000+00:00,router_input_bytes_total,->2,1-112,unknown,0.0,1.823,0.0
2025-10-15T19:37:17.251000+00:00,router_input_bytes_total,->3,1-112,unknown,0.0,1.823,0.0
2025-10-15T19:37:17.251000+00:00,router_input_bytes_total,->4,1-112,unknown,0.0,1.823,0.0
2025-10-15T19:37:17.251000+00:00,router_input_bytes_total,->6,1-112,unknown,0.0,1.823,0.0
2025-10-15T19:37:17.251000+00:00,router_input_bytes_total,->7,1-112,unknown,0.0,1.823,0.0
2025-10-15T19:37:17.251000+00:00,router_input_bytes_total,5,1-112,1-113,126398.0,1.823,69335.1618211739
2025-10-15T19:37:17.251000+00:00,router_input_bytes_total,internal,1-112,1-112,265452.0,1.823,145612.72627537028
2025-10-15T19:37:17.251000+00:00,router_input_bytes_total,physical_local,1-112,local,265452.0,1.823,145612.72627537028
2025-10-15T19:37:17.251000+00:00,router_input_bytes_total,physical_remote,1-112,remote,126398.0,1.823,69335.1618211739
2025-10-15T19:37:17.251000+00:00,router_input_pkts_total,->1,1-112,unknown,0.0,1.823,0.0
2025-10-15T19:37:17.251000+00:00,router_input_pkts_total,->2,1-112,unknown,0.0,1.823,0.0
2025-10-15T19:37:17.251000+00:00,router_input_pkts_total,->3,1-112,unknown,0.0,1.823,0.0
2025-10-15T19:37:17.251000+00:00,router_input_pkts_total,->4,1-112,unknown,0.0,1.823,0.0
2025-10-15T19:37:17.251000+00:00,router_input_pkts_total,->6,1-112,unknown,0.0,1.823,0.0
2025-10-15T19:37:17.251000+00:00,router_input_pkts_total,->7,1-112,unknown,0.0,1.823,0.0
2025-10-15T19:37:17.251000+00:00,router_input_pkts_total,5,1-112,1-113,481.0,1.823,263.85079539221067
2025-10-15T19:37:17.251000+00:00,router_input_pkts_total,internal,1-112,1-112,455.0,1.823,249.58859023587493
2025-10-15T19:37:17.251000+00:00,router_input_pkts_total,physical_local,1-112,local,455.0,1.823,249.58859023587493
2025-10-15T19:37:17.251000+00:00,router_input_pkts_total,physical_remote,1-112,remote,481.0,1.823,263.85079539221067
2025-10-15T19:37:17.251000+00:00,router_output_bytes_total,->1,1-112,unknown,0.0,1.823,0.0
2025-10-15T19:37:17.251000+00:00,router_output_bytes_total,->2,1-112,unknown,0.0,1.823,0.0
2025-10-15T19:37:17.251000+00:00,router_output_bytes_total,->3,1-112,unknown,0.0,1.823,0.0
2025-10-15T19:37:17.251000+00:00,router_output_bytes_total,->4,1-112,unknown,0.0,1.823,0.0
2025-10-15T19:37:17.251000+00:00,router_output_bytes_total,->6,1-112,unknown,0.0,1.823,0.0
2025-10-15T19:37:17.251000+00:00,router_output_bytes_total,->7,1-112,unknown,0.0,1.823,0.0
2025-10-15T19:37:17.251000+00:00,router_output_bytes_total,5,1-112,1-113,272172.0,1.823,149298.95776193088
2025-10-15T19:37:17.251000+00:00,router_output_bytes_total,internal,1-112,1-112,119918.0,1.823,65780.5814591333
2025-10-15T19:37:17.251000+00:00,router_output_bytes_total,physical_local,1-112,local,119918.0,1.823,65780.5814591333
2025-10-15T19:37:17.251000+00:00,router_output_bytes_total,physical_remote,1-112,remote,272172.0,1.823,149298.95776193088
2025-10-15T19:37:17.251000+00:00,router_output_pkts_total,->1,1-112,unknown,0.0,1.823,0.0
2025-10-15T19:37:17.251000+00:00,router_output_pkts_total,->2,1-112,unknown,0.0,1.823,0.0
2025-10-15T19:37:17.251000+00:00,router_output_pkts_total,->3,1-112,unknown,0.0,1.823,0.0
2025-10-15T19:37:17.251000+00:00,router_output_pkts_total,->4,1-112,unknown,0.0,1.823,0.0
2025-10-15T19:37:17.251000+00:00,router_output_pkts_total,->6,1-112,unknown,0.0,1.823,0.0
2025-10-15T19:37:17.251000+00:00,router_output_pkts_total,->7,1-112,unknown,0.0,1.823,0.0
2025-10-15T19:37:17.251000+00:00,router_output_pkts_total,5,1-112,1-113,516.0,1.823,283.0499177180472
2025-10-15T19:37:17.251000+00:00,router_output_pkts_total,internal,1-112,1-112,421.0,1.823,230.93801426220517
2025-10-15T19:37:17.251000+00:00,router_output_pkts_total,physical_local,1-112,local,421.0,1.823,230.93801426220517
2025-10-15T19:37:17.251000+00:00,router_output_pkts_total,physical_remote,1-112,remote,516.0,1.823,283.0499177180472
2025-10-15T19:37:18.837000+00:00,router_dropped_pkts_total,->1,1-112,unknown,0.0,1.586,0.0
2025-10-15T19:37:18.837000+00:00,router_dropped_pkts_total,->2,1-112,unknown,0.0,1.586,0.0
2025-10-15T19:37:18.837000+00:00,router_dropped_pkts_total,->3,1-112,unknown,0.0,1.586,0.0
2025-10-15T19:37:18.837000+00:00,router_dropped_pkts_total,->4,1-112,unknown,0.0,1.586,0.0
2025-10-15T19:37:18.837000+00:00,router_dropped_pkts_total,->6,1-112,unknown,0.0,1.586,0.0
2025-10-15T19:37:18.837000+00:00,router_dropped_pkts_total,->7,1-112,unknown,0.0,1.586,0.0
2025-10-15T19:37:18.837000+00:00,router_dropped_pkts_total,5,1-112,1-113,0.0,1.586,0.0
2025-10-15T19:37:18.837000+00:00,router_dropped_pkts_total,internal,1-112,1-112,0.0,1.586,0.0
2025-10-15T19:37:18.837000+00:00,router_dropped_pkts_total,physical_local,1-112,local,0.0,1.586,0.0
2025-10-15T19:37:18.837000+00:00,router_dropped_pkts_total,physical_remote,1-112,remote,0.0,1.586,0.0
2025-10-15T19:37:18.837000+00:00,router_input_bytes_total,->1,1-112,unknown,0.0,1.586,0.0
2025-10-15T19:37:18.837000+00:00,router_input_bytes_total,->2,1-112,unknown,0.0,1.586,0.0
2025-10-15T19:37:18.837000+00:00,router_input_bytes_total,->3,1-112,unknown,0.0,1.586,0.0
2025-10-15T19:37:18.837000+00:00,router_input_bytes_total,->4,1-112,unknown,0.0,1.586,0.0
2025-10-15T19:37:18.837000+00:00,router_input_bytes_total,->6,1-112,unknown,0.0,1.586,0.0
2025-10-15T19:37:18.837000+00:00,router_input_bytes_total,->7,1-112,unknown,0.0,1.586,0.0
2025-10-15T19:37:18.837000+00:00,router_input_bytes_total,5,1-112,1-113,128336.0,1.586,80918.03278688525
2025-10-15T19:37:18.837000+00:00,router_input_bytes_total,internal,1-112,1-112,265838.0,1.586,167615.3846153846
2025-10-15T19:37:18.837000+00:00,router_input_bytes_total,physical_local,1-112,local,265838.0,1.586,167615.3846153846
2025-10-15T19:37:18.837000+00:00,router_input_bytes_total,physical_remote,1-112,remote,128336.0,1.586,80918.03278688525
2025-10-15T19:37:18.837000+00:00,router_input_pkts_total,->1,1-112,unknown,0.0,1.586,0.0
2025-10-15T19:37:18.837000+00:00,router_input_pkts_total,->2,1-112,unknown,0.0,1.586,0.0
2025-10-15T19:37:18.837000+00:00,router_input_pkts_total,->3,1-112,unknown,0.0,1.586,0.0
2025-10-15T19:37:18.837000+00:00,router_input_pkts_total,->4,1-112,unknown,0.0,1.586,0.0
2025-10-15T19:37:18.837000+00:00,router_input_pkts_total,->6,1-112,unknown,0.0,1.586,0.0
2025-10-15T19:37:18.837000+00:00,router_input_pkts_total,->7,1-112,unknown,0.0,1.586,0.0
2025-10-15T19:37:18.837000+00:00,router_input_pkts_total,5,1-112,1-113,472.0,1.586,297.6040353089533
2025-10-15T19:37:18.837000+00:00,router_input_pkts_total,internal,1-112,1-112,431.0,1.586,271.7528373266078
2025-10-15T19:37:18.837000+00:00,router_input_pkts_total,physical_local,1-112,local,431.0,1.586,271.7528373266078
2025-10-15T19:37:18.837000+00:00,router_input_pkts_total,physical_remote,1-112,remote,472.0,1.586,297.6040353089533
2025-10-15T19:37:18.837000+00:00,router_output_bytes_total,->1,1-112,unknown,0.0,1.586,0.0
2025-10-15T19:37:18.837000+00:00,router_output_bytes_total,->2,1-112,unknown,0.0,1.586,0.0
2025-10-15T19:37:18.837000+00:00,router_output_bytes_total,->3,1-112,unknown,0.0,1.586,0.0
2025-10-15T19:37:18.837000+00:00,router_output_bytes_total,->4,1-112,unknown,0.0,1.586,0.0
2025-10-15T19:37:18.837000+00:00,router_output_bytes_total,->6,1-112,unknown,0.0,1.586,0.0
2025-10-15T19:37:18.837000+00:00,router_output_bytes_total,->7,1-112,unknown,0.0,1.586,0.0
2025-10-15T19:37:18.837000+00:00,router_output_bytes_total,5,1-112,1-113,272558.0,1.586,171852.45901639343
2025-10-15T19:37:18.837000+00:00,router_output_bytes_total,internal,1-112,1-112,121856.0,1.586,76832.28247162674
2025-10-15T19:37:18.837000+00:00,router_output_bytes_total,physical_local,1-112,local,121856.0,1.586,76832.28247162674
2025-10-15T19:37:18.837000+00:00,router_output_bytes_total,physical_remote,1-112,remote,272558.0,1.586,171852.45901639343
2025-10-15T19:37:18.837000+00:00,router_output_pkts_total,->1,1-112,unknown,0.0,1.586,0.0
2025-10-15T19:37:18.837000+00:00,router_output_pkts_total,->2,1-112,unknown,0.0,1.586,0.0
2025-10-15T19:37:18.837000+00:00,router_output_pkts_total,->3,1-112,unknown,0.0,1.586,0.0
2025-10-15T19:37:18.837000+00:00,router_output_pkts_total,->4,1-112,unknown,0.0,1.586,0.0
2025-10-15T19:37:18.837000+00:00,router_output_pkts_total,->6,1-112,unknown,0.0,1.586,0.0
2025-10-15T19:37:18.837000+00:00,router_output_pkts_total,->7,1-112,unknown,0.0,1.586,0.0
2025-10-15T19:37:18.837000+00:00,router_output_pkts_total,5,1-112,1-113,491.0,1.586,309.58385876418663
2025-10-15T19:37:18.837000+00:00,router_output_pkts_total,internal,1-112,1-112,412.0,1.586,259.77301387137453
2025-10-15T19:37:18.837000+00:00,router_output_pkts_total,physical_local,1-112,local,412.0,1.586,259.77301387137453
2025-10-15T19:37:18.837000+00:00,router_output_pkts_total,physical_remote,1-112,remote,491.0,1.586,309.58385876418663
2025-10-15T19:37:20.727000+00:00,router_dropped_pkts_total,->1,1-112,unknown,0.0,1.89,0.0
2025-10-15T19:37:20.727000+00:00,router_dropped_pkts_total,->2,1-112,unknown,0.0,1.89,0.0
2025-10-15T19:37:20.727000+00:00,router_dropped_pkts_total,->3,1-112,unknown,0.0,1.89,0.0
2025-10-15T19:37:20.727000+00:00,router_dropped_pkts_total,->4,1-112,unknown,0.0,1.89,0.0
2025-10-15T19:37:20.727000+00:00,router_dropped_pkts_total,->6,1-112,unknown,0.0,1.89,0.0
2025-10-15T19:37:20.727000+00:00,router_dropped_pkts_total,->7,1-112,unknown,0.0,1.89,0.0
2025-10-15T19:37:20.727000+00:00,router_dropped_pkts_total,5,1-112,1-113,0.0,1.89,0.0
2025-10-15T19:37:20.727000+00:00,router_dropped_pkts_total,internal,1-112,1-112,0.0,1.89,0.0
2025-10-15T19:37:20.727000+00:00,router_dropped_pkts_total,physical_local,1-112,local,0.0,1.89,0.0
2025-10-15T19:37:20.727000+00:00,router_dropped_pkts_total,physical_remote,1-112,remote,0.0,1.89,0.0
2025-10-15T19:37:20.727000+00:00,router_input_bytes_total,->1,1-112,unknown,0.0,1.89,0.0
2025-10-15T19:37:20.727000+00:00,router_input_bytes_total,->2,1-112,unknown,0.0,1.89,0.0
2025-10-15T19:37:20.727000+00:00,router_input_bytes_total,->3,1-112,unknown,0.0,1.89,0.0
2025-10-15T19:37:20.727000+00:00,router_input_bytes_total,->4,1-112,unknown,0.0,1.89,0.0
2025-10-15T19:37:20.727000+00:00,router_input_bytes_total,->6,1-112,unknown,0.0,1.89,0.0
2025-10-15T19:37:20.727000+00:00,router_input_bytes_total,->7,1-112,unknown,0.0,1.89,0.0
2025-10-15T19:37:20.727000+00:00,router_input_bytes_total,5,1-112,1-113,123612.0,1.89,65403.17460317461
2025-10-15T19:37:20.727000+00:00,router_input_bytes_total,internal,1-112,1-112,243935.0,1.89,129066.13756613758
2025-10-15T19:37:20.727000+00:00,router_input_bytes_total,physical_local,1-112,local,243935.0,1.89,129066.13756613758
2025-10-15T19:37:20.727000+00:00,router_input_bytes_total,physical_remote,1-112,remote,123612.0,1.89,65403.17460317461
2025-10-15T19:37:20.727000+00:00,router_input_pkts_total,->1,1-112,unknown,0.0,1.89,0.0
2025-10-15T19:37:20.727000+00:00,router_input_pkts_total,->2,1-112,unknown,0.0,1.89,0.0
2025-10-15T19:37:20.727000+00:00,router_input_pkts_total,->3,1-112,unknown,0.0,1.89,0.0
2025-10-15T19:37:20.727000+00:00,router_input_pkts_total,->4,1-112,unknown,0.0,1.89,0.0
2025-10-15T19:37:20.727000+00:00,router_input_pkts_total,->6,1-112,unknown,0.0,1.89,0.0
2025-10-15T19:37:20.727000+00:00,router_input_pkts_total,->7,1-112,unknown,0.0,1.89,0.0
2025-10-15T19:37:20.727000+00:00,router_input_pkts_total,5,1-112,1-113,418.0,1.89,221.16402116402116
2025-10-15T19:37:20.727000+00:00,router_input_pkts_total,internal,1-112,1-112,398.0,1.89,210.58201058201058
2025-10-15T19:37:20.727000+00:00,router_input_pkts_total,physical_local,1-112,local,398.0,1.89,210.58201058201058
2025-10-15T19:37:20.727000+00:00,router_input_pkts_total,physical_remote,1-112,remote,418.0,1.89,221.16402116402116
2025-10-15T19:37:20.727000+00:00,router_output_bytes_total,->1,1-112,unknown,0.0,1.89,0.0
2025-10-15T19:37:20.727000+00:00,router_output_bytes_total,->2,1-112,unknown,0.0,1.89,0.0
2025-10-15T19:37:20.727000+00:00,router_output_bytes_total,->3,1-112,unknown,0.0,1.89,0.0
2025-10-15T19:37:20.727000+00:00,router_output_bytes_total,->4,1-112,unknown,0.0,1.89,0.0
2025-10-15T19:37:20.727000+00:00,router_output_bytes_total,->6,1-112,unknown,0.0,1.89,0.0
2025-10-15T19:37:20.727000+00:00,router_output_bytes_total,->7,1-112,unknown,0.0,1.89,0.0
2025-10-15T19:37:20.727000+00:00,router_output_bytes_total,5,1-112,1-113,247185.0,1.89,130785.71428571429
2025-10-15T19:37:20.727000+00:00,router_output_bytes_total,internal,1-112,1-112,119076.0,1.89,63003.17460317461
2025-10-15T19:37:20.727000+00:00,router_output_bytes_total,physical_local,1-112,local,119076.0,1.89,63003.17460317461
2025-10-15T19:37:20.727000+00:00,router_output_bytes_total,physical_remote,1-112,remote,247185.0,1.89,130785.71428571429
2025-10-15T19:37:20.727000+00:00,router_output_pkts_total,->1,1-112,unknown,0.0,1.89,0.0
2025-10-15T19:37:20.727000+00:00,router_output_pkts_total,->2,1-112,unknown,0.0,1.89,0.0
2025-10-15T19:37:20.727000+00:00,router_output_pkts_total,->3,1-112,unknown,0.0,1.89,0.0
2025-10-15T19:37:20.727000+00:00,router_output_pkts_total,->4,1-112,unknown,0.0,1.89,0.0
2025-10-15T19:37:20.727000+00:00,router_output_pkts_total,->6,1-112,unknown,0.0,1.89,0.0
2025-10-15T19:37:20.727000+00:00,router_output_pkts_total,->7,1-112,unknown,0.0,1.89,0.0
2025-10-15T19:37:20.727000+00:00,router_output_pkts_total,5,1-112,1-113,426.0,1.89,225.39682539682542
2025-10-15T19:37:20.727000+00:00,router_output_pkts_total,internal,1-112,1-112,363.0,1.89,192.06349206349208
2025-10-15T19:37:20.727000+00:00,router_output_pkts_total,physical_local,1-112,local,363.0,1.89,192.06349206349208
2025-10-15T19:37:20.727000+00:00,router_output_pkts_total,physical_remote,1-112,remote,426.0,1.89,225.39682539682542
2025-10-15T19:37:22.532000+00:00,router_dropped_pkts_total,->1,1-112,unknown,0.0,1.805,0.0
2025-10-15T19:37:22.532000+00:00,router_dropped_pkts_total,->2,1-112,unknown,0.0,1.805,0.0
2025-10-15T19:37:22.532000+00:00,router_dropped_pkts_total,->3,1-112,unknown,0.0,1.805,0.0
2025-10-15T19:37:22.532000+00:00,router_dropped_pkts_total,->4,1-112,unknown,0.0,1.805,0.0
2025-10-15T19:37:22.532000+00:00,router_dropped_pkts_total,->6,1-112,unknown,0.0,1.805,0.0
2025-10-15T19:37:22.532000+00:00,router_dropped_pkts_total,->7,1-112,unknown,0.0,1.805,0.0
2025-10-15T19:37:22.532000+00:00,router_dropped_pkts_total,5,1-112,1-113,0.0,1.805,0.0
2025-10-15T19:37:22.532000+00:00,router_dropped_pkts_total,internal,1-112,1-112,0.0,1.805,0.0
2025-10-15T19:37:22.532000+00:00,router_dropped_pkts_total,physical_local,1-112,local,0.0,1.805,0.0
2025-10-15T19:37:22.532000+00:00,router_dropped_pkts_total,physical_remote,1-112,remote,0.0,1.805,0.0
2025-10-15T19:37:22.532000+00:00,router_input_bytes_total,->1,1-112,unknown,0.0,1.805,0.0
2025-10-15T19:37:22.532000+00:00,router_input_bytes_total,->2,1-112,unknown,0.0,1.805,0.0
2025-10-15T19:37:22.532000+00:00,router_input_bytes_total,->3,1-112,unknown,0.0,1.805,0.0
2025-10-15T19:37:22.532000+00:00,router_input_bytes_total,->4,1-112,unknown,0.0,1.805,0.0
2025-10-15T19:37:22.532000+00:00,router_input_bytes_total,->6,1-112,unknown,0.0,1.805,0.0
2025-10-15T19:37:22.532000+00:00,router_input_bytes_total,->7,1-112,unknown,0.0,1.805,0.0
2025-10-15T19:37:22.532000+00:00,router_input_bytes_total,5,1-112,1-113,113967.0,1.805,63139.61218836565
2025-10-15T19:37:22.532000+00:00,router_input_bytes_total,internal,1-112,1-112,247763.0,1.805,137264.81994459833
2025-10-15T19:37:22.532000+00:00,router_input_bytes_total,physical_local,1-112,local,247763.0,1.805,137264.81994459833
2025-10-15T19:37:22.532000+00:00,router_input_bytes_total,physical_remote,1-112,remote,113967.0,1.805,63139.61218836565
2025-10-15T19:37:22.532000+00:00,router_input_pkts_total,->1,1-112,unknown,0.0,1.805,0.0
2025-10-15T19:37:22.532000+00:00,router_input_pkts_total,->2,1-112,unknown,0.0,1.805,0.0
2025-10-15T19:37:22.532000+00:00,router_input_pkts_total,->3,1-112,unknown,0.0,1.805,0.0
2025-10-15T19:37:22.532000+00:00,router_input_pkts_total,->4,1-112,unknown,0.0,1.805,0.0
2025-10-15T19:37:22.532000+00:00,router_input_pkts_total,->6,1-112,unknown,0.0,1.805,0.0
2025-10-15T19:37:22.532000+00:00,router_input_pkts_total,->7,1-112,unknown,0.0,1.805,0.0
2025-10-15T19:37:22.532000+00:00,router_input_pkts_total,5,1-112,1-113,424.0,1.805,234.90304709141276
2025-10-15T19:37:22.532000+00:00,router_input_pkts_total,internal,1-112,1-112,411.0,1.805,227.70083102493075
2025-10-15T19:37:22.532000+00:00,router_input_pkts_total,physical_local,1-112,local,411.0,1.805,227.70083102493075
2025-10-15T19:37:22.532000+00:00,router_input_pkts_total,physical_remote,1-112,remote,424.0,1.805,234.90304709141276
2025-10-15T19:37:22.532000+00:00,router_output_bytes_total,->1,1-112,unknown,0.0,1.805,0.0
2025-10-15T19:37:22.532000+00:00,router_output_bytes_total,->2,1-112,unknown,0.0,1.805,0.0
2025-10-15T19:37:22.532000+00:00,router_output_bytes_total,->3,1-112,unknown,0.0,1.805,0.0
2025-10-15T19:37:22.532000+00:00,router_output_bytes_total,->4,1-112,unknown,0.0,1.805,0.0
2025-10-15T19:37:22.532000+00:00,router_output_bytes_total,->6,1-112,unknown,0.0,1.805,0.0
2025-10-15T19:37:22.532000+00:00,router_output_bytes_total,->7,1-112,unknown,0.0,1.805,0.0
2025-10-15T19:37:22.532000+00:00,router_output_bytes_total,5,1-112,1-113,254593.0,1.805,141048.75346260387
2025-10-15T19:37:22.532000+00:00,router_output_bytes_total,internal,1-112,1-112,108783.0,1.805,60267.59002770083
2025-10-15T19:37:22.532000+00:00,router_output_bytes_total,physical_local,1-112,local,108783.0,1.805,60267.59002770083
2025-10-15T19:37:22.532000+00:00,router_output_bytes_total,physical_remote,1-112,remote,254593.0,1.805,141048.75346260387
2025-10-15T19:37:22.532000+00:00,router_output_pkts_total,->1,1-112,unknown,0.0,1.805,0.0
2025-10-15T19:37:22.532000+00:00,router_output_pkts_total,->2,1-112,unknown,0.0,1.805,0.0
2025-10-15T19:37:22.532000+00:00,router_output_pkts_total,->3,1-112,unknown,0.0,1.805,0.0
2025-10-15T19:37:22.532000+00:00,router_output_pkts_total,->4,1-112,unknown,0.0,1.805,0.0
2025-10-15T19:37:22.532000+00:00,router_output_pkts_total,->6,1-112,unknown,0.0,1.805,0.0
2025-10-15T19:37:22.532000+00:00,router_output_pkts_total,->7,1-112,unknown,0.0,1.805,0.0
2025-10-15T19:37:22.532000+00:00,router_output_pkts_total,5,1-112,1-113,474.0,1.805,262.6038781163435
2025-10-15T19:37:22.532000+00:00,router_output_pkts_total,internal,1-112,1-112,389.0,1.805,215.51246537396122
2025-10-15T19:37:22.532000+00:00,router_output_pkts_total,physical_local,1-112,local,389.0,1.805,215.51246537396122
2025-10-15T19:37:22.532000+00:00,router_output_pkts_total,physical_remote,1-112,remote,474.0,1.805,262.6038781163435
2025-10-15T19:37:24.298000+00:00,router_dropped_pkts_total,->1,1-112,unknown,0.0,1.766,0.0
2025-10-15T19:37:24.298000+00:00,router_dropped_pkts_total,->2,1-112,unknown,0.0,1.766,0.0
2025-10-15T19:37:24.298000+00:00,router_dropped_pkts_total,->3,1-112,unknown,0.0,1.766,0.0
2025-10-15T19:37:24.298000+00:00,router_dropped_pkts_total,->4,1-112,unknown,0.0,1.766,0.0
2025-10-15T19:37:24.298000+00:00,router_dropped_pkts_total,->6,1-112,unknown,0.0,1.766,0.0
2025-10-15T19:37:24.298000+00:00,router_dropped_pkts_total,->7,1-112,unknown,0.0,1.766,0.0
2025-10-15T19:37:24.298000+00:00,router_dropped_pkts_total,5,1-112,1-113,0.0,1.766,0.0
2025-10-15T19:37:24.298000+00:00,router_dropped_pkts_total,internal,1-112,1-112,0.0,1.766,0.0
2025-10-15T19:37:24.298000+00:00,router_dropped_pkts_total,physical_local,1-112,local,0.0,1.766,0.0
2025-10-15T19:37:24.298000+00:00,router_dropped_pkts_total,physical_remote,1-112,remote,0.0,1.766,0.0
2025-10-15T19:37:24.298000+00:00,router_input_bytes_total,->1,1-112,unknown,0.0,1.766,0.0
2025-10-15T19:37:24.298000+00:00,router_input_bytes_total,->2,1-112,unknown,0.0,1.766,0.0
2025-10-15T19:37:24.298000+00:00,router_input_bytes_total,->3,1-112,unknown,0.0,1.766,0.0
2025-10-15T19:37:24.298000+00:00,router_input_bytes_total,->4,1-112,unknown,0.0,1.766,0.0
2025-10-15T19:37:24.298000+00:00,router_input_bytes_total,->6,1-112,unknown,0.0,1.766,0.0
2025-10-15T19:37:24.298000+00:00,router_input_bytes_total,->7,1-112,unknown,0.0,1.766,0.0
2025-10-15T19:37:24.298000+00:00,router_input_bytes_total,5,1-112,1-113,124588.0,1.766,70548.13137032842
2025-10-15T19:37:24.298000+00:00,router_input_bytes_total,internal,1-112,1-112,257572.0,1.766,145850.50962627406
2025-10-15T19:37:24.298000+00:00,router_input_bytes_total,physical_local,1-112,local,257572.0,1.766,145850.50962627406
2025-10-15T19:37:24.298000+00:00,router_input_bytes_total,physical_remote,1-112,remote,124588.0,1.766,70548.13137032842
2025-10-15T19:37:24.298000+00:00,router_input_pkts_total,->1,1-112,unknown,0.0,1.766,0.0
2025-10-15T19:37:24.298000+00:00,router_input_pkts_total,->2,1-112,unknown,0.0,1.766,0.0
2025-10-15T19:37:24.298000+00:00,router_input_pkts_total,->3,1-112,unknown,0.0,1.766,0.0
2025-10-15T19:37:24.298000+00:00,router_input_pkts_total,->4,1-112,unknown,0.0,1.766,0.0
2025-10-15T19:37:24.298000+00:00,router_input_pkts_total,->6,1-112,unknown,0.0,1.766,0.0
2025-10-15T19:37:24.298000+00:00,router_input_pkts_total,->7,1-112,unknown,0.0,1.766,0.0
2025-10-15T19:37:24.298000+00:00,router_input_pkts_total,5,1-112,1-113,452.0,1.766,255.94563986409966
2025-10-15T19:37:24.298000+00:00,router_input_pkts_total,internal,1-112,1-112,426.0,1.766,241.22310305775764
2025-10-15T19:37:24.298000+00:00,router_input_pkts_total,physical_local,1-112,local,426.0,1.766,241.22310305775764
2025-10-15T19:37:24.298000+00:00,router_input_pkts_total,physical_remote,1-112,remote,452.0,1.766,255.94563986409966
2025-10-15T19:37:24.298000+00:00,router_output_bytes_total,->1,1-112,unknown,0.0,1.766,0.0
2025-10-15T19:37:24.298000+00:00,router_output_bytes_total,->2,1-112,unknown,0.0,1.766,0.0
2025-10-15T19:37:24.298000+00:00,router_output_bytes_total,->3,1-112,unknown,0.0,1.766,0.0
2025-10-15T19:37:24.298000+00:00,router_output_bytes_total,->4,1-112,unknown,0.0,1.766,0.0
2025-10-15T19:37:24.298000+00:00,router_output_bytes_total,->6,1-112,unknown,0.0,1.766,0.0
2025-10-15T19:37:24.298000+00:00,router_output_bytes_total,->7,1-112,unknown,0.0,1.766,0.0
2025-10-15T19:37:24.298000+00:00,router_output_bytes_total,5,1-112,1-113,264292.0,1.766,149655.71913929784
2025-10-15T19:37:24.298000+00:00,router_output_bytes_total,internal,1-112,1-112,118108.0,1.766,66878.82219705549
2025-10-15T19:37:24.298000+00:00,router_output_bytes_total,physical_local,1-112,local,118108.0,1.766,66878.82219705549
2025-10-15T19:37:24.298000+00:00,router_output_bytes_total,physical_remote,1-112,remote,264292.0,1.766,149655.71913929784
2025-10-15T19:37:24.298000+00:00,router_output_pkts_total,->1,1-112,unknown,0.0,1.766,0.0
2025-10-15T19:37:24.298000+00:00,router_output_pkts_total,->2,1-112,unknown,0.0,1.766,0.0
2025-10-15T19:37:24.298000+00:00,router_output_pkts_total,->3,1-112,unknown,0.0,1.766,0.0
2025-10-15T19:37:24.298000+00:00,router_output_pkts_total,->4,1-112,unknown,0.0,1.766,0.0
2025-10-15T19:37:24.298000+00:00,router_output_pkts_total,->6,1-112,unknown,0.0,1.766,0.0
2025-10-15T19:37:24.298000+00:00,router_output_pkts_total,->7,1-112,unknown,0.0,1.766,0.0
2025-10-15T19:37:24.298000+00:00,router_output_pkts_total,5,1-112,1-113,485.0,1.766,274.63193657984147
2025-10-15T19:37:24.298000+00:00,router_output_pkts_total,internal,1-112,1-112,392.0,1.766,221.9705549263873
2025-10-15T19:37:24.298000+00:00,router_output_pkts_total,physical_local,1-112,local,392.0,1.766,221.9705549263873
2025-10-15T19:37:24.298000+00:00,router_output_pkts_total,physical_remote,1-112,remote,485.0,1.766,274.63193657984147
2025-10-15T19:37:26.054000+00:00,router_dropped_pkts_total,->1,1-112,unknown,0.0,1.756,0.0
2025-10-15T19:37:26.054000+00:00,router_dropped_pkts_total,->2,1-112,unknown,0.0,1.756,0.0
2025-10-15T19:37:26.054000+00:00,router_dropped_pkts_total,->3,1-112,unknown,0.0,1.756,0.0
2025-10-15T19:37:26.054000+00:00,router_dropped_pkts_total,->4,1-112,unknown,0.0,1.756,0.0
2025-10-15T19:37:26.054000+00:00,router_dropped_pkts_total,->6,1-112,unknown,0.0,1.756,0.0
2025-10-15T19:37:26.054000+00:00,router_dropped_pkts_total,->7,1-112,unknown,0.0,1.756,0.0
2025-10-15T19:37:26.054000+00:00,router_dropped_pkts_total,5,1-112,1-113,0.0,1.756,0.0
2025-10-15T19:37:26.054000+00:00,router_dropped_pkts_total,internal,1-112,1-112,0.0,1.756,0.0
2025-10-15T19:37:26.054000+00:00,router_dropped_pkts_total,physical_local,1-112,local,0.0,1.756,0.0
2025-10-15T19:37:26.054000+00:00,router_dropped_pkts_total,physical_remote,1-112,remote,0.0,1.756,0.0
2025-10-15T19:37:26.054000+00:00,router_input_bytes_total,->1,1-112,unknown,0.0,1.756,0.0
2025-10-15T19:37:26.054000+00:00,router_input_bytes_total,->2,1-112,unknown,0.0,1.756,0.0
2025-10-15T19:37:26.054000+00:00,router_input_bytes_total,->3,1-112,unknown,0.0,1.756,0.0
2025-10-15T19:37:26.054000+00:00,router_input_bytes_total,->4,1-112,unknown,0.0,1.756,0.0
2025-10-15T19:37:26.054000+00:00,router_input_bytes_total,->6,1-112,unknown,0.0,1.756,0.0
2025-10-15T19:37:26.054000+00:00,router_input_bytes_total,->7,1-112,unknown,0.0,1.756,0.0
2025-10-15T19:37:26.054000+00:00,router_input_bytes_total,5,1-112,1-113,129692.0,1.756,73856.49202733485
2025-10-15T19:37:26.054000+00:00,router_input_bytes_total,internal,1-112,1-112,252688.0,1.756,143899.7722095672
2025-10-15T19:37:26.054000+00:00,router_input_bytes_total,physical_local,1-112,local,252688.0,1.756,143899.7722095672
2025-10-15T19:37:26.054000+00:00,router_input_bytes_total,physical_remote,1-112,remote,129692.0,1.756,73856.49202733485
2025-10-15T19:37:26.054000+00:00,router_input_pkts_total,->1,1-112,unknown,0.0,1.756,0.0
2025-10-15T19:37:26.054000+00:00,router_input_pkts_total,->2,1-112,unknown,0.0,1.756,0.0
2025-10-15T19:37:26.054000+00:00,router_input_pkts_total,->3,1-112,unknown,0.0,1.756,0.0
2025-10-15T19:37:26.054000+00:00,router_input_pkts_total,->4,1-112,unknown,0.0,1.756,0.0
2025-10-15T19:37:26.054000+00:00,router_input_pkts_total,->6,1-112,unknown,0.0,1.756,0.0
2025-10-15T19:37:26.054000+00:00,router_input_pkts_total,->7,1-112,unknown,0.0,1.756,0.0
2025-10-15T19:37:26.054000+00:00,router_input_pkts_total,5,1-112,1-113,466.0,1.756,265.375854214123
2025-10-15T19:37:26.054000+00:00,router_input_pkts_total,internal,1-112,1-112,424.0,1.756,241.45785876993168
2025-10-15T19:37:26.054000+00:00,router_input_pkts_total,physical_local,1-112,local,424.0,1.756,241.45785876993168
2025-10-15T19:37:26.054000+00:00,router_input_pkts_total,physical_remote,1-112,remote,466.0,1.756,265.375854214123
2025-10-15T19:37:26.054000+00:00,router_output_bytes_total,->1,1-112,unknown,0.0,1.756,0.0
2025-10-15T19:37:26.054000+00:00,router_output_bytes_total,->2,1-112,unknown,0.0,1.756,0.0
2025-10-15T19:37:26.054000+00:00,router_output_bytes_total,->3,1-112,unknown,0.0,1.756,0.0
2025-10-15T19:37:26.054000+00:00,router_output_bytes_total,->4,1-112,unknown,0.0,1.756,0.0
2025-10-15T19:37:26.054000+00:00,router_output_bytes_total,->6,1-112,unknown,0.0,1.756,0.0
2025-10-15T19:37:26.054000+00:00,router_output_bytes_total,->7,1-112,unknown,0.0,1.756,0.0
2025-10-15T19:37:26.054000+00:00,router_output_bytes_total,5,1-112,1-113,259408.0,1.756,147726.6514806378
2025-10-15T19:37:26.054000+00:00,router_output_bytes_total,internal,1-112,1-112,121746.0,1.756,69331.43507972665
2025-10-15T19:37:26.054000+00:00,router_output_bytes_total,physical_local,1-112,local,121746.0,1.756,69331.43507972665
2025-10-15T19:37:26.054000+00:00,router_output_bytes_total,physical_remote,1-112,remote,259408.0,1.756,147726.6514806378
2025-10-15T19:37:26.054000+00:00,router_output_pkts_total,->1,1-112,unknown,0.0,1.756,0.0
2025-10-15T19:37:26.054000+00:00,router_output_pkts_total,->2,1-112,unknown,0.0,1.756,0.0
2025-10-15T19:37:26.054000+00:00,router_output_pkts_total,->3,1-112,unknown,0.0,1.756,0.0
2025-10-15T19:37:26.054000+00:00,router_output_pkts_total,->4,1-112,unknown,0.0,1.756,0.0
2025-10-15T19:37:26.054000+00:00,router_output_pkts_total,->6,1-112,unknown,0.0,1.756,0.0
2025-10-15T19:37:26.054000+00:00,router_output_pkts_total,->7,1-112,unknown,0.0,1.756,0.0
2025-10-15T19:37:26.054000+00:00,router_output_pkts_total,5,1-112,1-113,484.0,1.756,275.626423690205
2025-10-15T19:37:26.054000+00:00,router_output_pkts_total,internal,1-112,1-112,402.0,1.756,228.92938496583145
2025-10-15T19:37:26.054000+00:00,router_output_pkts_total,physical_local,1-112,local,402.0,1.756,228.92938496583145
2025-10-15T19:37:26.054000+00:00,router_output_pkts_total,physical_remote,1-112,remote,484.0,1.756,275.626423690205
2025-10-15T19:37:27.746000+00:00,router_dropped_pkts_total,->1,1-112,unknown,0.0,1.692,0.0
2025-10-15T19:37:27.746000+00:00,router_dropped_pkts_total,->2,1-112,unknown,0.0,1.692,0.0
2025-10-15T19:37:27.746000+00:00,router_dropped_pkts_total,->3,1-112,unknown,0.0,1.692,0.0
2025-10-15T19:37:27.746000+00:00,router_dropped_pkts_total,->4,1-112,unknown,0.0,1.692,0.0
2025-10-15T19:37:27.746000+00:00,router_dropped_pkts_total,->6,1-112,unknown,0.0,1.692,0.0
2025-10-15T19:37:27.746000+00:00,router_dropped_pkts_total,->7,1-112,unknown,0.0,1.692,0.0
2025-10-15T19:37:27.746000+00:00,router_dropped_pkts_total,5,1-112,1-113,0.0,1.692,0.0
2025-10-15T19:37:27.746000+00:00,router_dropped_pkts_total,internal,1-112,1-112,0.0,1.692,0.0
2025-10-15T19:37:27.746000+00:00,router_dropped_pkts_total,physical_local,1-112,local,0.0,1.692,0.0
2025-10-15T19:37:27.746000+00:00,router_dropped_pkts_total,physical_remote,1-112,remote,0.0,1.692,0.0
2025-10-15T19:37:27.746000+00:00,router_input_bytes_total,->1,1-112,unknown,0.0,1.692,0.0
2025-10-15T19:37:27.746000+00:00,router_input_bytes_total,->2,1-112,unknown,0.0,1.692,0.0
2025-10-15T19:37:27.746000+00:00,router_input_bytes_total,->3,1-112,unknown,0.0,1.692,0.0
2025-10-15T19:37:27.746000+00:00,router_input_bytes_total,->4,1-112,unknown,0.0,1.692,0.0
2025-10-15T19:37:27.746000+00:00,router_input_bytes_total,->6,1-112,unknown,0.0,1.692,0.0
2025-10-15T19:37:27.746000+00:00,router_input_bytes_total,->7,1-112,unknown,0.0,1.692,0.0
2025-10-15T19:37:27.746000+00:00,router_input_bytes_total,5,1-112,1-113,127513.0,1.692,75362.29314420804
2025-10-15T19:37:27.746000+00:00,router_input_bytes_total,internal,1-112,1-112,274265.0,1.692,162095.1536643026
2025-10-15T19:37:27.746000+00:00,router_input_bytes_total,physical_local,1-112,local,274265.0,1.692,162095.1536643026
2025-10-15T19:37:27.746000+00:00,router_input_bytes_total,physical_remote,1-112,remote,127513.0,1.692,75362.29314420804
2025-10-15T19:37:27.746000+00:00,router_input_pkts_total,->1,1-112,unknown,0.0,1.692,0.0
2025-10-15T19:37:27.746000+00:00,router_input_pkts_total,->2,1-112,unknown,0.0,1.692,0.0
2025-10-15T19:37:27.746000+00:00,router_input_pkts_total,->3,1-112,unknown,0.0,1.692,0.0
2025-10-15T19:37:27.746000+00:00,router_input_pkts_total,->4,1-112,unknown,0.0,1.692,0.0
2025-10-15T19:37:27.746000+00:00,router_input_pkts_total,->6,1-112,unknown,0.0,1.692,0.0
2025-10-15T19:37:27.746000+00:00,router_input_pkts_total,->7,1-112,unknown,0.0,1.692,0.0
2025-10-15T19:37:27.746000+00:00,router_input_pkts_total,5,1-112,1-113,471.0,1.692,278.36879432624113
2025-10-15T19:37:27.746000+00:00,router_input_pkts_total,internal,1-112,1-112,452.0,1.692,267.1394799054374
2025-10-15T19:37:27.746000+00:00,router_input_pkts_total,physical_local,1-112,local,452.0,1.692,267.1394799054374
2025-10-15T19:37:27.746000+00:00,router_input_pkts_total,physical_remote,1-112,remote,471.0,1.692,278.36879432624113
2025-10-15T19:37:27.746000+00:00,router_output_bytes_total,->1,1-112,unknown,0.0,1.692,0.0
2025-10-15T19:37:27.746000+00:00,router_output_bytes_total,->2,1-112,unknown,0.0,1.692,0.0
2025-10-15T19:37:27.746000+00:00,router_output_bytes_total,->3,1-112,unknown,0.0,1.692,0.0
2025-10-15T19:37:27.746000+00:00,router_output_bytes_total,->4,1-112,unknown,0.0,1.692,0.0
2025-10-15T19:37:27.746000+00:00,router_output_bytes_total,->6,1-112,unknown,0.0,1.692,0.0
2025-10-15T19:37:27.746000+00:00,router_output_bytes_total,->7,1-112,unknown,0.0,1.692,0.0
2025-10-15T19:37:27.746000+00:00,router_output_bytes_total,5,1-112,1-113,279977.0,1.692,165471.0401891253
2025-10-15T19:37:27.746000+00:00,router_output_bytes_total,internal,1-112,1-112,123471.0,1.692,72973.40425531915
2025-10-15T19:37:27.746000+00:00,router_output_bytes_total,physical_local,1-112,local,123471.0,1.692,72973.40425531915
2025-10-15T19:37:27.746000+00:00,router_output_bytes_total,physical_remote,1-112,remote,279977.0,1.692,165471.0401891253
2025-10-15T19:37:27.746000+00:00,router_output_pkts_total,->1,1-112,unknown,0.0,1.692,0.0
2025-10-15T19:37:27.746000+00:00,router_output_pkts_total,->2,1-112,unknown,0.0,1.692,0.0
2025-10-15T19:37:27.746000+00:00,router_output_pkts_total,->3,1-112,unknown,0.0,1.692,0.0
2025-10-15T19:37:27.746000+00:00,router_output_pkts_total,->4,1-112,unknown,0.0,1.692,0.0
2025-10-15T19:37:27.746000+00:00,router_output_pkts_total,->6,1-112,unknown,0.0,1.692,0.0
2025-10-15T19:37:27.746000+00:00,router_output_pkts_total,->7,1-112,unknown,0.0,1.692,0.0
2025-10-15T19:37:27.746000+00:00,router_output_pkts_total,5,1-112,1-113,503.0,1.692,297.2813238770686
2025-10-15T19:37:27.746000+00:00,router_output_pkts_total,internal,1-112,1-112,424.0,1.692,250.59101654846336
2025-10-15T19:37:27.746000+00:00,router_output_pkts_total,physical_local,1-112,local,424.0,1.692,250.59101654846336
2025-10-15T19:37:27.746000+00:00,router_output_pkts_total,physical_remote,1-112,remote,503.0,1.692,297.2813238770686
2025-10-15T19:37:29.647000+00:00,router_dropped_pkts_total,->1,1-112,unknown,0.0,1.901,0.0
2025-10-15T19:37:29.647000+00:00,router_dropped_pkts_total,->2,1-112,unknown,0.0,1.901,0.0
2025-10-15T19:37:29.647000+00:00,router_dropped_pkts_total,->3,1-112,unknown,0.0,1.901,0.0
2025-10-15T19:37:29.647000+00:00,router_dropped_pkts_total,->4,1-112,unknown,0.0,1.901,0.0
2025-10-15T19:37:29.647000+00:00,router_dropped_pkts_total,->6,1-112,unknown,0.0,1.901,0.0
2025-10-15T19:37:29.647000+00:00,router_dropped_pkts_total,->7,1-112,unknown,0.0,1.901,0.0
2025-10-15T19:37:29.647000+00:00,router_dropped_pkts_total,5,1-112,1-113,0.0,1.901,0.0
2025-10-15T19:37:29.647000+00:00,router_dropped_pkts_total,internal,1-112,1-112,0.0,1.901,0.0
2025-10-15T19:37:29.647000+00:00,router_dropped_pkts_total,physical_local,1-112,local,0.0,1.901,0.0
2025-10-15T19:37:29.647000+00:00,router_dropped_pkts_total,physical_remote,1-112,remote,0.0,1.901,0.0
2025-10-15T19:37:29.647000+00:00,router_input_bytes_total,->1,1-112,unknown,0.0,1.901,0.0
2025-10-15T19:37:29.647000+00:00,router_input_bytes_total,->2,1-112,unknown,0.0,1.901,0.0
2025-10-15T19:37:29.647000+00:00,router_input_bytes_total,->3,1-112,unknown,0.0,1.901,0.0
2025-10-15T19:37:29.647000+00:00,router_input_bytes_total,->4,1-112,unknown,0.0,1.901,0.0
2025-10-15T19:37:29.647000+00:00,router_input_bytes_total,->6,1-112,unknown,0.0,1.901,0.0
2025-10-15T19:37:29.647000+00:00,router_input_bytes_total,->7,1-112,unknown,0.0,1.901,0.0
2025-10-15T19:37:29.647000+00:00,router_input_bytes_total,5,1-112,1-113,112353.0,1.901,59102.05155181483
2025-10-15T19:37:29.647000+00:00,router_input_bytes_total,internal,1-112,1-112,239519.0,1.901,125996.31772751184
2025-10-15T19:37:29.647000+00:00,router_input_bytes_total,physical_local,1-112,local,239519.0,1.901,125996.31772751184
2025-10-15T19:37:29.647000+00:00,router_input_bytes_total,physical_remote,1-112,remote,112353.0,1.901,59102.05155181483
2025-10-15T19:37:29.647000+00:00,router_input_pkts_total,->1,1-112,unknown,0.0,1.901,0.0
2025-10-15T19:37:29.647000+00:00,router_input_pkts_total,->2,1-112,unknown,0.0,1.901,0.0
2025-10-15T19:37:29.647000+00:00,router_input_pkts_total,->3,1-112,unknown,0.0,1.901,0.0
2025-10-15T19:37:29.647000+00:00,router_input_pkts_total,->4,1-112,unknown,0.0,1.901,0.0
2025-10-15T19:37:29.647000+00:00,router_input_pkts_total,->6,1-112,unknown,0.0,1.901,0.0
2025-10-15T19:37:29.647000+00:00,router_input_pkts_total,->7,1-112,unknown,0.0,1.901,0.0
2025-10-15T19:37:29.647000+00:00,router_input_pkts_total,5,1-112,1-113,374.0,1.901,196.73855865334033
2025-10-15T19:37:29.647000+00:00,router_input_pkts_total,internal,1-112,1-112,356.0,1.901,187.26985796948975
2025-10-15T19:37:29.647000+00:00,router_input_pkts_total,physical_local,1-112,local,356.0,1.901,187.26985796948975
2025-10-15T19:37:29.647000+00:00,router_input_pkts_total,physical_remote,1-112,remote,374.0,1.901,196.73855865334033
2025-10-15T19:37:29.647000+00:00,router_output_bytes_total,->1,1-112,unknown,0.0,1.901,0.0
2025-10-15T19:37:29.647000+00:00,router_output_bytes_total,->2,1-112,unknown,0.0,1.901,0.0
2025-10-15T19:37:29.647000+00:00,router_output_bytes_total,->3,1-112,unknown,0.0,1.901,0.0
2025-10-15T19:37:29.647000+00:00,router_output_bytes_total,->4,1-112,unknown,0.0,1.901,0.0
2025-10-15T19:37:29.647000+00:00,router_output_bytes_total,->6,1-112,unknown,0.0,1.901,0.0
2025-10-15T19:37:29.647000+00:00,router_output_bytes_total,->7,1-112,unknown,0.0,1.901,0.0
2025-10-15T19:37:29.647000+00:00,router_output_bytes_total,5,1-112,1-113,243887.0,1.901,128294.05576012624
2025-10-15T19:37:29.647000+00:00,router_output_bytes_total,internal,1-112,1-112,108141.0,1.901,56886.37559179379
2025-10-15T19:37:29.647000+00:00,router_output_bytes_total,physical_local,1-112,local,108141.0,1.901,56886.37559179379
2025-10-15T19:37:29.647000+00:00,router_output_bytes_total,physical_remote,1-112,remote,243887.0,1.901,128294.05576012624
2025-10-15T19:37:29.647000+00:00,router_output_pkts_total,->1,1-112,unknown,0.0,1.901,0.0
2025-10-15T19:37:29.647000+00:00,router_output_pkts_total,->2,1-112,unknown,0.0,1.901,0.0
2025-10-15T19:37:29.647000+00:00,router_output_pkts_total,->3,1-112,unknown,0.0,1.901,0.0
2025-10-15T19:37:29.647000+00:00,router_output_pkts_total,->4,1-112,unknown,0.0,1.901,0.0
2025-10-15T19:37:29.647000+00:00,router_output_pkts_total,->6,1-112,unknown,0.0,1.901,0.0
2025-10-15T19:37:29.647000+00:00,router_output_pkts_total,->7,1-112,unknown,0.0,1.901,0.0
2025-10-15T19:37:29.647000+00:00,router_output_pkts_total,5,1-112,1-113,395.0,1.901,207.78537611783273
2025-10-15T19:37:29.647000+00:00,router_output_pkts_total,internal,1-112,1-112,335.0,1.901,176.22304050499736
2025-10-15T19:37:29.647000+00:00,router_output_pkts_total,physical_local,1-112,local,335.0,1.901,176.22304050499736
2025-10-15T19:37:29.647000+00:00,router_output_pkts_total,physical_remote,1-112,remote,395.0,1.901,207.78537611783273
2025-10-15T19:37:31.483000+00:00,router_dropped_pkts_total,->1,1-112,unknown,0.0,1.836,0.0
2025-10-15T19:37:31.483000+00:00,router_dropped_pkts_total,->2,1-112,unknown,0.0,1.836,0.0
2025-10-15T19:37:31.483000+00:00,router_dropped_pkts_total,->3,1-112,unknown,0.0,1.836,0.0
2025-10-15T19:37:31.483000+00:00,router_dropped_pkts_total,->4,1-112,unknown,0.0,1.836,0.0
2025-10-15T19:37:31.483000+00:00,router_dropped_pkts_total,->6,1-112,unknown,0.0,1.836,0.0
2025-10-15T19:37:31.483000+00:00,router_dropped_pkts_total,->7,1-112,unknown,0.0,1.836,0.0
2025-10-15T19:37:31.483000+00:00,router_dropped_pkts_total,5,1-112,1-113,0.0,1.836,0.0
2025-10-15T19:37:31.483000+00:00,router_dropped_pkts_total,internal,1-112,1-112,0.0,1.836,0.0
2025-10-15T19:37:31.483000+00:00,router_dropped_pkts_total,physical_local,1-112,local,0.0,1.836,0.0
2025-10-15T19:37:31.483000+00:00,router_dropped_pkts_total,physical_remote,1-112,remote,0.0,1.836,0.0
2025-10-15T19:37:31.483000+00:00,router_input_bytes_total,->1,1-112,unknown,0.0,1.836,0.0
2025-10-15T19:37:31.483000+00:00,router_input_bytes_total,->2,1-112,unknown,0.0,1.836,0.0
2025-10-15T19:37:31.483000+00:00,router_input_bytes_total,->3,1-112,unknown,0.0,1.836,0.0
2025-10-15T19:37:31.483000+00:00,router_input_bytes_total,->4,1-112,unknown,0.0,1.836,0.0
2025-10-15T19:37:31.483000+00:00,router_input_bytes_total,->6,1-112,unknown,0.0,1.836,0.0
2025-10-15T19:37:31.483000+00:00,router_input_bytes_total,->7,1-112,unknown,0.0,1.836,0.0
2025-10-15T19:37:31.483000+00:00,router_input_bytes_total,5,1-112,1-113,142399.0,1.836,77559.36819172114
2025-10-15T19:37:31.483000+00:00,router_input_bytes_total,internal,1-112,1-112,282964.0,1.836,154119.825708061
2025-10-15T19:37:31.483000+00:00,router_input_bytes_total,physical_local,1-112,local,282964.0,1.836,154119.825708061
2025-10-15T19:37:31.483000+00:00,router_input_bytes_total,physical_remote,1-112,remote,142399.0,1.836,77559.36819172114
2025-10-15T19:37:31.483000+00:00,router_input_pkts_total,->1,1-112,unknown,0.0,1.836,0.0
2025-10-15T19:37:31.483000+00:00,router_input_pkts_total,->2,1-112,unknown,0.0,1.836,0.0
2025-10-15T19:37:31.483000+00:00,router_input_pkts_total,->3,1-112,unknown,0.0,1.836,0.0
2025-10-15T19:37:31.483000+00:00,router_input_pkts_total,->4,1-112,unknown,0.0,1.836,0.0
2025-10-15T19:37:31.483000+00:00,router_input_pkts_total,->6,1-112,unknown,0.0,1.836,0.0
2025-10-15T19:37:31.483000+00:00,router_input_pkts_total,->7,1-112,unknown,0.0,1.836,0.0
2025-10-15T19:37:31.483000+00:00,router_input_pkts_total,5,1-112,1-113,521.0,1.836,283.76906318082786
2025-10-15T19:37:31.483000+00:00,router_input_pkts_total,internal,1-112,1-112,492.0,1.836,267.9738562091503
2025-10-15T19:37:31.483000+00:00,router_input_pkts_total,physical_local,1-112,local,492.0,1.836,267.9738562091503
2025-10-15T19:37:31.483000+00:00,router_input_pkts_total,physical_remote,1-112,remote,521.0,1.836,283.76906318082786
2025-10-15T19:37:31.483000+00:00,router_output_bytes_total,->1,1-112,unknown,0.0,1.836,0.0
2025-10-15T19:37:31.483000+00:00,router_output_bytes_total,->2,1-112,unknown,0.0,1.836,0.0
2025-10-15T19:37:31.483000+00:00,router_output_bytes_total,->3,1-112,unknown,0.0,1.836,0.0
2025-10-15T19:37:31.483000+00:00,router_output_bytes_total,->4,1-112,unknown,0.0,1.836,0.0
2025-10-15T19:37:31.483000+00:00,router_output_bytes_total,->6,1-112,unknown,0.0,1.836,0.0
2025-10-15T19:37:31.483000+00:00,router_output_bytes_total,->7,1-112,unknown,0.0,1.836,0.0
2025-10-15T19:37:31.483000+00:00,router_output_bytes_total,5,1-112,1-113,289684.0,1.836,157779.95642701525
2025-10-15T19:37:31.483000+00:00,router_output_bytes_total,internal,1-112,1-112,135919.0,1.836,74029.95642701525
2025-10-15T19:37:31.483000+00:00,router_output_bytes_total,physical_local,1-112,local,135919.0,1.836,74029.95642701525
2025-10-15T19:37:31.483000+00:00,router_output_bytes_total,physical_remote,1-112,remote,289684.0,1.836,157779.95642701525
2025-10-15T19:37:31.483000+00:00,router_output_pkts_total,->1,1-112,unknown,0.0,1.836,0.0
2025-10-15T19:37:31.483000+00:00,router_output_pkts_total,->2,1-112,unknown,0.0,1.836,0.0
2025-10-15T19:37:31.483000+00:00,router_output_pkts_total,->3,1-112,unknown,0.0,1.836,0.0
2025-10-15T19:37:31.483000+00:00,router_output_pkts_total,->4,1-112,unknown,0.0,1.836,0.0
2025-10-15T19:37:31.483000+00:00,router_output_pkts_total,->6,1-112,unknown,0.0,1.836,0.0
2025-10-15T19:37:31.483000+00:00,router_output_pkts_total,->7,1-112,unknown,0.0,1.836,0.0
2025-10-15T19:37:31.483000+00:00,router_output_pkts_total,5,1-112,1-113,552.0,1.836,300.65359477124184
2025-10-15T19:37:31.483000+00:00,router_output_pkts_total,internal,1-112,1-112,461.0,1.836,251.08932461873638
2025-10-15T19:37:31.483000+00:00,router_output_pkts_total,physical_local,1-112,local,461.0,1.836,251.08932461873638
2025-10-15T19:37:31.483000+00:00,router_output_pkts_total,physical_remote,1-112,remote,552.0,1.836,300.65359477124184
2025-10-15T19:37:33.371000+00:00,router_dropped_pkts_total,->1,1-112,unknown,0.0,1.888,0.0
2025-10-15T19:37:33.371000+00:00,router_dropped_pkts_total,->2,1-112,unknown,0.0,1.888,0.0
2025-10-15T19:37:33.371000+00:00,router_dropped_pkts_total,->3,1-112,unknown,0.0,1.888,0.0
2025-10-15T19:37:33.371000+00:00,router_dropped_pkts_total,->4,1-112,unknown,0.0,1.888,0.0
2025-10-15T19:37:33.371000+00:00,router_dropped_pkts_total,->6,1-112,unknown,0.0,1.888,0.0
2025-10-15T19:37:33.371000+00:00,router_dropped_pkts_total,->7,1-112,unknown,0.0,1.888,0.0
2025-10-15T19:37:33.371000+00:00,router_dropped_pkts_total,5,1-112,1-113,0.0,1.888,0.0
2025-10-15T19:37:33.371000+00:00,router_dropped_pkts_total,internal,1-112,1-112,0.0,1.888,0.0
2025-10-15T19:37:33.371000+00:00,router_dropped_pkts_total,physical_local,1-112,local,0.0,1.888,0.0
2025-10-15T19:37:33.371000+00:00,router_dropped_pkts_total,physical_remote,1-112,remote,0.0,1.888,0.0
2025-10-15T19:37:33.371000+00:00,router_input_bytes_total,->1,1-112,unknown,0.0,1.888,0.0
2025-10-15T19:37:33.371000+00:00,router_input_bytes_total,->2,1-112,unknown,0.0,1.888,0.0
2025-10-15T19:37:33.371000+00:00,router_input_bytes_total,->3,1-112,unknown,0.0,1.888,0.0
2025-10-15T19:37:33.371000+00:00,router_input_bytes_total,->4,1-112,unknown,0.0,1.888,0.0
2025-10-15T19:37:33.371000+00:00,router_input_bytes_total,->6,1-112,unknown,0.0,1.888,0.0
2025-10-15T19:37:33.371000+00:00,router_input_bytes_total,->7,1-112,unknown,0.0,1.888,0.0
2025-10-15T19:37:33.371000+00:00,router_input_bytes_total,5,1-112,1-113,118298.0,1.888,62657.83898305085
2025-10-15T19:37:33.371000+00:00,router_input_bytes_total,internal,1-112,1-112,251232.0,1.888,133067.7966101695
2025-10-15T19:37:33.371000+00:00,router_input_bytes_total,physical_local,1-112,local,251232.0,1.888,133067.7966101695
2025-10-15T19:37:33.371000+00:00,router_input_bytes_total,physical_remote,1-112,remote,118298.0,1.888,62657.83898305085
2025-10-15T19:37:33.371000+00:00,router_input_pkts_total,->1,1-112,unknown,0.0,1.888,0.0
2025-10-15T19:37:33.371000+00:00,router_input_pkts_total,->2,1-112,unknown,0.0,1.888,0.0
2025-10-15T19:37:33.371000+00:00,router_input_pkts_total,->3,1-112,unknown,0.0,1.888,0.0
2025-10-15T19:37:33.371000+00:00,router_input_pkts_total,->4,1-112,unknown,0.0,1.888,0.0
2025-10-15T19:37:33.371000+00:00,router_input_pkts_total,->6,1-112,unknown,0.0,1.888,0.0
2025-10-15T19:37:33.371000+00:00,router_input_pkts_total,->7,1-112,unknown,0.0,1.888,0.0
2025-10-15T19:37:33.371000+00:00,router_input_pkts_total,5,1-112,1-113,439.0,1.888,232.52118644067798
2025-10-15T19:37:33.371000+00:00,router_input_pkts_total,internal,1-112,1-112,412.0,1.888,218.22033898305085
2025-10-15T19:37:33.371000+00:00,router_input_pkts_total,physical_local,1-112,local,412.0,1.888,218.22033898305085
2025-10-15T19:37:33.371000+00:00,router_input_pkts_total,physical_remote,1-112,remote,439.0,1.888,232.52118644067798
2025-10-15T19:37:33.371000+00:00,router_output_bytes_total,->1,1-112,unknown,0.0,1.888,0.0
2025-10-15T19:37:33.371000+00:00,router_output_bytes_total,->2,1-112,unknown,0.0,1.888,0.0
2025-10-15T19:37:33.371000+00:00,router_output_bytes_total,->3,1-112,unknown,0.0,1.888,0.0
2025-10-15T19:37:33.371000+00:00,router_output_bytes_total,->4,1-112,unknown,0.0,1.888,0.0
2025-10-15T19:37:33.371000+00:00,router_output_bytes_total,->6,1-112,unknown,0.0,1.888,0.0
2025-10-15T19:37:33.371000+00:00,router_output_bytes_total,->7,1-112,unknown,0.0,1.888,0.0
2025-10-15T19:37:33.371000+00:00,router_output_bytes_total,5,1-112,1-113,257952.0,1.888,136627.1186440678
2025-10-15T19:37:33.371000+00:00,router_output_bytes_total,internal,1-112,1-112,112936.0,1.888,59817.7966101695
2025-10-15T19:37:33.371000+00:00,router_output_bytes_total,physical_local,1-112,local,112936.0,1.888,59817.7966101695
2025-10-15T19:37:33.371000+00:00,router_output_bytes_total,physical_remote,1-112,remote,257952.0,1.888,136627.1186440678
2025-10-15T19:37:33.371000+00:00,router_output_pkts_total,->1,1-112,unknown,0.0,1.888,0.0
2025-10-15T19:37:33.371000+00:00,router_output_pkts_total,->2,1-112,unknown,0.0,1.888,0.0
2025-10-15T19:37:33.371000+00:00,router_output_pkts_total,->3,1-112,unknown,0.0,1.888,0.0
2025-10-15T19:37:33.371000+00:00,router_output_pkts_total,->4,1-112,unknown,0.0,1.888,0.0
2025-10-15T19:37:33.371000+00:00,router_output_pkts_total,->6,1-112,unknown,0.0,1.888,0.0
2025-10-15T19:37:33.371000+00:00,router_output_pkts_total,->7,1-112,unknown,0.0,1.888,0.0
2025-10-15T19:37:33.371000+00:00,router_output_pkts_total,5,1-112,1-113,472.0,1.888,250.0
2025-10-15T19:37:33.371000+00:00,router_output_pkts_total,internal,1-112,1-112,379.0,1.888,200.74152542372883
2025-10-15T19:37:33.371000+00:00,router_output_pkts_total,physical_local,1-112,local,379.0,1.888,200.74152542372883
2025-10-15T19:37:33.371000+00:00,router_output_pkts_total,physical_remote,1-112,remote,472.0,1.888,250.0
2025-10-15T19:37:35.175000+00:00,router_dropped_pkts_total,->1,1-112,unknown,0.0,1.804,0.0
2025-10-15T19:37:35.175000+00:00,router_dropped_pkts_total,->2,1-112,unknown,0.0,1.804,0.0
2025-10-15T19:37:35.175000+00:00,router_dropped_pkts_total,->3,1-112,unknown,0.0,1.804,0.0
2025-10-15T19:37:35.175000+00:00,router_dropped_pkts_total,->4,1-112,unknown,0.0,1.804,0.0
2025-10-15T19:37:35.175000+00:00,router_dropped_pkts_total,->6,1-112,unknown,0.0,1.804,0.0
2025-10-15T19:37:35.175000+00:00,router_dropped_pkts_total,->7,1-112,unknown,0.0,1.804,0.0
2025-10-15T19:37:35.175000+00:00,router_dropped_pkts_total,5,1-112,1-113,0.0,1.804,0.0
2025-10-15T19:37:35.175000+00:00,router_dropped_pkts_total,internal,1-112,1-112,0.0,1.804,0.0
2025-10-15T19:37:35.175000+00:00,router_dropped_pkts_total,physical_local,1-112,local,0.0,1.804,0.0
2025-10-15T19:37:35.175000+00:00,router_dropped_pkts_total,physical_remote,1-112,remote,0.0,1.804,0.0
2025-10-15T19:37:35.175000+00:00,router_input_bytes_total,->1,1-112,unknown,0.0,1.804,0.0
2025-10-15T19:37:35.175000+00:00,router_input_bytes_total,->2,1-112,unknown,0.0,1.804,0.0
2025-10-15T19:37:35.175000+00:00,router_input_bytes_total,->3,1-112,unknown,0.0,1.804,0.0
2025-10-15T19:37:35.175000+00:00,router_input_bytes_total,->4,1-112,unknown,0.0,1.804,0.0
2025-10-15T19:37:35.175000+00:00,router_input_bytes_total,->6,1-112,unknown,0.0,1.804,0.0
2025-10-15T19:37:35.175000+00:00,router_input_bytes_total,->7,1-112,unknown,0.0,1.804,0.0
2025-10-15T19:37:35.175000+00:00,router_input_bytes_total,5,1-112,1-113,123920.0,1.804,68691.79600886918
2025-10-15T19:37:35.175000+00:00,router_input_bytes_total,internal,1-112,1-112,251895.0,1.804,139631.37472283814
2025-10-15T19:37:35.175000+00:00,router_input_bytes_total,physical_local,1-112,local,251895.0,1.804,139631.37472283814
2025-10-15T19:37:35.175000+00:00,router_input_bytes_total,physical_remote,1-112,remote,123920.0,1.804,68691.79600886918
2025-10-15T19:37:35.175000+00:00,router_input_pkts_total,->1,1-112,unknown,0.0,1.804,0.0
2025-10-15T19:37:35.175000+00:00,router_input_pkts_total,->2,1-112,unknown,0.0,1.804,0.0
2025-10-15T19:37:35.175000+00:00,router_input_pkts_total,->3,1-112,unknown,0.0,1.804,0.0
2025-10-15T19:37:35.175000+00:00,router_input_pkts_total,->4,1-112,unknown,0.0,1.804,0.0
2025-10-15T19:37:35.175000+00:00,router_input_pkts_total,->6,1-112,unknown,0.0,1.804,0.0
2025-10-15T19:37:35.175000+00:00,router_input_pkts_total,->7,1-112,unknown,0.0,1.804,0.0
2025-10-15T19:37:35.175000+00:00,router_input_pkts_total,5,1-112,1-113,455.0,1.804,252.21729490022173
2025-10-15T19:37:35.175000+00:00,router_input_pkts_total,internal,1-112,1-112,419.0,1.804,232.26164079822615
2025-10-15T19:37:35.175000+00:00,router_input_pkts_total,physical_local,1-112,local,419.0,1.804,232.26164079822615
2025-10-15T19:37:35.175000+00:00,router_input_pkts_total,physical_remote,1-112,remote,455.0,1.804,252.21729490022173
2025-10-15T19:37:35.175000+00:00,router_output_bytes_total,->1,1-112,unknown,0.0,1.804,0.0
2025-10-15T19:37:35.175000+00:00,router_output_bytes_total,->2,1-112,unknown,0.0,1.804,0.0
2025-10-15T19:37:35.175000+00:00,router_output_bytes_total,->3,1-112,unknown,0.0,1.804,0.0
2025-10-15T19:37:35.175000+00:00,router_output_bytes_total,->4,1-112,unknown,0.0,1.804,0.0
2025-10-15T19:37:35.175000+00:00,router_output_bytes_total,->6,1-112,unknown,0.0,1.804,0.0
2025-10-15T19:37:35.175000+00:00,router_output_bytes_total,->7,1-112,unknown,0.0,1.804,0.0
2025-10-15T19:37:35.175000+00:00,router_output_bytes_total,5,1-112,1-113,259733.0,1.804,143976.1640798226
2025-10-15T19:37:35.175000+00:00,router_output_bytes_total,internal,1-112,1-112,116322.0,1.804,64480.044345898
2025-10-15T19:37:35.175000+00:00,router_output_bytes_total,physical_local,1-112,local,116322.0,1.804,64480.044345898
2025-10-15T19:37:35.175000+00:00,router_output_bytes_total,physical_remote,1-112,remote,259733.0,1.804,143976.1640798226
2025-10-15T19:37:35.175000+00:00,router_output_pkts_total,->1,1-112,unknown,0.0,1.804,0.0
2025-10-15T19:37:35.175000+00:00,router_output_pkts_total,->2,1-112,unknown,0.0,1.804,0.0
2025-10-15T19:37:35.175000+00:00,router_output_pkts_total,->3,1-112,unknown,0.0,1.804,0.0
2025-10-15T19:37:35.175000+00:00,router_output_pkts_total,->4,1-112,unknown,0.0,1.804,0.0
2025-10-15T19:37:35.175000+00:00,router_output_pkts_total,->6,1-112,unknown,0.0,1.804,0.0
2025-10-15T19:37:35.175000+00:00,router_output_pkts_total,->7,1-112,unknown,0.0,1.804,0.0
2025-10-15T19:37:35.175000+00:00,router_output_pkts_total,5,1-112,1-113,479.0,1.804,265.5210643015521
2025-10-15T19:37:35.175000+00:00,router_output_pkts_total,internal,1-112,1-112,395.0,1.804,218.95787139689577
2025-10-15T19:37:35.175000+00:00,router_output_pkts_total,physical_local,1-112,local,395.0,1.804,218.95787139689577
2025-10-15T19:37:35.175000+00:00,router_output_pkts_total,physical_remote,1-112,remote,479.0,1.804,265.5210643015521
2025-10-15T19:37:36.695000+00:00,router_dropped_pkts_total,->1,1-112,unknown,0.0,1.52,0.0
2025-10-15T19:37:36.695000+00:00,router_dropped_pkts_total,->2,1-112,unknown,0.0,1.52,0.0
2025-10-15T19:37:36.695000+00:00,router_dropped_pkts_total,->3,1-112,unknown,0.0,1.52,0.0
2025-10-15T19:37:36.695000+00:00,router_dropped_pkts_total,->4,1-112,unknown,0.0,1.52,0.0
2025-10-15T19:37:36.695000+00:00,router_dropped_pkts_total,->6,1-112,unknown,0.0,1.52,0.0
2025-10-15T19:37:36.695000+00:00,router_dropped_pkts_total,->7,1-112,unknown,0.0,1.52,0.0
2025-10-15T19:37:36.695000+00:00,router_dropped_pkts_total,5,1-112,1-113,0.0,1.52,0.0
2025-10-15T19:37:36.695000+00:00,router_dropped_pkts_total,internal,1-112,1-112,0.0,1.52,0.0
2025-10-15T19:37:36.695000+00:00,router_dropped_pkts_total,physical_local,1-112,local,0.0,1.52,0.0
2025-10-15T19:37:36.695000+00:00,router_dropped_pkts_total,physical_remote,1-112,remote,0.0,1.52,0.0
2025-10-15T19:37:36.695000+00:00,router_input_bytes_total,->1,1-112,unknown,0.0,1.52,0.0
2025-10-15T19:37:36.695000+00:00,router_input_bytes_total,->2,1-112,unknown,0.0,1.52,0.0
2025-10-15T19:37:36.695000+00:00,router_input_bytes_total,->3,1-112,unknown,0.0,1.52,0.0
2025-10-15T19:37:36.695000+00:00,router_input_bytes_total,->4,1-112,unknown,0.0,1.52,0.0
2025-10-15T19:37:36.695000+00:00,router_input_bytes_total,->6,1-112,unknown,0.0,1.52,0.0
2025-10-15T19:37:36.695000+00:00,router_input_bytes_total,->7,1-112,unknown,0.0,1.52,0.0
2025-10-15T19:37:36.695000+00:00,router_input_bytes_total,5,1-112,1-113,127240.0,1.52,83710.52631578947
2025-10-15T19:37:36.695000+00:00,router_input_bytes_total,internal,1-112,1-112,258693.0,1.52,170192.76315789475
2025-10-15T19:37:36.695000+00:00,router_input_bytes_total,physical_local,1-112,local,258693.0,1.52,170192.76315789475
2025-10-15T19:37:36.695000+00:00,router_input_bytes_total,physical_remote,1-112,remote,127240.0,1.52,83710.52631578947
2025-10-15T19:37:36.695000+00:00,router_input_pkts_total,->1,1-112,unknown,0.0,1.52,0.0
2025-10-15T19:37:36.695000+00:00,router_input_pkts_total,->2,1-112,unknown,0.0,1.52,0.0
2025-10-15T19:37:36.695000+00:00,router_input_pkts_total,->3,1-112,unknown,0.0,1.52,0.0
2025-10-15T19:37:36.695000+00:00,router_input_pkts_total,->4,1-112,unknown,0.0,1.52,0.0
2025-10-15T19:37:36.695000+00:00,router_input_pkts_total,->6,1-112,unknown,0.0,1.52,0.0
2025-10-15T19:37:36.695000+00:00,router_input_pkts_total,->7,1-112,unknown,0.0,1.52,0.0
2025-10-15T19:37:36.695000+00:00,router_input_pkts_total,5,1-112,1-113,443.0,1.52,291.4473684210526
2025-10-15T19:37:36.695000+00:00,router_input_pkts_total,internal,1-112,1-112,430.0,1.52,282.89473684210526
2025-10-15T19:37:36.695000+00:00,router_input_pkts_total,physical_local,1-112,local,430.0,1.52,282.89473684210526
2025-10-15T19:37:36.695000+00:00,router_input_pkts_total,physical_remote,1-112,remote,443.0,1.52,291.4473684210526
2025-10-15T19:37:36.695000+00:00,router_output_bytes_total,->1,1-112,unknown,0.0,1.52,0.0
2025-10-15T19:37:36.695000+00:00,router_output_bytes_total,->2,1-112,unknown,0.0,1.52,0.0
2025-10-15T19:37:36.695000+00:00,router_output_bytes_total,->3,1-112,unknown,0.0,1.52,0.0
2025-10-15T19:37:36.695000+00:00,router_output_bytes_total,->4,1-112,unknown,0.0,1.52,0.0
2025-10-15T19:37:36.695000+00:00,router_output_bytes_total,->6,1-112,unknown,0.0,1.52,0.0
2025-10-15T19:37:36.695000+00:00,router_output_bytes_total,->7,1-112,unknown,0.0,1.52,0.0
2025-10-15T19:37:36.695000+00:00,router_output_bytes_total,5,1-112,1-113,262615.0,1.52,172773.02631578947
2025-10-15T19:37:36.695000+00:00,router_output_bytes_total,internal,1-112,1-112,122380.0,1.52,80513.15789473684
2025-10-15T19:37:36.695000+00:00,router_output_bytes_total,physical_local,1-112,local,122380.0,1.52,80513.15789473684
2025-10-15T19:37:36.695000+00:00,router_output_bytes_total,physical_remote,1-112,remote,262615.0,1.52,172773.02631578947
2025-10-15T19:37:36.695000+00:00,router_output_pkts_total,->1,1-112,unknown,0.0,1.52,0.0
2025-10-15T19:37:36.695000+00:00,router_output_pkts_total,->2,1-112,unknown,0.0,1.52,0.0
2025-10-15T19:37:36.695000+00:00,router_output_pkts_total,->3,1-112,unknown,0.0,1.52,0.0
2025-10-15T19:37:36.695000+00:00,router_output_pkts_total,->4,1-112,unknown,0.0,1.52,0.0
2025-10-15T19:37:36.695000+00:00,router_output_pkts_total,->6,1-112,unknown,0.0,1.52,0.0
2025-10-15T19:37:36.695000+00:00,router_output_pkts_total,->7,1-112,unknown,0.0,1.52,0.0
2025-10-15T19:37:36.695000+00:00,router_output_pkts_total,5,1-112,1-113,475.0,1.52,312.5
2025-10-15T19:37:36.695000+00:00,router_output_pkts_total,internal,1-112,1-112,398.0,1.52,261.8421052631579
2025-10-15T19:37:36.695000+00:00,router_output_pkts_total,physical_local,1-112,local,398.0,1.52,261.8421052631579
2025-10-15T19:37:36.695000+00:00,router_output_pkts_total,physical_remote,1-112,remote,475.0,1.52,312.5
2025-10-15T19:37:38.555000+00:00,router_dropped_pkts_total,->1,1-112,unknown,0.0,1.86,0.0
2025-10-15T19:37:38.555000+00:00,router_dropped_pkts_total,->2,1-112,unknown,0.0,1.86,0.0
2025-10-15T19:37:38.555000+00:00,router_dropped_pkts_total,->3,1-112,unknown,0.0,1.86,0.0
2025-10-15T19:37:38.555000+00:00,router_dropped_pkts_total,->4,1-112,unknown,0.0,1.86,0.0
2025-10-15T19:37:38.555000+00:00,router_dropped_pkts_total,->6,1-112,unknown,0.0,1.86,0.0
2025-10-15T19:37:38.555000+00:00,router_dropped_pkts_total,->7,1-112,unknown,0.0,1.86,0.0
2025-10-15T19:37:38.555000+00:00,router_dropped_pkts_total,5,1-112,1-113,0.0,1.86,0.0
2025-10-15T19:37:38.555000+00:00,router_dropped_pkts_total,internal,1-112,1-112,0.0,1.86,0.0
2025-10-15T19:37:38.555000+00:00,router_dropped_pkts_total,physical_local,1-112,local,0.0,1.86,0.0
2025-10-15T19:37:38.555000+00:00,router_dropped_pkts_total,physical_remote,1-112,remote,0.0,1.86,0.0
2025-10-15T19:37:38.555000+00:00,router_input_bytes_total,->1,1-112,unknown,0.0,1.86,0.0
2025-10-15T19:37:38.555000+00:00,router_input_bytes_total,->2,1-112,unknown,0.0,1.86,0.0
2025-10-15T19:37:38.555000+00:00,router_input_bytes_total,->3,1-112,unknown,0.0,1.86,0.0
2025-10-15T19:37:38.555000+00:00,router_input_bytes_total,->4,1-112,unknown,0.0,1.86,0.0
2025-10-15T19:37:38.555000+00:00,router_input_bytes_total,->6,1-112,unknown,0.0,1.86,0.0
2025-10-15T19:37:38.555000+00:00,router_input_bytes_total,->7,1-112,unknown,0.0,1.86,0.0
2025-10-15T19:37:38.555000+00:00,router_input_bytes_total,5,1-112,1-113,109006.0,1.86,58605.37634408602
2025-10-15T19:37:38.555000+00:00,router_input_bytes_total,internal,1-112,1-112,236414.0,1.86,127104.30107526881
2025-10-15T19:37:38.555000+00:00,router_input_bytes_total,physical_local,1-112,local,236414.0,1.86,127104.30107526881
2025-10-15T19:37:38.555000+00:00,router_input_bytes_total,physical_remote,1-112,remote,109006.0,1.86,58605.37634408602
2025-10-15T19:37:38.555000+00:00,router_input_pkts_total,->1,1-112,unknown,0.0,1.86,0.0
2025-10-15T19:37:38.555000+00:00,router_input_pkts_total,->2,1-112,unknown,0.0,1.86,0.0
2025-10-15T19:37:38.555000+00:00,router_input_pkts_total,->3,1-112,unknown,0.0,1.86,0.0
2025-10-15T19:37:38.555000+00:00,router_input_pkts_total,->4,1-112,unknown,0.0,1.86,0.0
2025-10-15T19:37:38.555000+00:00,router_input_pkts_total,->6,1-112,unknown,0.0,1.86,0.0
2025-10-15T19:37:38.555000+00:00,router_input_pkts_total,->7,1-112,unknown,0.0,1.86,0.0
2025-10-15T19:37:38.555000+00:00,router_input_pkts_total,5,1-112,1-113,385.0,1.86,206.98924731182794
2025-10-15T19:37:38.555000+00:00,router_input_pkts_total,internal,1-112,1-112,371.0,1.86,199.46236559139783
2025-10-15T19:37:38.555000+00:00,router_input_pkts_total,physical_local,1-112,local,371.0,1.86,199.46236559139783
2025-10-15T19:37:38.555000+00:00,router_input_pkts_total,physical_remote,1-112,remote,385.0,1.86,206.98924731182794
2025-10-15T19:37:38.555000+00:00,router_output_bytes_total,->1,1-112,unknown,0.0,1.86,0.0
2025-10-15T19:37:38.555000+00:00,router_output_bytes_total,->2,1-112,unknown,0.0,1.86,0.0
2025-10-15T19:37:38.555000+00:00,router_output_bytes_total,->3,1-112,unknown,0.0,1.86,0.0
2025-10-15T19:37:38.555000+00:00,router_output_bytes_total,->4,1-112,unknown,0.0,1.86,0.0
2025-10-15T19:37:38.555000+00:00,router_output_bytes_total,->6,1-112,unknown,0.0,1.86,0.0
2025-10-15T19:37:38.555000+00:00,router_output_bytes_total,->7,1-112,unknown,0.0,1.86,0.0
2025-10-15T19:37:38.555000+00:00,router_output_bytes_total,5,1-112,1-113,241454.0,1.86,129813.97849462365
2025-10-15T19:37:38.555000+00:00,router_output_bytes_total,internal,1-112,1-112,104146.0,1.86,55992.473118279566
2025-10-15T19:37:38.555000+00:00,router_output_bytes_total,physical_local,1-112,local,104146.0,1.86,55992.473118279566
2025-10-15T19:37:38.555000+00:00,router_output_bytes_total,physical_remote,1-112,remote,241454.0,1.86,129813.97849462365
2025-10-15T19:37:38.555000+00:00,router_output_pkts_total,->1,1-112,unknown,0.0,1.86,0.0
2025-10-15T19:37:38.555000+00:00,router_output_pkts_total,->2,1-112,unknown,0.0,1.86,0.0
2025-10-15T19:37:38.555000+00:00,router_output_pkts_total,->3,1-112,unknown,0.0,1.86,0.0
2025-10-15T19:37:38.555000+00:00,router_output_pkts_total,->4,1-112,unknown,0.0,1.86,0.0
2025-10-15T19:37:38.555000+00:00,router_output_pkts_total,->6,1-112,unknown,0.0,1.86,0.0
2025-10-15T19:37:38.555000+00:00,router_output_pkts_total,->7,1-112,unknown,0.0,1.86,0.0
2025-10-15T19:37:38.555000+00:00,router_output_pkts_total,5,1-112,1-113,416.0,1.86,223.65591397849462
2025-10-15T19:37:38.555000+00:00,router_output_pkts_total,internal,1-112,1-112,340.0,1.86,182.79569892473117
2025-10-15T19:37:38.555000+00:00,router_output_pkts_total,physical_local,1-112,local,340.0,1.86,182.79569892473117
2025-10-15T19:37:38.555000+00:00,router_output_pkts_total,physical_remote,1-112,remote,416.0,1.86,223.65591397849462
2025-10-15T19:37:40.378000+00:00,router_dropped_pkts_total,->1,1-112,unknown,0.0,1.823,0.0
2025-10-15T19:37:40.378000+00:00,router_dropped_pkts_total,->2,1-112,unknown,0.0,1.823,0.0
2025-10-15T19:37:40.378000+00:00,router_dropped_pkts_total,->3,1-112,unknown,0.0,1.823,0.0
2025-10-15T19:37:40.378000+00:00,router_dropped_pkts_total,->4,1-112,unknown,0.0,1.823,0.0
2025-10-15T19:37:40.378000+00:00,router_dropped_pkts_total,->6,1-112,unknown,0.0,1.823,0.0
2025-10-15T19:37:40.378000+00:00,router_dropped_pkts_total,->7,1-112,unknown,0.0,1.823,0.0
2025-10-15T19:37:40.378000+00:00,router_dropped_pkts_total,5,1-112,1-113,0.0,1.823,0.0
2025-10-15T19:37:40.378000+00:00,router_dropped_pkts_total,internal,1-112,1-112,0.0,1.823,0.0
2025-10-15T19:37:40.378000+00:00,router_dropped_pkts_total,physical_local,1-112,local,0.0,1.823,0.0
2025-10-15T19:37:40.378000+00:00,router_dropped_pkts_total,physical_remote,1-112,remote,0.0,1.823,0.0
2025-10-15T19:37:40.378000+00:00,router_input_bytes_total,->1,1-112,unknown,0.0,1.823,0.0
2025-10-15T19:37:40.378000+00:00,router_input_bytes_total,->2,1-112,unknown,0.0,1.823,0.0
2025-10-15T19:37:40.378000+00:00,router_input_bytes_total,->3,1-112,unknown,0.0,1.823,0.0
2025-10-15T19:37:40.378000+00:00,router_input_bytes_total,->4,1-112,unknown,0.0,1.823,0.0
2025-10-15T19:37:40.378000+00:00,router_input_bytes_total,->6,1-112,unknown,0.0,1.823,0.0
2025-10-15T19:37:40.378000+00:00,router_input_bytes_total,->7,1-112,unknown,0.0,1.823,0.0
2025-10-15T19:37:40.378000+00:00,router_input_bytes_total,5,1-112,1-113,120619.0,1.823,66165.1124520022
2025-10-15T19:37:40.378000+00:00,router_input_bytes_total,internal,1-112,1-112,246253.0,1.823,135081.18486012067
2025-10-15T19:37:40.378000+00:00,router_input_bytes_total,physical_local,1-112,local,246253.0,1.823,135081.18486012067
2025-10-15T19:37:40.378000+00:00,router_input_bytes_total,physical_remote,1-112,remote,120619.0,1.823,66165.1124520022
2025-10-15T19:37:40.378000+00:00,router_input_pkts_total,->1,1-112,unknown,0.0,1.823,0.0
2025-10-15T19:37:40.378000+00:00,router_input_pkts_total,->2,1-112,unknown,0.0,1.823,0.0
2025-10-15T19:37:40.378000+00:00,router_input_pkts_total,->3,1-112,unknown,0.0,1.823,0.0
2025-10-15T19:37:40.378000+00:00,router_input_pkts_total,->4,1-112,unknown,0.0,1.823,0.0
2025-10-15T19:37:40.378000+00:00,router_input_pkts_total,->6,1-112,unknown,0.0,1.823,0.0
2025-10-15T19:37:40.378000+00:00,router_input_pkts_total,->7,1-112,unknown,0.0,1.823,0.0
2025-10-15T19:37:40.378000+00:00,router_input_pkts_total,5,1-112,1-113,443.0,1.823,243.00603400987384
2025-10-15T19:37:40.378000+00:00,router_input_pkts_total,internal,1-112,1-112,404.0,1.823,221.61272627537028
2025-10-15T19:37:40.378000+00:00,router_input_pkts_total,physical_local,1-112,local,404.0,1.823,221.61272627537028
2025-10-15T19:37:40.378000+00:00,router_input_pkts_total,physical_remote,1-112,remote,443.0,1.823,243.00603400987384
2025-10-15T19:37:40.378000+00:00,router_output_bytes_total,->1,1-112,unknown,0.0,1.823,0.0
2025-10-15T19:37:40.378000+00:00,router_output_bytes_total,->2,1-112,unknown,0.0,1.823,0.0
2025-10-15T19:37:40.378000+00:00,router_output_bytes_total,->3,1-112,unknown,0.0,1.823,0.0
2025-10-15T19:37:40.378000+00:00,router_output_bytes_total,->4,1-112,unknown,0.0,1.823,0.0
2025-10-15T19:37:40.378000+00:00,router_output_bytes_total,->6,1-112,unknown,0.0,1.823,0.0
2025-10-15T19:37:40.378000+00:00,router_output_bytes_total,->7,1-112,unknown,0.0,1.823,0.0
2025-10-15T19:37:40.378000+00:00,router_output_bytes_total,5,1-112,1-113,252973.0,1.823,138767.4163466813
2025-10-15T19:37:40.378000+00:00,router_output_bytes_total,internal,1-112,1-112,114139.0,1.823,62610.532089961605
2025-10-15T19:37:40.378000+00:00,router_output_bytes_total,physical_local,1-112,local,114139.0,1.823,62610.532089961605
2025-10-15T19:37:40.378000+00:00,router_output_bytes_total,physical_remote,1-112,remote,252973.0,1.823,138767.4163466813
2025-10-15T19:37:40.378000+00:00,router_output_pkts_total,->1,1-112,unknown,0.0,1.823,0.0
2025-10-15T19:37:40.378000+00:00,router_output_pkts_total,->2,1-112,unknown,0.0,1.823,0.0
2025-10-15T19:37:40.378000+00:00,router_output_pkts_total,->3,1-112,unknown,0.0,1.823,0.0
2025-10-15T19:37:40.378000+00:00,router_output_pkts_total,->4,1-112,unknown,0.0,1.823,0.0
2025-10-15T19:37:40.378000+00:00,router_output_pkts_total,->6,1-112,unknown,0.0,1.823,0.0
2025-10-15T19:37:40.378000+00:00,router_output_pkts_total,->7,1-112,unknown,0.0,1.823,0.0
2025-10-15T19:37:40.378000+00:00,router_output_pkts_total,5,1-112,1-113,464.0,1.823,254.52550740537575
2025-10-15T19:37:40.378000+00:00,router_output_pkts_total,internal,1-112,1-112,383.0,1.823,210.09325287986834
2025-10-15T19:37:40.378000+00:00,router_output_pkts_total,physical_local,1-112,local,383.0,1.823,210.09325287986834
2025-10-15T19:37:40.378000+00:00,router_output_pkts_total,physical_remote,1-112,remote,464.0,1.823,254.52550740537575
2025-10-15T19:37:42.070000+00:00,router_dropped_pkts_total,->1,1-112,unknown,0.0,1.692,0.0
2025-10-15T19:37:42.070000+00:00,router_dropped_pkts_total,->2,1-112,unknown,0.0,1.692,0.0
2025-10-15T19:37:42.070000+00:00,router_dropped_pkts_total,->3,1-112,unknown,0.0,1.692,0.0
2025-10-15T19:37:42.070000+00:00,router_dropped_pkts_total,->4,1-112,unknown,0.0,1.692,0.0
2025-10-15T19:37:42.070000+00:00,router_dropped_pkts_total,->6,1-112,unknown,0.0,1.692,0.0
2025-10-15T19:37:42.070000+00:00,router_dropped_pkts_total,->7,1-112,unknown,0.0,1.692,0.0
2025-10-15T19:37:42.070000+00:00,router_dropped_pkts_total,5,1-112,1-113,0.0,1.692,0.0
2025-10-15T19:37:42.070000+00:00,router_dropped_pkts_total,internal,1-112,1-112,0.0,1.692,0.0
2025-10-15T19:37:42.070000+00:00,router_dropped_pkts_total,physical_local,1-112,local,0.0,1.692,0.0
2025-10-15T19:37:42.070000+00:00,router_dropped_pkts_total,physical_remote,1-112,remote,0.0,1.692,0.0
2025-10-15T19:37:42.070000+00:00,router_input_bytes_total,->1,1-112,unknown,0.0,1.692,0.0
2025-10-15T19:37:42.070000+00:00,router_input_bytes_total,->2,1-112,unknown,0.0,1.692,0.0
2025-10-15T19:37:42.070000+00:00,router_input_bytes_total,->3,1-112,unknown,0.0,1.692,0.0
2025-10-15T19:37:42.070000+00:00,router_input_bytes_total,->4,1-112,unknown,0.0,1.692,0.0
2025-10-15T19:37:42.070000+00:00,router_input_bytes_total,->6,1-112,unknown,0.0,1.692,0.0
2025-10-15T19:37:42.070000+00:00,router_input_bytes_total,->7,1-112,unknown,0.0,1.692,0.0
2025-10-15T19:37:42.070000+00:00,router_input_bytes_total,5,1-112,1-113,140419.0,1.692,82989.95271867613
2025-10-15T19:37:42.070000+00:00,router_input_bytes_total,internal,1-112,1-112,280467.0,1.692,165760.63829787236
2025-10-15T19:37:42.070000+00:00,router_input_bytes_total,physical_local,1-112,local,280467.0,1.692,165760.63829787236
2025-10-15T19:37:42.070000+00:00,router_input_bytes_total,physical_remote,1-112,remote,140419.0,1.692,82989.95271867613
2025-10-15T19:37:42.070000+00:00,router_input_pkts_total,->1,1-112,unknown,0.0,1.692,0.0
2025-10-15T19:37:42.070000+00:00,router_input_pkts_total,->2,1-112,unknown,0.0,1.692,0.0
2025-10-15T19:37:42.070000+00:00,router_input_pkts_total,->3,1-112,unknown,0.0,1.692,0.0
2025-10-15T19:37:42.070000+00:00,router_input_pkts_total,->4,1-112,unknown,0.0,1.692,0.0
2025-10-15T19:37:42.070000+00:00,router_input_pkts_total,->6,1-112,unknown,0.0,1.692,0.0
2025-10-15T19:37:42.070000+00:00,router_input_pkts_total,->7,1-112,unknown,0.0,1.692,0.0
2025-10-15T19:37:42.070000+00:00,router_input_pkts_total,5,1-112,1-113,512.0,1.692,302.60047281323875
2025-10-15T19:37:42.070000+00:00,router_input_pkts_total,internal,1-112,1-112,487.0,1.692,287.82505910165486
2025-10-15T19:37:42.070000+00:00,router_input_pkts_total,physical_local,1-112,local,487.0,1.692,287.82505910165486
2025-10-15T19:37:42.070000+00:00,router_input_pkts_total,physical_remote,1-112,remote,512.0,1.692,302.60047281323875
2025-10-15T19:37:42.070000+00:00,router_output_bytes_total,->1,1-112,unknown,0.0,1.692,0.0
2025-10-15T19:37:42.070000+00:00,router_output_bytes_total,->2,1-112,unknown,0.0,1.692,0.0
2025-10-15T19:37:42.070000+00:00,router_output_bytes_total,->3,1-112,unknown,0.0,1.692,0.0
2025-10-15T19:37:42.070000+00:00,router_output_bytes_total,->4,1-112,unknown,0.0,1.692,0.0
2025-10-15T19:37:42.070000+00:00,router_output_bytes_total,->6,1-112,unknown,0.0,1.692,0.0
2025-10-15T19:37:42.070000+00:00,router_output_bytes_total,->7,1-112,unknown,0.0,1.692,0.0
2025-10-15T19:37:42.070000+00:00,router_output_bytes_total,5,1-112,1-113,287187.0,1.692,169732.2695035461
2025-10-15T19:37:42.070000+00:00,router_output_bytes_total,internal,1-112,1-112,133939.0,1.692,79160.16548463357
2025-10-15T19:37:42.070000+00:00,router_output_bytes_total,physical_local,1-112,local,133939.0,1.692,79160.16548463357
2025-10-15T19:37:42.070000+00:00,router_output_bytes_total,physical_remote,1-112,remote,287187.0,1.692,169732.2695035461
2025-10-15T19:37:42.070000+00:00,router_output_pkts_total,->1,1-112,unknown,0.0,1.692,0.0
2025-10-15T19:37:42.070000+00:00,router_output_pkts_total,->2,1-112,unknown,0.0,1.692,0.0
2025-10-15T19:37:42.070000+00:00,router_output_pkts_total,->3,1-112,unknown,0.0,1.692,0.0
2025-10-15T19:37:42.070000+00:00,router_output_pkts_total,->4,1-112,unknown,0.0,1.692,0.0
2025-10-15T19:37:42.070000+00:00,router_output_pkts_total,->6,1-112,unknown,0.0,1.692,0.0
2025-10-15T19:37:42.070000+00:00,router_output_pkts_total,->7,1-112,unknown,0.0,1.692,0.0
2025-10-15T19:37:42.070000+00:00,router_output_pkts_total,5,1-112,1-113,548.0,1.692,323.87706855791964
2025-10-15T19:37:42.070000+00:00,router_output_pkts_total,internal,1-112,1-112,452.0,1.692,267.1394799054374
2025-10-15T19:37:42.070000+00:00,router_output_pkts_total,physical_local,1-112,local,452.0,1.692,267.1394799054374
2025-10-15T19:37:42.070000+00:00,router_output_pkts_total,physical_remote,1-112,remote,548.0,1.692,323.87706855791964
2025-10-15T19:37:43.734000+00:00,router_dropped_pkts_total,->1,1-112,unknown,0.0,1.664,0.0
2025-10-15T19:37:43.734000+00:00,router_dropped_pkts_total,->2,1-112,unknown,0.0,1.664,0.0
2025-10-15T19:37:43.734000+00:00,router_dropped_pkts_total,->3,1-112,unknown,0.0,1.664,0.0
2025-10-15T19:37:43.734000+00:00,router_dropped_pkts_total,->4,1-112,unknown,0.0,1.664,0.0
2025-10-15T19:37:43.734000+00:00,router_dropped_pkts_total,->6,1-112,unknown,0.0,1.664,0.0
2025-10-15T19:37:43.734000+00:00,router_dropped_pkts_total,->7,1-112,unknown,0.0,1.664,0.0
2025-10-15T19:37:43.734000+00:00,router_dropped_pkts_total,5,1-112,1-113,0.0,1.664,0.0
2025-10-15T19:37:43.734000+00:00,router_dropped_pkts_total,internal,1-112,1-112,0.0,1.664,0.0
2025-10-15T19:37:43.734000+00:00,router_dropped_pkts_total,physical_local,1-112,local,0.0,1.664,0.0
2025-10-15T19:37:43.734000+00:00,router_dropped_pkts_total,physical_remote,1-112,remote,0.0,1.664,0.0
2025-10-15T19:37:43.734000+00:00,router_input_bytes_total,->1,1-112,unknown,0.0,1.664,0.0
2025-10-15T19:37:43.734000+00:00,router_input_bytes_total,->2,1-112,unknown,0.0,1.664,0.0
2025-10-15T19:37:43.734000+00:00,router_input_bytes_total,->3,1-112,unknown,0.0,1.664,0.0
2025-10-15T19:37:43.734000+00:00,router_input_bytes_total,->4,1-112,unknown,0.0,1.664,0.0
2025-10-15T19:37:43.734000+00:00,router_input_bytes_total,->6,1-112,unknown,0.0,1.664,0.0
2025-10-15T19:37:43.734000+00:00,router_input_bytes_total,->7,1-112,unknown,0.0,1.664,0.0
2025-10-15T19:37:43.734000+00:00,router_input_bytes_total,5,1-112,1-113,107608.0,1.664,64668.269230769234
2025-10-15T19:37:43.734000+00:00,router_input_bytes_total,internal,1-112,1-112,229747.0,1.664,138069.1105769231
2025-10-15T19:37:43.734000+00:00,router_input_bytes_total,physical_local,1-112,local,229747.0,1.664,138069.1105769231
2025-10-15T19:37:43.734000+00:00,router_input_bytes_total,physical_remote,1-112,remote,107608.0,1.664,64668.269230769234
2025-10-15T19:37:43.734000+00:00,router_input_pkts_total,->1,1-112,unknown,0.0,1.664,0.0
2025-10-15T19:37:43.734000+00:00,router_input_pkts_total,->2,1-112,unknown,0.0,1.664,0.0
2025-10-15T19:37:43.734000+00:00,router_input_pkts_total,->3,1-112,unknown,0.0,1.664,0.0
2025-10-15T19:37:43.734000+00:00,router_input_pkts_total,->4,1-112,unknown,0.0,1.664,0.0
2025-10-15T19:37:43.734000+00:00,router_input_pkts_total,->6,1-112,unknown,0.0,1.664,0.0
2025-10-15T19:37:43.734000+00:00,router_input_pkts_total,->7,1-112,unknown,0.0,1.664,0.0
2025-10-15T19:37:43.734000+00:00,router_input_pkts_total,5,1-112,1-113,381.0,1.664,228.96634615384616
2025-10-15T19:37:43.734000+00:00,router_input_pkts_total,internal,1-112,1-112,357.0,1.664,214.54326923076925
2025-10-15T19:37:43.734000+00:00,router_input_pkts_total,physical_local,1-112,local,357.0,1.664,214.54326923076925
2025-10-15T19:37:43.734000+00:00,router_input_pkts_total,physical_remote,1-112,remote,381.0,1.664,228.96634615384616
2025-10-15T19:37:43.734000+00:00,router_output_bytes_total,->1,1-112,unknown,0.0,1.664,0.0
2025-10-15T19:37:43.734000+00:00,router_output_bytes_total,->2,1-112,unknown,0.0,1.664,0.0
2025-10-15T19:37:43.734000+00:00,router_output_bytes_total,->3,1-112,unknown,0.0,1.664,0.0
2025-10-15T19:37:43.734000+00:00,router_output_bytes_total,->4,1-112,unknown,0.0,1.664,0.0
2025-10-15T19:37:43.734000+00:00,router_output_bytes_total,->6,1-112,unknown,0.0,1.664,0.0
2025-10-15T19:37:43.734000+00:00,router_output_bytes_total,->7,1-112,unknown,0.0,1.664,0.0
2025-10-15T19:37:43.734000+00:00,router_output_bytes_total,5,1-112,1-113,236022.0,1.664,141840.14423076925
2025-10-15T19:37:43.734000+00:00,router_output_bytes_total,internal,1-112,1-112,102996.0,1.664,61896.63461538462
2025-10-15T19:37:43.734000+00:00,router_output_bytes_total,physical_local,1-112,local,102996.0,1.664,61896.63461538462
2025-10-15T19:37:43.734000+00:00,router_output_bytes_total,physical_remote,1-112,remote,236022.0,1.664,141840.14423076925
2025-10-15T19:37:43.734000+00:00,router_output_pkts_total,->1,1-112,unknown,0.0,1.664,0.0
2025-10-15T19:37:43.734000+00:00,router_output_pkts_total,->2,1-112,unknown,0.0,1.664,0.0
2025-10-15T19:37:43.734000+00:00,router_output_pkts_total,->3,1-112,unknown,0.0,1.664,0.0
2025-10-15T19:37:43.734000+00:00,router_output_pkts_total,->4,1-112,unknown,0.0,1.664,0.0
2025-10-15T19:37:43.734000+00:00,router_output_pkts_total,->6,1-112,unknown,0.0,1.664,0.0
2025-10-15T19:37:43.734000+00:00,router_output_pkts_total,->7,1-112,unknown,0.0,1.664,0.0
2025-10-15T19:37:43.734000+00:00,router_output_pkts_total,5,1-112,1-113,399.0,1.664,239.78365384615387
2025-10-15T19:37:43.734000+00:00,router_output_pkts_total,internal,1-112,1-112,332.0,1.664,199.51923076923077
2025-10-15T19:37:43.734000+00:00,router_output_pkts_total,physical_local,1-112,local,332.0,1.664,199.51923076923077
2025-10-15T19:37:43.734000+00:00,router_output_pkts_total,physical_remote,1-112,remote,399.0,1.664,239.78365384615387
2025-10-15T19:37:45.555000+00:00,router_dropped_pkts_total,->1,1-112,unknown,0.0,1.821,0.0
2025-10-15T19:37:45.555000+00:00,router_dropped_pkts_total,->2,1-112,unknown,0.0,1.821,0.0
2025-10-15T19:37:45.555000+00:00,router_dropped_pkts_total,->3,1-112,unknown,0.0,1.821,0.0
2025-10-15T19:37:45.555000+00:00,router_dropped_pkts_total,->4,1-112,unknown,0.0,1.821,0.0
2025-10-15T19:37:45.555000+00:00,router_dropped_pkts_total,->6,1-112,unknown,0.0,1.821,0.0
2025-10-15T19:37:45.555000+00:00,router_dropped_pkts_total,->7,1-112,unknown,0.0,1.821,0.0
2025-10-15T19:37:45.555000+00:00,router_dropped_pkts_total,5,1-112,1-113,0.0,1.821,0.0
2025-10-15T19:37:45.555000+00:00,router_dropped_pkts_total,internal,1-112,1-112,0.0,1.821,0.0
2025-10-15T19:37:45.555000+00:00,router_dropped_pkts_total,physical_local,1-112,local,0.0,1.821,0.0
2025-10-15T19:37:45.555000+00:00,router_dropped_pkts_total,physical_remote,1-112,remote,0.0,1.821,0.0
2025-10-15T19:37:45.555000+00:00,router_input_bytes_total,->1,1-112,unknown,0.0,1.821,0.0
2025-10-15T19:37:45.555000+00:00,router_input_bytes_total,->2,1-112,unknown,0.0,1.821,0.0
2025-10-15T19:37:45.555000+00:00,router_input_bytes_total,->3,1-112,unknown,0.0,1.821,0.0
2025-10-15T19:37:45.555000+00:00,router_input_bytes_total,->4,1-112,unknown,0.0,1.821,0.0
2025-10-15T19:37:45.555000+00:00,router_input_bytes_total,->6,1-112,unknown,0.0,1.821,0.0
2025-10-15T19:37:45.555000+00:00,router_input_bytes_total,->7,1-112,unknown,0.0,1.821,0.0
2025-10-15T19:37:45.555000+00:00,router_input_bytes_total,5,1-112,1-113,114460.0,1.821,62855.573860516204
2025-10-15T19:37:45.555000+00:00,router_input_bytes_total,internal,1-112,1-112,240941.0,1.821,132312.4656781988
2025-10-15T19:37:45.555000+00:00,router_input_bytes_total,physical_local,1-112,local,240941.0,1.821,132312.4656781988
2025-10-15T19:37:45.555000+00:00,router_input_bytes_total,physical_remote,1-112,remote,114460.0,1.821,62855.573860516204
2025-10-15T19:37:45.555000+00:00,router_input_pkts_total,->1,1-112,unknown,0.0,1.821,0.0
2025-10-15T19:37:45.555000+00:00,router_input_pkts_total,->2,1-112,unknown,0.0,1.821,0.0
2025-10-15T19:37:45.555000+00:00,router_input_pkts_total,->3,1-112,unknown,0.0,1.821,0.0
2025-10-15T19:37:45.555000+00:00,router_input_pkts_total,->4,1-112,unknown,0.0,1.821,0.0
2025-10-15T19:37:45.555000+00:00,router_input_pkts_total,->6,1-112,unknown,0.0,1.821,0.0
2025-10-15T19:37:45.555000+00:00,router_input_pkts_total,->7,1-112,unknown,0.0,1.821,0.0
2025-10-15T19:37:45.555000+00:00,router_input_pkts_total,5,1-112,1-113,399.0,1.821,219.11037891268535
2025-10-15T19:37:45.555000+00:00,router_input_pkts_total,internal,1-112,1-112,377.0,1.821,207.0291048874245
2025-10-15T19:37:45.555000+00:00,router_input_pkts_total,physical_local,1-112,local,377.0,1.821,207.0291048874245
2025-10-15T19:37:45.555000+00:00,router_input_pkts_total,physical_remote,1-112,remote,399.0,1.821,219.11037891268535
2025-10-15T19:37:45.555000+00:00,router_output_bytes_total,->1,1-112,unknown,0.0,1.821,0.0
2025-10-15T19:37:45.555000+00:00,router_output_bytes_total,->2,1-112,unknown,0.0,1.821,0.0
2025-10-15T19:37:45.555000+00:00,router_output_bytes_total,->3,1-112,unknown,0.0,1.821,0.0
2025-10-15T19:37:45.555000+00:00,router_output_bytes_total,->4,1-112,unknown,0.0,1.821,0.0
2025-10-15T19:37:45.555000+00:00,router_output_bytes_total,->6,1-112,unknown,0.0,1.821,0.0
2025-10-15T19:37:45.555000+00:00,router_output_bytes_total,->7,1-112,unknown,0.0,1.821,0.0
2025-10-15T19:37:45.555000+00:00,router_output_bytes_total,5,1-112,1-113,244746.0,1.821,134401.97693574958
2025-10-15T19:37:45.555000+00:00,router_output_bytes_total,internal,1-112,1-112,109352.0,1.821,60050.521691378366
2025-10-15T19:37:45.555000+00:00,router_output_bytes_total,physical_local,1-112,local,109352.0,1.821,60050.521691378366
2025-10-15T19:37:45.555000+00:00,router_output_bytes_total,physical_remote,1-112,remote,244746.0,1.821,134401.97693574958
2025-10-15T19:37:45.555000+00:00,router_output_pkts_total,->1,1-112,unknown,0.0,1.821,0.0
2025-10-15T19:37:45.555000+00:00,router_output_pkts_total,->2,1-112,unknown,0.0,1.821,0.0
2025-10-15T19:37:45.555000+00:00,router_output_pkts_total,->3,1-112,unknown,0.0,1.821,0.0
2025-10-15T19:37:45.555000+00:00,router_output_pkts_total,->4,1-112,unknown,0.0,1.821,0.0
2025-10-15T19:37:45.555000+00:00,router_output_pkts_total,->6,1-112,unknown,0.0,1.821,0.0
2025-10-15T19:37:45.555000+00:00,router_output_pkts_total,->7,1-112,unknown,0.0,1.821,0.0
2025-10-15T19:37:45.555000+00:00,router_output_pkts_total,5,1-112,1-113,423.0,1.821,232.28995057660626
2025-10-15T19:37:45.555000+00:00,router_output_pkts_total,internal,1-112,1-112,357.0,1.821,196.04612850082373
2025-10-15T19:37:45.555000+00:00,router_output_pkts_total,physical_local,1-112,local,357.0,1.821,196.04612850082373
2025-10-15T19:37:45.555000+00:00,router_output_pkts_total,physical_remote,1-112,remote,423.0,1.821,232.28995057660626
2025-10-15T19:37:47.386000+00:00,router_dropped_pkts_total,->1,1-112,unknown,0.0,1.831,0.0
2025-10-15T19:37:47.386000+00:00,router_dropped_pkts_total,->2,1-112,unknown,0.0,1.831,0.0
2025-10-15T19:37:47.386000+00:00,router_dropped_pkts_total,->3,1-112,unknown,0.0,1.831,0.0
2025-10-15T19:37:47.386000+00:00,router_dropped_pkts_total,->4,1-112,unknown,0.0,1.831,0.0
2025-10-15T19:37:47.386000+00:00,router_dropped_pkts_total,->6,1-112,unknown,0.0,1.831,0.0
2025-10-15T19:37:47.386000+00:00,router_dropped_pkts_total,->7,1-112,unknown,0.0,1.831,0.0
2025-10-15T19:37:47.386000+00:00,router_dropped_pkts_total,5,1-112,1-113,0.0,1.831,0.0
2025-10-15T19:37:47.386000+00:00,router_dropped_pkts_total,internal,1-112,1-112,0.0,1.831,0.0
2025-10-15T19:37:47.386000+00:00,router_dropped_pkts_total,physical_local,1-112,local,0.0,1.831,0.0
2025-10-15T19:37:47.386000+00:00,router_dropped_pkts_total,physical_remote,1-112,remote,0.0,1.831,0.0
2025-10-15T19:37:47.386000+00:00,router_input_bytes_total,->1,1-112,unknown,0.0,1.831,0.0
2025-10-15T19:37:47.386000+00:00,router_input_bytes_total,->2,1-112,unknown,0.0,1.831,0.0
2025-10-15T19:37:47.386000+00:00,router_input_bytes_total,->3,1-112,unknown,0.0,1.831,0.0
2025-10-15T19:37:47.386000+00:00,router_input_bytes_total,->4,1-112,unknown,0.0,1.831,0.0
2025-10-15T19:37:47.386000+00:00,router_input_bytes_total,->6,1-112,unknown,0.0,1.831,0.0
2025-10-15T19:37:47.386000+00:00,router_input_bytes_total,->7,1-112,unknown,0.0,1.831,0.0
2025-10-15T19:37:47.386000+00:00,router_input_bytes_total,5,1-112,1-113,140493.0,1.831,76730.20207536865
2025-10-15T19:37:47.386000+00:00,router_input_bytes_total,internal,1-112,1-112,289413.0,1.831,158062.8072091753
2025-10-15T19:37:47.386000+00:00,router_input_bytes_total,physical_local,1-112,local,289413.0,1.831,158062.8072091753
2025-10-15T19:37:47.386000+00:00,router_input_bytes_total,physical_remote,1-112,remote,140493.0,1.831,76730.20207536865
2025-10-15T19:37:47.386000+00:00,router_input_pkts_total,->1,1-112,unknown,0.0,1.831,0.0
2025-10-15T19:37:47.386000+00:00,router_input_pkts_total,->2,1-112,unknown,0.0,1.831,0.0
2025-10-15T19:37:47.386000+00:00,router_input_pkts_total,->3,1-112,unknown,0.0,1.831,0.0
2025-10-15T19:37:47.386000+00:00,router_input_pkts_total,->4,1-112,unknown,0.0,1.831,0.0
2025-10-15T19:37:47.386000+00:00,router_input_pkts_total,->6,1-112,unknown,0.0,1.831,0.0
2025-10-15T19:37:47.386000+00:00,router_input_pkts_total,->7,1-112,unknown,0.0,1.831,0.0
2025-10-15T19:37:47.386000+00:00,router_input_pkts_total,5,1-112,1-113,506.0,1.831,276.35172037138176
2025-10-15T19:37:47.386000+00:00,router_input_pkts_total,internal,1-112,1-112,487.0,1.831,265.9748771163299
2025-10-15T19:37:47.386000+00:00,router_input_pkts_total,physical_local,1-112,local,487.0,1.831,265.9748771163299
2025-10-15T19:37:47.386000+00:00,router_input_pkts_total,physical_remote,1-112,remote,506.0,1.831,276.35172037138176
2025-10-15T19:37:47.386000+00:00,router_output_bytes_total,->1,1-112,unknown,0.0,1.831,0.0
2025-10-15T19:37:47.386000+00:00,router_output_bytes_total,->2,1-112,unknown,0.0,1.831,0.0
2025-10-15T19:37:47.386000+00:00,router_output_bytes_total,->3,1-112,unknown,0.0,1.831,0.0
2025-10-15T19:37:47.386000+00:00,router_output_bytes_total,->4,1-112,unknown,0.0,1.831,0.0
2025-10-15T19:37:47.386000+00:00,router_output_bytes_total,->6,1-112,unknown,0.0,1.831,0.0
2025-10-15T19:37:47.386000+00:00,router_output_bytes_total,->7,1-112,unknown,0.0,1.831,0.0
2025-10-15T19:37:47.386000+00:00,router_output_bytes_total,5,1-112,1-113,295015.0,1.831,161122.33752048062
2025-10-15T19:37:47.386000+00:00,router_output_bytes_total,internal,1-112,1-112,134013.0,1.831,73191.15237575096
2025-10-15T19:37:47.386000+00:00,router_output_bytes_total,physical_local,1-112,local,134013.0,1.831,73191.15237575096
2025-10-15T19:37:47.386000+00:00,router_output_bytes_total,physical_remote,1-112,remote,295015.0,1.831,161122.33752048062
2025-10-15T19:37:47.386000+00:00,router_output_pkts_total,->1,1-112,unknown,0.0,1.831,0.0
2025-10-15T19:37:47.386000+00:00,router_output_pkts_total,->2,1-112,unknown,0.0,1.831,0.0
2025-10-15T19:37:47.386000+00:00,router_output_pkts_total,->3,1-112,unknown,0.0,1.831,0.0
2025-10-15T19:37:47.386000+00:00,router_output_pkts_total,->4,1-112,unknown,0.0,1.831,0.0
2025-10-15T19:37:47.386000+00:00,router_output_pkts_total,->6,1-112,unknown,0.0,1.831,0.0
2025-10-15T19:37:47.386000+00:00,router_output_pkts_total,->7,1-112,unknown,0.0,1.831,0.0
2025-10-15T19:37:47.386000+00:00,router_output_pkts_total,5,1-112,1-113,548.0,1.831,299.29000546149643
2025-10-15T19:37:47.386000+00:00,router_output_pkts_total,internal,1-112,1-112,447.0,1.831,244.12889131622066
2025-10-15T19:37:47.386000+00:00,router_output_pkts_total,physical_local,1-112,local,447.0,1.831,244.12889131622066
2025-10-15T19:37:47.386000+00:00,router_output_pkts_total,physical_remote,1-112,remote,548.0,1.831,299.29000546149643
2025-10-15T19:37:49.301000+00:00,router_dropped_pkts_total,->1,1-112,unknown,0.0,1.915,0.0
2025-10-15T19:37:49.301000+00:00,router_dropped_pkts_total,->2,1-112,unknown,0.0,1.915,0.0
2025-10-15T19:37:49.301000+00:00,router_dropped_pkts_total,->3,1-112,unknown,0.0,1.915,0.0
2025-10-15T19:37:49.301000+00:00,router_dropped_pkts_total,->4,1-112,unknown,0.0,1.915,0.0
2025-10-15T19:37:49.301000+00:00,router_dropped_pkts_total,->6,1-112,unknown,0.0,1.915,0.0
2025-10-15T19:37:49.301000+00:00,router_dropped_pkts_total,->7,1-112,unknown,0.0,1.915,0.0
2025-10-15T19:37:49.301000+00:00,router_dropped_pkts_total,5,1-112,1-113,0.0,1.915,0.0
2025-10-15T19:37:49.301000+00:00,router_dropped_pkts_total,internal,1-112,1-112,0.0,1.915,0.0
2025-10-15T19:37:49.301000+00:00,router_dropped_pkts_total,physical_local,1-112,local,0.0,1.915,0.0
2025-10-15T19:37:49.301000+00:00,router_dropped_pkts_total,physical_remote,1-112,remote,0.0,1.915,0.0
2025-10-15T19:37:49.301000+00:00,router_input_bytes_total,->1,1-112,unknown,0.0,1.915,0.0
2025-10-15T19:37:49.301000+00:00,router_input_bytes_total,->2,1-112,unknown,0.0,1.915,0.0
2025-10-15T19:37:49.301000+00:00,router_input_bytes_total,->3,1-112,unknown,0.0,1.915,0.0
2025-10-15T19:37:49.301000+00:00,router_input_bytes_total,->4,1-112,unknown,0.0,1.915,0.0
2025-10-15T19:37:49.301000+00:00,router_input_bytes_total,->6,1-112,unknown,0.0,1.915,0.0
2025-10-15T19:37:49.301000+00:00,router_input_bytes_total,->7,1-112,unknown,0.0,1.915,0.0
2025-10-15T19:37:49.301000+00:00,router_input_bytes_total,5,1-112,1-113,137834.0,1.915,71975.97911227154
2025-10-15T19:37:49.301000+00:00,router_input_bytes_total,internal,1-112,1-112,291540.0,1.915,152240.2088772846
2025-10-15T19:37:49.301000+00:00,router_input_bytes_total,physical_local,1-112,local,291540.0,1.915,152240.2088772846
2025-10-15T19:37:49.301000+00:00,router_input_bytes_total,physical_remote,1-112,remote,137834.0,1.915,71975.97911227154
2025-10-15T19:37:49.301000+00:00,router_input_pkts_total,->1,1-112,unknown,0.0,1.915,0.0
2025-10-15T19:37:49.301000+00:00,router_input_pkts_total,->2,1-112,unknown,0.0,1.915,0.0
2025-10-15T19:37:49.301000+00:00,router_input_pkts_total,->3,1-112,unknown,0.0,1.915,0.0
2025-10-15T19:37:49.301000+00:00,router_input_pkts_total,->4,1-112,unknown,0.0,1.915,0.0
2025-10-15T19:37:49.301000+00:00,router_input_pkts_total,->6,1-112,unknown,0.0,1.915,0.0
2025-10-15T19:37:49.301000+00:00,router_input_pkts_total,->7,1-112,unknown,0.0,1.915,0.0
2025-10-15T19:37:49.301000+00:00,router_input_pkts_total,5,1-112,1-113,509.0,1.915,265.79634464751956
2025-10-15T19:37:49.301000+00:00,router_input_pkts_total,internal,1-112,1-112,483.0,1.915,252.21932114882506
2025-10-15T19:37:49.301000+00:00,router_input_pkts_total,physical_local,1-112,local,483.0,1.915,252.21932114882506
2025-10-15T19:37:49.301000+00:00,router_input_pkts_total,physical_remote,1-112,remote,509.0,1.915,265.79634464751956
2025-10-15T19:37:49.301000+00:00,router_output_bytes_total,->1,1-112,unknown,0.0,1.915,0.0
2025-10-15T19:37:49.301000+00:00,router_output_bytes_total,->2,1-112,unknown,0.0,1.915,0.0
2025-10-15T19:37:49.301000+00:00,router_output_bytes_total,->3,1-112,unknown,0.0,1.915,0.0
2025-10-15T19:37:49.301000+00:00,router_output_bytes_total,->4,1-112,unknown,0.0,1.915,0.0
2025-10-15T19:37:49.301000+00:00,router_output_bytes_total,->6,1-112,unknown,0.0,1.915,0.0
2025-10-15T19:37:49.301000+00:00,router_output_bytes_total,->7,1-112,unknown,0.0,1.915,0.0
2025-10-15T19:37:49.301000+00:00,router_output_bytes_total,5,1-112,1-113,299378.0,1.915,156333.1592689295
2025-10-15T19:37:49.301000+00:00,router_output_bytes_total,internal,1-112,1-112,131354.0,1.915,68592.16710182767
2025-10-15T19:37:49.301000+00:00,router_output_bytes_total,physical_local,1-112,local,131354.0,1.915,68592.16710182767
2025-10-15T19:37:49.301000+00:00,router_output_bytes_total,physical_remote,1-112,remote,299378.0,1.915,156333.1592689295
2025-10-15T19:37:49.301000+00:00,router_output_pkts_total,->1,1-112,unknown,0.0,1.915,0.0
2025-10-15T19:37:49.301000+00:00,router_output_pkts_total,->2,1-112,unknown,0.0,1.915,0.0
2025-10-15T19:37:49.301000+00:00,router_output_pkts_total,->3,1-112,unknown,0.0,1.915,0.0
2025-10-15T19:37:49.301000+00:00,router_output_pkts_total,->4,1-112,unknown,0.0,1.915,0.0
2025-10-15T19:37:49.301000+00:00,router_output_pkts_total,->6,1-112,unknown,0.0,1.915,0.0
2025-10-15T19:37:49.301000+00:00,router_output_pkts_total,->7,1-112,unknown,0.0,1.915,0.0
2025-10-15T19:37:49.301000+00:00,router_output_pkts_total,5,1-112,1-113,542.0,1.915,283.02872062663187
2025-10-15T19:37:49.301000+00:00,router_output_pkts_total,internal,1-112,1-112,448.0,1.915,233.9425587467363
2025-10-15T19:37:49.301000+00:00,router_output_pkts_total,physical_local,1-112,local,448.0,1.915,233.9425587467363
2025-10-15T19:37:49.301000+00:00,router_output_pkts_total,physical_remote,1-112,remote,542.0,1.915,283.02872062663187
2025-10-15T19:37:51.349000+00:00,router_dropped_pkts_total,->1,1-112,unknown,0.0,2.048,0.0
2025-10-15T19:37:51.349000+00:00,router_dropped_pkts_total,->2,1-112,unknown,0.0,2.048,0.0
2025-10-15T19:37:51.349000+00:00,router_dropped_pkts_total,->3,1-112,unknown,0.0,2.048,0.0
2025-10-15T19:37:51.349000+00:00,router_dropped_pkts_total,->4,1-112,unknown,0.0,2.048,0.0
2025-10-15T19:37:51.349000+00:00,router_dropped_pkts_total,->6,1-112,unknown,0.0,2.048,0.0
2025-10-15T19:37:51.349000+00:00,router_dropped_pkts_total,->7,1-112,unknown,0.0,2.048,0.0
2025-10-15T19:37:51.349000+00:00,router_dropped_pkts_total,5,1-112,1-113,0.0,2.048,0.0
2025-10-15T19:37:51.349000+00:00,router_dropped_pkts_total,internal,1-112,1-112,0.0,2.048,0.0
2025-10-15T19:37:51.349000+00:00,router_dropped_pkts_total,physical_local,1-112,local,0.0,2.048,0.0
2025-10-15T19:37:51.349000+00:00,router_dropped_pkts_total,physical_remote,1-112,remote,0.0,2.048,0.0
2025-10-15T19:37:51.349000+00:00,router_input_bytes_total,->1,1-112,unknown,0.0,2.048,0.0
2025-10-15T19:37:51.349000+00:00,router_input_bytes_total,->2,1-112,unknown,0.0,2.048,0.0
2025-10-15T19:37:51.349000+00:00,router_input_bytes_total,->3,1-112,unknown,0.0,2.048,0.0
2025-10-15T19:37:51.349000+00:00,router_input_bytes_total,->4,1-112,unknown,0.0,2.048,0.0
2025-10-15T19:37:51.349000+00:00,router_input_bytes_total,->6,1-112,unknown,0.0,2.048,0.0
2025-10-15T19:37:51.349000+00:00,router_input_bytes_total,->7,1-112,unknown,0.0,2.048,0.0
2025-10-15T19:37:51.349000+00:00,router_input_bytes_total,5,1-112,1-113,132987.0,2.048,64935.05859375
2025-10-15T19:37:51.349000+00:00,router_input_bytes_total,internal,1-112,1-112,259682.0,2.048,126797.8515625
2025-10-15T19:37:51.349000+00:00,router_input_bytes_total,physical_local,1-112,local,259682.0,2.048,126797.8515625
2025-10-15T19:37:51.349000+00:00,router_input_bytes_total,physical_remote,1-112,remote,132987.0,2.048,64935.05859375
2025-10-15T19:37:51.349000+00:00,router_input_pkts_total,->1,1-112,unknown,0.0,2.048,0.0
2025-10-15T19:37:51.349000+00:00,router_input_pkts_total,->2,1-112,unknown,0.0,2.048,0.0
2025-10-15T19:37:51.349000+00:00,router_input_pkts_total,->3,1-112,unknown,0.0,2.048,0.0
2025-10-15T19:37:51.349000+00:00,router_input_pkts_total,->4,1-112,unknown,0.0,2.048,0.0
2025-10-15T19:37:51.349000+00:00,router_input_pkts_total,->6,1-112,unknown,0.0,2.048,0.0
2025-10-15T19:37:51.349000+00:00,router_input_pkts_total,->7,1-112,unknown,0.0,2.048,0.0
2025-10-15T19:37:51.349000+00:00,router_input_pkts_total,5,1-112,1-113,470.0,2.048,229.4921875
2025-10-15T19:37:51.349000+00:00,router_input_pkts_total,internal,1-112,1-112,441.0,2.048,215.33203125
2025-10-15T19:37:51.349000+00:00,router_input_pkts_total,physical_local,1-112,local,441.0,2.048,215.33203125
2025-10-15T19:37:51.349000+00:00,router_input_pkts_total,physical_remote,1-112,remote,470.0,2.048,229.4921875
2025-10-15T19:37:51.349000+00:00,router_output_bytes_total,->1,1-112,unknown,0.0,2.048,0.0
2025-10-15T19:37:51.349000+00:00,router_output_bytes_total,->2,1-112,unknown,0.0,2.048,0.0
2025-10-15T19:37:51.349000+00:00,router_output_bytes_total,->3,1-112,unknown,0.0,2.048,0.0
2025-10-15T19:37:51.349000+00:00,router_output_bytes_total,->4,1-112,unknown,0.0,2.048,0.0
2025-10-15T19:37:51.349000+00:00,router_output_bytes_total,->6,1-112,unknown,0.0,2.048,0.0
2025-10-15T19:37:51.349000+00:00,router_output_bytes_total,->7,1-112,unknown,0.0,2.048,0.0
2025-10-15T19:37:51.349000+00:00,router_output_bytes_total,5,1-112,1-113,266402.0,2.048,130079.1015625
2025-10-15T19:37:51.349000+00:00,router_output_bytes_total,internal,1-112,1-112,126507.0,2.048,61770.99609375
2025-10-15T19:37:51.349000+00:00,router_output_bytes_total,physical_local,1-112,local,126507.0,2.048,61770.99609375
2025-10-15T19:37:51.349000+00:00,router_output_bytes_total,physical_remote,1-112,remote,266402.0,2.048,130079.1015625
2025-10-15T19:37:51.349000+00:00,router_output_pkts_total,->1,1-112,unknown,0.0,2.048,0.0
2025-10-15T19:37:51.349000+00:00,router_output_pkts_total,->2,1-112,unknown,0.0,2.048,0.0
2025-10-15T19:37:51.349000+00:00,router_output_pkts_total,->3,1-112,unknown,0.0,2.048,0.0
2025-10-15T19:37:51.349000+00:00,router_output_pkts_total,->4,1-112,unknown,0.0,2.048,0.0
2025-10-15T19:37:51.349000+00:00,router_output_pkts_total,->6,1-112,unknown,0.0,2.048,0.0
2025-10-15T19:37:51.349000+00:00,router_output_pkts_total,->7,1-112,unknown,0.0,2.048,0.0
2025-10-15T19:37:51.349000+00:00,router_output_pkts_total,5,1-112,1-113,502.0,2.048,245.1171875
2025-10-15T19:37:51.349000+00:00,router_output_pkts_total,internal,1-112,1-112,411.0,2.048,200.68359375
2025-10-15T19:37:51.349000+00:00,router_output_pkts_total,physical_local,1-112,local,411.0,2.048,200.68359375
2025-10-15T19:37:51.349000+00:00,router_output_pkts_total,physical_remote,1-112,remote,502.0,2.048,245.1171875
2025-10-15T19:37:53.099000+00:00,router_dropped_pkts_total,->1,1-112,unknown,0.0,1.75,0.0
2025-10-15T19:37:53.099000+00:00,router_dropped_pkts_total,->2,1-112,unknown,0.0,1.75,0.0
2025-10-15T19:37:53.099000+00:00,router_dropped_pkts_total,->3,1-112,unknown,0.0,1.75,0.0
2025-10-15T19:37:53.099000+00:00,router_dropped_pkts_total,->4,1-112,unknown,0.0,1.75,0.0
2025-10-15T19:37:53.099000+00:00,router_dropped_pkts_total,->6,1-112,unknown,0.0,1.75,0.0
2025-10-15T19:37:53.099000+00:00,router_dropped_pkts_total,->7,1-112,unknown,0.0,1.75,0.0
2025-10-15T19:37:53.099000+00:00,router_dropped_pkts_total,5,1-112,1-113,0.0,1.75,0.0
2025-10-15T19:37:53.099000+00:00,router_dropped_pkts_total,internal,1-112,1-112,0.0,1.75,0.0
2025-10-15T19:37:53.099000+00:00,router_dropped_pkts_total,physical_local,1-112,local,0.0,1.75,0.0
2025-10-15T19:37:53.099000+00:00,router_dropped_pkts_total,physical_remote,1-112,remote,0.0,1.75,0.0
2025-10-15T19:37:53.099000+00:00,router_input_bytes_total,->1,1-112,unknown,0.0,1.75,0.0
2025-10-15T19:37:53.099000+00:00,router_input_bytes_total,->2,1-112,unknown,0.0,1.75,0.0
2025-10-15T19:37:53.099000+00:00,router_input_bytes_total,->3,1-112,unknown,0.0,1.75,0.0
2025-10-15T19:37:53.099000+00:00,router_input_bytes_total,->4,1-112,unknown,0.0,1.75,0.0
2025-10-15T19:37:53.099000+00:00,router_input_bytes_total,->6,1-112,unknown,0.0,1.75,0.0
2025-10-15T19:37:53.099000+00:00,router_input_bytes_total,->7,1-112,unknown,0.0,1.75,0.0
2025-10-15T19:37:53.099000+00:00,router_input_bytes_total,5,1-112,1-113,135921.0,1.75,77669.14285714286
2025-10-15T19:37:53.099000+00:00,router_input_bytes_total,internal,1-112,1-112,284588.0,1.75,162621.7142857143
2025-10-15T19:37:53.099000+00:00,router_input_bytes_total,physical_local,1-112,local,284588.0,1.75,162621.7142857143
2025-10-15T19:37:53.099000+00:00,router_input_bytes_total,physical_remote,1-112,remote,135921.0,1.75,77669.14285714286
2025-10-15T19:37:53.099000+00:00,router_input_pkts_total,->1,1-112,unknown,0.0,1.75,0.0
2025-10-15T19:37:53.099000+00:00,router_input_pkts_total,->2,1-112,unknown,0.0,1.75,0.0
2025-10-15T19:37:53.099000+00:00,router_input_pkts_total,->3,1-112,unknown,0.0,1.75,0.0
2025-10-15T19:37:53.099000+00:00,router_input_pkts_total,->4,1-112,unknown,0.0,1.75,0.0
2025-10-15T19:37:53.099000+00:00,router_input_pkts_total,->6,1-112,unknown,0.0,1.75,0.0
2025-10-15T19:37:53.099000+00:00,router_input_pkts_total,->7,1-112,unknown,0.0,1.75,0.0
2025-10-15T19:37:53.099000+00:00,router_input_pkts_total,5,1-112,1-113,511.0,1.75,292.0
2025-10-15T19:37:53.099000+00:00,router_input_pkts_total,internal,1-112,1-112,482.0,1.75,275.42857142857144
2025-10-15T19:37:53.099000+00:00,router_input_pkts_total,physical_local,1-112,local,482.0,1.75,275.42857142857144
2025-10-15T19:37:53.099000+00:00,router_input_pkts_total,physical_remote,1-112,remote,511.0,1.75,292.0
2025-10-15T19:37:53.099000+00:00,router_output_bytes_total,->1,1-112,unknown,0.0,1.75,0.0
2025-10-15T19:37:53.099000+00:00,router_output_bytes_total,->2,1-112,unknown,0.0,1.75,0.0
2025-10-15T19:37:53.099000+00:00,router_output_bytes_total,->3,1-112,unknown,0.0,1.75,0.0
2025-10-15T19:37:53.099000+00:00,router_output_bytes_total,->4,1-112,unknown,0.0,1.75,0.0
2025-10-15T19:37:53.099000+00:00,router_output_bytes_total,->6,1-112,unknown,0.0,1.75,0.0
2025-10-15T19:37:53.099000+00:00,router_output_bytes_total,->7,1-112,unknown,0.0,1.75,0.0
2025-10-15T19:37:53.099000+00:00,router_output_bytes_total,5,1-112,1-113,291308.0,1.75,166461.7142857143
2025-10-15T19:37:53.099000+00:00,router_output_bytes_total,internal,1-112,1-112,129441.0,1.75,73966.28571428571
2025-10-15T19:37:53.099000+00:00,router_output_bytes_total,physical_local,1-112,local,129441.0,1.75,73966.28571428571
2025-10-15T19:37:53.099000+00:00,router_output_bytes_total,physical_remote,1-112,remote,291308.0,1.75,166461.7142857143
2025-10-15T19:37:53.099000+00:00,router_output_pkts_total,->1,1-112,unknown,0.0,1.75,0.0
2025-10-15T19:37:53.099000+00:00,router_output_pkts_total,->2,1-112,unknown,0.0,1.75,0.0
2025-10-15T19:37:53.099000+00:00,router_output_pkts_total,->3,1-112,unknown,0.0,1.75,0.0
2025-10-15T19:37:53.099000+00:00,router_output_pkts_total,->4,1-112,unknown,0.0,1.75,0.0
2025-10-15T19:37:53.099000+00:00,router_output_pkts_total,->6,1-112,unknown,0.0,1.75,0.0
2025-10-15T19:37:53.099000+00:00,router_output_pkts_total,->7,1-112,unknown,0.0,1.75,0.0
2025-10-15T19:37:53.099000+00:00,router_output_pkts_total,5,1-112,1-113,542.0,1.75,309.7142857142857
2025-10-15T19:37:53.099000+00:00,router_output_pkts_total,internal,1-112,1-112,451.0,1.75,257.7142857142857
2025-10-15T19:37:53.099000+00:00,router_output_pkts_total,physical_local,1-112,local,451.0,1.75,257.7142857142857
2025-10-15T19:37:53.099000+00:00,router_output_pkts_total,physical_remote,1-112,remote,542.0,1.75,309.7142857142857
2025-10-15T19:37:55.060000+00:00,router_dropped_pkts_total,->1,1-112,unknown,0.0,1.961,0.0
2025-10-15T19:37:55.060000+00:00,router_dropped_pkts_total,->2,1-112,unknown,0.0,1.961,0.0
2025-10-15T19:37:55.060000+00:00,router_dropped_pkts_total,->3,1-112,unknown,0.0,1.961,0.0
2025-10-15T19:37:55.060000+00:00,router_dropped_pkts_total,->4,1-112,unknown,0.0,1.961,0.0
2025-10-15T19:37:55.060000+00:00,router_dropped_pkts_total,->6,1-112,unknown,0.0,1.961,0.0
2025-10-15T19:37:55.060000+00:00,router_dropped_pkts_total,->7,1-112,unknown,0.0,1.961,0.0
2025-10-15T19:37:55.060000+00:00,router_dropped_pkts_total,5,1-112,1-113,0.0,1.961,0.0
2025-10-15T19:37:55.060000+00:00,router_dropped_pkts_total,internal,1-112,1-112,0.0,1.961,0.0
2025-10-15T19:37:55.060000+00:00,router_dropped_pkts_total,physical_local,1-112,local,0.0,1.961,0.0
2025-10-15T19:37:55.060000+00:00,router_dropped_pkts_total,physical_remote,1-112,remote,0.0,1.961,0.0
2025-10-15T19:37:55.060000+00:00,router_input_bytes_total,->1,1-112,unknown,0.0,1.961,0.0
2025-10-15T19:37:55.060000+00:00,router_input_bytes_total,->2,1-112,unknown,0.0,1.961,0.0
2025-10-15T19:37:55.060000+00:00,router_input_bytes_total,->3,1-112,unknown,0.0,1.961,0.0
2025-10-15T19:37:55.060000+00:00,router_input_bytes_total,->4,1-112,unknown,0.0,1.961,0.0
2025-10-15T19:37:55.060000+00:00,router_input_bytes_total,->6,1-112,unknown,0.0,1.961,0.0
2025-10-15T19:37:55.060000+00:00,router_input_bytes_total,->7,1-112,unknown,0.0,1.961,0.0
2025-10-15T19:37:55.060000+00:00,router_input_bytes_total,5,1-112,1-113,118458.0,1.961,60406.935237123915
2025-10-15T19:37:55.060000+00:00,router_input_bytes_total,internal,1-112,1-112,252861.0,1.961,128944.9260581336
2025-10-15T19:37:55.060000+00:00,router_input_bytes_total,physical_local,1-112,local,252861.0,1.961,128944.9260581336
2025-10-15T19:37:55.060000+00:00,router_input_bytes_total,physical_remote,1-112,remote,118458.0,1.961,60406.935237123915
2025-10-15T19:37:55.060000+00:00,router_input_pkts_total,->1,1-112,unknown,0.0,1.961,0.0
2025-10-15T19:37:55.060000+00:00,router_input_pkts_total,->2,1-112,unknown,0.0,1.961,0.0
2025-10-15T19:37:55.060000+00:00,router_input_pkts_total,->3,1-112,unknown,0.0,1.961,0.0
2025-10-15T19:37:55.060000+00:00,router_input_pkts_total,->4,1-112,unknown,0.0,1.961,0.0
2025-10-15T19:37:55.060000+00:00,router_input_pkts_total,->6,1-112,unknown,0.0,1.961,0.0
2025-10-15T19:37:55.060000+00:00,router_input_pkts_total,->7,1-112,unknown,0.0,1.961,0.0
2025-10-15T19:37:55.060000+00:00,router_input_pkts_total,5,1-112,1-113,430.0,1.961,219.27587965323812
2025-10-15T19:37:55.060000+00:00,router_input_pkts_total,internal,1-112,1-112,407.0,1.961,207.54716981132074
2025-10-15T19:37:55.060000+00:00,router_input_pkts_total,physical_local,1-112,local,407.0,1.961,207.54716981132074
2025-10-15T19:37:55.060000+00:00,router_input_pkts_total,physical_remote,1-112,remote,430.0,1.961,219.27587965323812
2025-10-15T19:37:55.060000+00:00,router_output_bytes_total,->1,1-112,unknown,0.0,1.961,0.0
2025-10-15T19:37:55.060000+00:00,router_output_bytes_total,->2,1-112,unknown,0.0,1.961,0.0
2025-10-15T19:37:55.060000+00:00,router_output_bytes_total,->3,1-112,unknown,0.0,1.961,0.0
2025-10-15T19:37:55.060000+00:00,router_output_bytes_total,->4,1-112,unknown,0.0,1.961,0.0
2025-10-15T19:37:55.060000+00:00,router_output_bytes_total,->6,1-112,unknown,0.0,1.961,0.0
2025-10-15T19:37:55.060000+00:00,router_output_bytes_total,->7,1-112,unknown,0.0,1.961,0.0
2025-10-15T19:37:55.060000+00:00,router_output_bytes_total,5,1-112,1-113,259341.0,1.961,132249.3625701173
2025-10-15T19:37:55.060000+00:00,router_output_bytes_total,internal,1-112,1-112,111978.0,1.961,57102.498725140234
2025-10-15T19:37:55.060000+00:00,router_output_bytes_total,physical_local,1-112,local,111978.0,1.961,57102.498725140234
2025-10-15T19:37:55.060000+00:00,router_output_bytes_total,physical_remote,1-112,remote,259341.0,1.961,132249.3625701173
2025-10-15T19:37:55.060000+00:00,router_output_pkts_total,->1,1-112,unknown,0.0,1.961,0.0
2025-10-15T19:37:55.060000+00:00,router_output_pkts_total,->2,1-112,unknown,0.0,1.961,0.0
2025-10-15T19:37:55.060000+00:00,router_output_pkts_total,->3,1-112,unknown,0.0,1.961,0.0
2025-10-15T19:37:55.060000+00:00,router_output_pkts_total,->4,1-112,unknown,0.0,1.961,0.0
2025-10-15T19:37:55.060000+00:00,router_output_pkts_total,->6,1-112,unknown,0.0,1.961,0.0
2025-10-15T19:37:55.060000+00:00,router_output_pkts_total,->7,1-112,unknown,0.0,1.961,0.0
2025-10-15T19:37:55.060000+00:00,router_output_pkts_total,5,1-112,1-113,467.0,1.961,238.14380418154002
2025-10-15T19:37:55.060000+00:00,router_output_pkts_total,internal,1-112,1-112,372.0,1.961,189.6991330953595
2025-10-15T19:37:55.060000+00:00,router_output_pkts_total,physical_local,1-112,local,372.0,1.961,189.6991330953595
2025-10-15T19:37:55.060000+00:00,router_output_pkts_total,physical_remote,1-112,remote,467.0,1.961,238.14380418154002
2025-10-15T19:37:56.740000+00:00,router_dropped_pkts_total,->1,1-112,unknown,0.0,1.68,0.0
2025-10-15T19:37:56.740000+00:00,router_dropped_pkts_total,->2,1-112,unknown,0.0,1.68,0.0
2025-10-15T19:37:56.740000+00:00,router_dropped_pkts_total,->3,1-112,unknown,0.0,1.68,0.0
2025-10-15T19:37:56.740000+00:00,router_dropped_pkts_total,->4,1-112,unknown,0.0,1.68,0.0
2025-10-15T19:37:56.740000+00:00,router_dropped_pkts_total,->6,1-112,unknown,0.0,1.68,0.0
2025-10-15T19:37:56.740000+00:00,router_dropped_pkts_total,->7,1-112,unknown,0.0,1.68,0.0
2025-10-15T19:37:56.740000+00:00,router_dropped_pkts_total,5,1-112,1-113,0.0,1.68,0.0
2025-10-15T19:37:56.740000+00:00,router_dropped_pkts_total,internal,1-112,1-112,0.0,1.68,0.0
2025-10-15T19:37:56.740000+00:00,router_dropped_pkts_total,physical_local,1-112,local,0.0,1.68,0.0
2025-10-15T19:37:56.740000+00:00,router_dropped_pkts_total,physical_remote,1-112,remote,0.0,1.68,0.0
2025-10-15T19:37:56.740000+00:00,router_input_bytes_total,->1,1-112,unknown,0.0,1.68,0.0
2025-10-15T19:37:56.740000+00:00,router_input_bytes_total,->2,1-112,unknown,0.0,1.68,0.0
2025-10-15T19:37:56.740000+00:00,router_input_bytes_total,->3,1-112,unknown,0.0,1.68,0.0
2025-10-15T19:37:56.740000+00:00,router_input_bytes_total,->4,1-112,unknown,0.0,1.68,0.0
2025-10-15T19:37:56.740000+00:00,router_input_bytes_total,->6,1-112,unknown,0.0,1.68,0.0
2025-10-15T19:37:56.740000+00:00,router_input_bytes_total,->7,1-112,unknown,0.0,1.68,0.0
2025-10-15T19:37:56.740000+00:00,router_input_bytes_total,5,1-112,1-113,124656.0,1.68,74200.0
2025-10-15T19:37:56.740000+00:00,router_input_bytes_total,internal,1-112,1-112,246381.0,1.68,146655.35714285716
2025-10-15T19:37:56.740000+00:00,router_input_bytes_total,physical_local,1-112,local,246381.0,1.68,146655.35714285716
2025-10-15T19:37:56.740000+00:00,router_input_bytes_total,physical_remote,1-112,remote,124656.0,1.68,74200.0
2025-10-15T19:37:56.740000+00:00,router_input_pkts_total,->1,1-112,unknown,0.0,1.68,0.0
2025-10-15T19:37:56.740000+00:00,router_input_pkts_total,->2,1-112,unknown,0.0,1.68,0.0
2025-10-15T19:37:56.740000+00:00,router_input_pkts_total,->3,1-112,unknown,0.0,1.68,0.0
2025-10-15T19:37:56.740000+00:00,router_input_pkts_total,->4,1-112,unknown,0.0,1.68,0.0
2025-10-15T19:37:56.740000+00:00,router_input_pkts_total,->6,1-112,unknown,0.0,1.68,0.0
2025-10-15T19:37:56.740000+00:00,router_input_pkts_total,->7,1-112,unknown,0.0,1.68,0.0
2025-10-15T19:37:56.740000+00:00,router_input_pkts_total,5,1-112,1-113,426.0,1.68,253.57142857142858
2025-10-15T19:37:56.740000+00:00,router_input_pkts_total,internal,1-112,1-112,407.0,1.68,242.26190476190476
2025-10-15T19:37:56.740000+00:00,router_input_pkts_total,physical_local,1-112,local,407.0,1.68,242.26190476190476
2025-10-15T19:37:56.740000+00:00,router_input_pkts_total,physical_remote,1-112,remote,426.0,1.68,253.57142857142858
2025-10-15T19:37:56.740000+00:00,router_output_bytes_total,->1,1-112,unknown,0.0,1.68,0.0
2025-10-15T19:37:56.740000+00:00,router_output_bytes_total,->2,1-112,unknown,0.0,1.68,0.0
2025-10-15T19:37:56.740000+00:00,router_output_bytes_total,->3,1-112,unknown,0.0,1.68,0.0
2025-10-15T19:37:56.740000+00:00,router_output_bytes_total,->4,1-112,unknown,0.0,1.68,0.0
2025-10-15T19:37:56.740000+00:00,router_output_bytes_total,->6,1-112,unknown,0.0,1.68,0.0
2025-10-15T19:37:56.740000+00:00,router_output_bytes_total,->7,1-112,unknown,0.0,1.68,0.0
2025-10-15T19:37:56.740000+00:00,router_output_bytes_total,5,1-112,1-113,251313.0,1.68,149591.07142857142
2025-10-15T19:37:56.740000+00:00,router_output_bytes_total,internal,1-112,1-112,119796.0,1.68,71307.14285714286
2025-10-15T19:37:56.740000+00:00,router_output_bytes_total,physical_local,1-112,local,119796.0,1.68,71307.14285714286
2025-10-15T19:37:56.740000+00:00,router_output_bytes_total,physical_remote,1-112,remote,251313.0,1.68,149591.07142857142
2025-10-15T19:37:56.740000+00:00,router_output_pkts_total,->1,1-112,unknown,0.0,1.68,0.0
2025-10-15T19:37:56.740000+00:00,router_output_pkts_total,->2,1-112,unknown,0.0,1.68,0.0
2025-10-15T19:37:56.740000+00:00,router_output_pkts_total,->3,1-112,unknown,0.0,1.68,0.0
2025-10-15T19:37:56.740000+00:00,router_output_pkts_total,->4,1-112,unknown,0.0,1.68,0.0
2025-10-15T19:37:56.740000+00:00,router_output_pkts_total,->6,1-112,unknown,0.0,1.68,0.0
2025-10-15T19:37:56.740000+00:00,router_output_pkts_total,->7,1-112,unknown,0.0,1.68,0.0
2025-10-15T19:37:56.740000+00:00,router_output_pkts_total,5,1-112,1-113,441.0,1.68,262.5
2025-10-15T19:37:56.740000+00:00,router_output_pkts_total,internal,1-112,1-112,379.0,1.68,225.5952380952381
2025-10-15T19:37:56.740000+00:00,router_output_pkts_total,physical_local,1-112,local,379.0,1.68,225.5952380952381
2025-10-15T19:37:56.740000+00:00,router_output_pkts_total,physical_remote,1-112,remote,441.0,1.68,262.5
2025-10-15T19:37:58.519000+00:00,router_dropped_pkts_total,->1,1-112,unknown,0.0,1.779,0.0
2025-10-15T19:37:58.519000+00:00,router_dropped_pkts_total,->2,1-112,unknown,0.0,1.779,0.0
2025-10-15T19:37:58.519000+00:00,router_dropped_pkts_total,->3,1-112,unknown,0.0,1.779,0.0
2025-10-15T19:37:58.519000+00:00,router_dropped_pkts_total,->4,1-112,unknown,0.0,1.779,0.0
2025-10-15T19:37:58.519000+00:00,router_dropped_pkts_total,->6,1-112,unknown,0.0,1.779,0.0
2025-10-15T19:37:58.519000+00:00,router_dropped_pkts_total,->7,1-112,unknown,0.0,1.779,0.0
2025-10-15T19:37:58.519000+00:00,router_dropped_pkts_total,5,1-112,1-113,0.0,1.779,0.0
2025-10-15T19:37:58.519000+00:00,router_dropped_pkts_total,internal,1-112,1-112,0.0,1.779,0.0
2025-10-15T19:37:58.519000+00:00,router_dropped_pkts_total,physical_local,1-112,local,0.0,1.779,0.0
2025-10-15T19:37:58.519000+00:00,router_dropped_pkts_total,physical_remote,1-112,remote,0.0,1.779,0.0
2025-10-15T19:37:58.519000+00:00,router_input_bytes_total,->1,1-112,unknown,0.0,1.779,0.0
2025-10-15T19:37:58.519000+00:00,router_input_bytes_total,->2,1-112,unknown,0.0,1.779,0.0
2025-10-15T19:37:58.519000+00:00,router_input_bytes_total,->3,1-112,unknown,0.0,1.779,0.0
2025-10-15T19:37:58.519000+00:00,router_input_bytes_total,->4,1-112,unknown,0.0,1.779,0.0
2025-10-15T19:37:58.519000+00:00,router_input_bytes_total,->6,1-112,unknown,0.0,1.779,0.0
2025-10-15T19:37:58.519000+00:00,router_input_bytes_total,->7,1-112,unknown,0.0,1.779,0.0
2025-10-15T19:37:58.519000+00:00,router_input_bytes_total,5,1-112,1-113,120085.0,1.779,67501.40528386734
2025-10-15T19:37:58.519000+00:00,router_input_bytes_total,internal,1-112,1-112,254088.0,1.779,142826.30691399664
2025-10-15T19:37:58.519000+00:00,router_input_bytes_total,physical_local,1-112,local,254088.0,1.779,142826.30691399664
2025-10-15T19:37:58.519000+00:00,router_input_bytes_total,physical_remote,1-112,remote,120085.0,1.779,67501.40528386734
2025-10-15T19:37:58.519000+00:00,router_input_pkts_total,->1,1-112,unknown,0.0,1.779,0.0
2025-10-15T19:37:58.519000+00:00,router_input_pkts_total,->2,1-112,unknown,0.0,1.779,0.0
2025-10-15T19:37:58.519000+00:00,router_input_pkts_total,->3,1-112,unknown,0.0,1.779,0.0
2025-10-15T19:37:58.519000+00:00,router_input_pkts_total,->4,1-112,unknown,0.0,1.779,0.0
2025-10-15T19:37:58.519000+00:00,router_input_pkts_total,->6,1-112,unknown,0.0,1.779,0.0
2025-10-15T19:37:58.519000+00:00,router_input_pkts_total,->7,1-112,unknown,0.0,1.779,0.0
2025-10-15T19:37:58.519000+00:00,router_input_pkts_total,5,1-112,1-113,436.0,1.779,245.0815064643058
2025-10-15T19:37:58.519000+00:00,router_input_pkts_total,internal,1-112,1-112,409.0,1.779,229.90444069702082
2025-10-15T19:37:58.519000+00:00,router_input_pkts_total,physical_local,1-112,local,409.0,1.779,229.90444069702082
2025-10-15T19:37:58.519000+00:00,router_input_pkts_total,physical_remote,1-112,remote,436.0,1.779,245.0815064643058
2025-10-15T19:37:58.519000+00:00,router_output_bytes_total,->1,1-112,unknown,0.0,1.779,0.0
2025-10-15T19:37:58.519000+00:00,router_output_bytes_total,->2,1-112,unknown,0.0,1.779,0.0
2025-10-15T19:37:58.519000+00:00,router_output_bytes_total,->3,1-112,unknown,0.0,1.779,0.0
2025-10-15T19:37:58.519000+00:00,router_output_bytes_total,->4,1-112,unknown,0.0,1.779,0.0
2025-10-15T19:37:58.519000+00:00,router_output_bytes_total,->6,1-112,unknown,0.0,1.779,0.0
2025-10-15T19:37:58.519000+00:00,router_output_bytes_total,->7,1-112,unknown,0.0,1.779,0.0
2025-10-15T19:37:58.519000+00:00,router_output_bytes_total,5,1-112,1-113,259476.0,1.779,145854.9747048904
2025-10-15T19:37:58.519000+00:00,router_output_bytes_total,internal,1-112,1-112,115225.0,1.779,64769.533445756046
2025-10-15T19:37:58.519000+00:00,router_output_bytes_total,physical_local,1-112,local,115225.0,1.779,64769.533445756046
2025-10-15T19:37:58.519000+00:00,router_output_bytes_total,physical_remote,1-112,remote,259476.0,1.779,145854.9747048904
2025-10-15T19:37:58.519000+00:00,router_output_pkts_total,->1,1-112,unknown,0.0,1.779,0.0
2025-10-15T19:37:58.519000+00:00,router_output_pkts_total,->2,1-112,unknown,0.0,1.779,0.0
2025-10-15T19:37:58.519000+00:00,router_output_pkts_total,->3,1-112,unknown,0.0,1.779,0.0
2025-10-15T19:37:58.519000+00:00,router_output_pkts_total,->4,1-112,unknown,0.0,1.779,0.0
2025-10-15T19:37:58.519000+00:00,router_output_pkts_total,->6,1-112,unknown,0.0,1.779,0.0
2025-10-15T19:37:58.519000+00:00,router_output_pkts_total,->7,1-112,unknown,0.0,1.779,0.0
2025-10-15T19:37:58.519000+00:00,router_output_pkts_total,5,1-112,1-113,465.0,1.779,261.38279932546374
2025-10-15T19:37:58.519000+00:00,router_output_pkts_total,internal,1-112,1-112,390.0,1.779,219.22428330522766
2025-10-15T19:37:58.519000+00:00,router_output_pkts_total,physical_local,1-112,local,390.0,1.779,219.22428330522766
2025-10-15T19:37:58.519000+00:00,router_output_pkts_total,physical_remote,1-112,remote,465.0,1.779,261.38279932546374
2025-10-15T19:38:00.309000+00:00,router_dropped_pkts_total,->1,1-112,unknown,0.0,1.79,0.0
2025-10-15T19:38:00.309000+00:00,router_dropped_pkts_total,->2,1-112,unknown,0.0,1.79,0.0
2025-10-15T19:38:00.309000+00:00,router_dropped_pkts_total,->3,1-112,unknown,0.0,1.79,0.0
2025-10-15T19:38:00.309000+00:00,router_dropped_pkts_total,->4,1-112,unknown,0.0,1.79,0.0
2025-10-15T19:38:00.309000+00:00,router_dropped_pkts_total,->6,1-112,unknown,0.0,1.79,0.0
2025-10-15T19:38:00.309000+00:00,router_dropped_pkts_total,->7,1-112,unknown,0.0,1.79,0.0
2025-10-15T19:38:00.309000+00:00,router_dropped_pkts_total,5,1-112,1-113,0.0,1.79,0.0
2025-10-15T19:38:00.309000+00:00,router_dropped_pkts_total,internal,1-112,1-112,0.0,1.79,0.0
2025-10-15T19:38:00.309000+00:00,router_dropped_pkts_total,physical_local,1-112,local,0.0,1.79,0.0
2025-10-15T19:38:00.309000+00:00,router_dropped_pkts_total,physical_remote,1-112,remote,0.0,1.79,0.0
2025-10-15T19:38:00.309000+00:00,router_input_bytes_total,->1,1-112,unknown,0.0,1.79,0.0
2025-10-15T19:38:00.309000+00:00,router_input_bytes_total,->2,1-112,unknown,0.0,1.79,0.0
2025-10-15T19:38:00.309000+00:00,router_input_bytes_total,->3,1-112,unknown,0.0,1.79,0.0
2025-10-15T19:38:00.309000+00:00,router_input_bytes_total,->4,1-112,unknown,0.0,1.79,0.0
2025-10-15T19:38:00.309000+00:00,router_input_bytes_total,->6,1-112,unknown,0.0,1.79,0.0
2025-10-15T19:38:00.309000+00:00,router_input_bytes_total,->7,1-112,unknown,0.0,1.79,0.0
2025-10-15T19:38:00.309000+00:00,router_input_bytes_total,5,1-112,1-113,117076.0,1.79,65405.58659217877
2025-10-15T19:38:00.309000+00:00,router_input_bytes_total,internal,1-112,1-112,247160.0,1.79,138078.2122905028
2025-10-15T19:38:00.309000+00:00,router_input_bytes_total,physical_local,1-112,local,247160.0,1.79,138078.2122905028
2025-10-15T19:38:00.309000+00:00,router_input_bytes_total,physical_remote,1-112,remote,117076.0,1.79,65405.58659217877
2025-10-15T19:38:00.309000+00:00,router_input_pkts_total,->1,1-112,unknown,0.0,1.79,0.0
2025-10-15T19:38:00.309000+00:00,router_input_pkts_total,->2,1-112,unknown,0.0,1.79,0.0
2025-10-15T19:38:00.309000+00:00,router_input_pkts_total,->3,1-112,unknown,0.0,1.79,0.0
2025-10-15T19:38:00.309000+00:00,router_input_pkts_total,->4,1-112,unknown,0.0,1.79,0.0
2025-10-15T19:38:00.309000+00:00,router_input_pkts_total,->6,1-112,unknown,0.0,1.79,0.0
2025-10-15T19:38:00.309000+00:00,router_input_pkts_total,->7,1-112,unknown,0.0,1.79,0.0
2025-10-15T19:38:00.309000+00:00,router_input_pkts_total,5,1-112,1-113,436.0,1.79,243.5754189944134
2025-10-15T19:38:00.309000+00:00,router_input_pkts_total,internal,1-112,1-112,403.0,1.79,225.13966480446928
2025-10-15T19:38:00.309000+00:00,router_input_pkts_total,physical_local,1-112,local,403.0,1.79,225.13966480446928
2025-10-15T19:38:00.309000+00:00,router_input_pkts_total,physical_remote,1-112,remote,436.0,1.79,243.5754189944134
2025-10-15T19:38:00.309000+00:00,router_output_bytes_total,->1,1-112,unknown,0.0,1.79,0.0
2025-10-15T19:38:00.309000+00:00,router_output_bytes_total,->2,1-112,unknown,0.0,1.79,0.0
2025-10-15T19:38:00.309000+00:00,router_output_bytes_total,->3,1-112,unknown,0.0,1.79,0.0
2025-10-15T19:38:00.309000+00:00,router_output_bytes_total,->4,1-112,unknown,0.0,1.79,0.0
2025-10-15T19:38:00.309000+00:00,router_output_bytes_total,->6,1-112,unknown,0.0,1.79,0.0
2025-10-15T19:38:00.309000+00:00,router_output_bytes_total,->7,1-112,unknown,0.0,1.79,0.0
2025-10-15T19:38:00.309000+00:00,router_output_bytes_total,5,1-112,1-113,253880.0,1.79,141832.40223463686
2025-10-15T19:38:00.309000+00:00,router_output_bytes_total,internal,1-112,1-112,110596.0,1.79,61785.47486033519
2025-10-15T19:38:00.309000+00:00,router_output_bytes_total,physical_local,1-112,local,110596.0,1.79,61785.47486033519
2025-10-15T19:38:00.309000+00:00,router_output_bytes_total,physical_remote,1-112,remote,253880.0,1.79,141832.40223463686
2025-10-15T19:38:00.309000+00:00,router_output_pkts_total,->1,1-112,unknown,0.0,1.79,0.0
2025-10-15T19:38:00.309000+00:00,router_output_pkts_total,->2,1-112,unknown,0.0,1.79,0.0
2025-10-15T19:38:00.309000+00:00,router_output_pkts_total,->3,1-112,unknown,0.0,1.79,0.0
2025-10-15T19:38:00.309000+00:00,router_output_pkts_total,->4,1-112,unknown,0.0,1.79,0.0
2025-10-15T19:38:00.309000+00:00,router_output_pkts_total,->6,1-112,unknown,0.0,1.79,0.0
2025-10-15T19:38:00.309000+00:00,router_output_pkts_total,->7,1-112,unknown,0.0,1.79,0.0
2025-10-15T19:38:00.309000+00:00,router_output_pkts_total,5,1-112,1-113,463.0,1.79,258.659217877095
2025-10-15T19:38:00.309000+00:00,router_output_pkts_total,internal,1-112,1-112,377.0,1.79,210.6145251396648
2025-10-15T19:38:00.309000+00:00,router_output_pkts_total,physical_local,1-112,local,377.0,1.79,210.6145251396648
2025-10-15T19:38:00.309000+00:00,router_output_pkts_total,physical_remote,1-112,remote,463.0,1.79,258.659217877095
2025-10-15T19:38:02.027000+00:00,router_dropped_pkts_total,->1,1-112,unknown,0.0,1.718,0.0
2025-10-15T19:38:02.027000+00:00,router_dropped_pkts_total,->2,1-112,unknown,0.0,1.718,0.0
2025-10-15T19:38:02.027000+00:00,router_dropped_pkts_total,->3,1-112,unknown,0.0,1.718,0.0
2025-10-15T19:38:02.027000+00:00,router_dropped_pkts_total,->4,1-112,unknown,0.0,1.718,0.0
2025-10-15T19:38:02.027000+00:00,router_dropped_pkts_total,->6,1-112,unknown,0.0,1.718,0.0
2025-10-15T19:38:02.027000+00:00,router_dropped_pkts_total,->7,1-112,unknown,0.0,1.718,0.0
2025-10-15T19:38:02.027000+00:00,router_dropped_pkts_total,5,1-112,1-113,0.0,1.718,0.0
2025-10-15T19:38:02.027000+00:00,router_dropped_pkts_total,internal,1-112,1-112,0.0,1.718,0.0
2025-10-15T19:38:02.027000+00:00,router_dropped_pkts_total,physical_local,1-112,local,0.0,1.718,0.0
2025-10-15T19:38:02.027000+00:00,router_dropped_pkts_total,physical_remote,1-112,remote,0.0,1.718,0.0
2025-10-15T19:38:02.027000+00:00,router_input_bytes_total,->1,1-112,unknown,0.0,1.718,0.0
2025-10-15T19:38:02.027000+00:00,router_input_bytes_total,->2,1-112,unknown,0.0,1.718,0.0
2025-10-15T19:38:02.027000+00:00,router_input_bytes_total,->3,1-112,unknown,0.0,1.718,0.0
2025-10-15T19:38:02.027000+00:00,router_input_bytes_total,->4,1-112,unknown,0.0,1.718,0.0
2025-10-15T19:38:02.027000+00:00,router_input_bytes_total,->6,1-112,unknown,0.0,1.718,0.0
2025-10-15T19:38:02.027000+00:00,router_input_bytes_total,->7,1-112,unknown,0.0,1.718,0.0
2025-10-15T19:38:02.027000+00:00,router_input_bytes_total,5,1-112,1-113,131678.0,1.718,76646.10011641444
2025-10-15T19:38:02.027000+00:00,router_input_bytes_total,internal,1-112,1-112,252558.0,1.718,147006.9848661234
2025-10-15T19:38:02.027000+00:00,router_input_bytes_total,physical_local,1-112,local,252558.0,1.718,147006.9848661234
2025-10-15T19:38:02.027000+00:00,router_input_bytes_total,physical_remote,1-112,remote,131678.0,1.718,76646.10011641444
2025-10-15T19:38:02.027000+00:00,router_input_pkts_total,->1,1-112,unknown,0.0,1.718,0.0
2025-10-15T19:38:02.027000+00:00,router_input_pkts_total,->2,1-112,unknown,0.0,1.718,0.0
2025-10-15T19:38:02.027000+00:00,router_input_pkts_total,->3,1-112,unknown,0.0,1.718,0.0
2025-10-15T19:38:02.027000+00:00,router_input_pkts_total,->4,1-112,unknown,0.0,1.718,0.0
2025-10-15T19:38:02.027000+00:00,router_input_pkts_total,->6,1-112,unknown,0.0,1.718,0.0
2025-10-15T19:38:02.027000+00:00,router_input_pkts_total,->7,1-112,unknown,0.0,1.718,0.0
2025-10-15T19:38:02.027000+00:00,router_input_pkts_total,5,1-112,1-113,468.0,1.718,272.40977881257277
2025-10-15T19:38:02.027000+00:00,router_input_pkts_total,internal,1-112,1-112,432.0,1.718,251.45518044237485
2025-10-15T19:38:02.027000+00:00,router_input_pkts_total,physical_local,1-112,local,432.0,1.718,251.45518044237485
2025-10-15T19:38:02.027000+00:00,router_input_pkts_total,physical_remote,1-112,remote,468.0,1.718,272.40977881257277
2025-10-15T19:38:02.027000+00:00,router_output_bytes_total,->1,1-112,unknown,0.0,1.718,0.0
2025-10-15T19:38:02.027000+00:00,router_output_bytes_total,->2,1-112,unknown,0.0,1.718,0.0
2025-10-15T19:38:02.027000+00:00,router_output_bytes_total,->3,1-112,unknown,0.0,1.718,0.0
2025-10-15T19:38:02.027000+00:00,router_output_bytes_total,->4,1-112,unknown,0.0,1.718,0.0
2025-10-15T19:38:02.027000+00:00,router_output_bytes_total,->6,1-112,unknown,0.0,1.718,0.0
2025-10-15T19:38:02.027000+00:00,router_output_bytes_total,->7,1-112,unknown,0.0,1.718,0.0
2025-10-15T19:38:02.027000+00:00,router_output_bytes_total,5,1-112,1-113,259278.0,1.718,150918.509895227
2025-10-15T19:38:02.027000+00:00,router_output_bytes_total,internal,1-112,1-112,125198.0,1.718,72874.27240977882
2025-10-15T19:38:02.027000+00:00,router_output_bytes_total,physical_local,1-112,local,125198.0,1.718,72874.27240977882
2025-10-15T19:38:02.027000+00:00,router_output_bytes_total,physical_remote,1-112,remote,259278.0,1.718,150918.509895227
2025-10-15T19:38:02.027000+00:00,router_output_pkts_total,->1,1-112,unknown,0.0,1.718,0.0
2025-10-15T19:38:02.027000+00:00,router_output_pkts_total,->2,1-112,unknown,0.0,1.718,0.0
2025-10-15T19:38:02.027000+00:00,router_output_pkts_total,->3,1-112,unknown,0.0,1.718,0.0
2025-10-15T19:38:02.027000+00:00,router_output_pkts_total,->4,1-112,unknown,0.0,1.718,0.0
2025-10-15T19:38:02.027000+00:00,router_output_pkts_total,->6,1-112,unknown,0.0,1.718,0.0
2025-10-15T19:38:02.027000+00:00,router_output_pkts_total,->7,1-112,unknown,0.0,1.718,0.0
2025-10-15T19:38:02.027000+00:00,router_output_pkts_total,5,1-112,1-113,492.0,1.718,286.37951105937134
2025-10-15T19:38:02.027000+00:00,router_output_pkts_total,internal,1-112,1-112,408.0,1.718,237.48544819557625
2025-10-15T19:38:02.027000+00:00,router_output_pkts_total,physical_local,1-112,local,408.0,1.718,237.48544819557625
2025-10-15T19:38:02.027000+00:00,router_output_pkts_total,physical_remote,1-112,remote,492.0,1.718,286.37951105937134
2025-10-15T19:38:03.672000+00:00,router_dropped_pkts_total,->1,1-112,unknown,0.0,1.645,0.0
2025-10-15T19:38:03.672000+00:00,router_dropped_pkts_total,->2,1-112,unknown,0.0,1.645,0.0
2025-10-15T19:38:03.672000+00:00,router_dropped_pkts_total,->3,1-112,unknown,0.0,1.645,0.0
2025-10-15T19:38:03.672000+00:00,router_dropped_pkts_total,->4,1-112,unknown,0.0,1.645,0.0
2025-10-15T19:38:03.672000+00:00,router_dropped_pkts_total,->6,1-112,unknown,0.0,1.645,0.0
2025-10-15T19:38:03.672000+00:00,router_dropped_pkts_total,->7,1-112,unknown,0.0,1.645,0.0
2025-10-15T19:38:03.672000+00:00,router_dropped_pkts_total,5,1-112,1-113,0.0,1.645,0.0
2025-10-15T19:38:03.672000+00:00,router_dropped_pkts_total,internal,1-112,1-112,0.0,1.645,0.0
2025-10-15T19:38:03.672000+00:00,router_dropped_pkts_total,physical_local,1-112,local,0.0,1.645,0.0
2025-10-15T19:38:03.672000+00:00,router_dropped_pkts_total,physical_remote,1-112,remote,0.0,1.645,0.0
2025-10-15T19:38:03.672000+00:00,router_input_bytes_total,->1,1-112,unknown,0.0,1.645,0.0
2025-10-15T19:38:03.672000+00:00,router_input_bytes_total,->2,1-112,unknown,0.0,1.645,0.0
2025-10-15T19:38:03.672000+00:00,router_input_bytes_total,->3,1-112,unknown,0.0,1.645,0.0
2025-10-15T19:38:03.672000+00:00,router_input_bytes_total,->4,1-112,unknown,0.0,1.645,0.0
2025-10-15T19:38:03.672000+00:00,router_input_bytes_total,->6,1-112,unknown,0.0,1.645,0.0
2025-10-15T19:38:03.672000+00:00,router_input_bytes_total,->7,1-112,unknown,0.0,1.645,0.0
2025-10-15T19:38:03.672000+00:00,router_input_bytes_total,5,1-112,1-113,107360.0,1.645,65264.43768996961
2025-10-15T19:38:03.672000+00:00,router_input_bytes_total,internal,1-112,1-112,238974.0,1.645,145272.94832826746
2025-10-15T19:38:03.672000+00:00,router_input_bytes_total,physical_local,1-112,local,238974.0,1.645,145272.94832826746
2025-10-15T19:38:03.672000+00:00,router_input_bytes_total,physical_remote,1-112,remote,107360.0,1.645,65264.43768996961
2025-10-15T19:38:03.672000+00:00,router_input_pkts_total,->1,1-112,unknown,0.0,1.645,0.0
2025-10-15T19:38:03.672000+00:00,router_input_pkts_total,->2,1-112,unknown,0.0,1.645,0.0
2025-10-15T19:38:03.672000+00:00,router_input_pkts_total,->3,1-112,unknown,0.0,1.645,0.0
2025-10-15T19:38:03.672000+00:00,router_input_pkts_total,->4,1-112,unknown,0.0,1.645,0.0
2025-10-15T19:38:03.672000+00:00,router_input_pkts_total,->6,1-112,unknown,0.0,1.645,0.0
2025-10-15T19:38:03.672000+00:00,router_input_pkts_total,->7,1-112,unknown,0.0,1.645,0.0
2025-10-15T19:38:03.672000+00:00,router_input_pkts_total,5,1-112,1-113,368.0,1.645,223.70820668693008
2025-10-15T19:38:03.672000+00:00,router_input_pkts_total,internal,1-112,1-112,373.0,1.645,226.74772036474164
2025-10-15T19:38:03.672000+00:00,router_input_pkts_total,physical_local,1-112,local,373.0,1.645,226.74772036474164
2025-10-15T19:38:03.672000+00:00,router_input_pkts_total,physical_remote,1-112,remote,368.0,1.645,223.70820668693008
2025-10-15T19:38:03.672000+00:00,router_output_bytes_total,->1,1-112,unknown,0.0,1.645,0.0
2025-10-15T19:38:03.672000+00:00,router_output_bytes_total,->2,1-112,unknown,0.0,1.645,0.0
2025-10-15T19:38:03.672000+00:00,router_output_bytes_total,->3,1-112,unknown,0.0,1.645,0.0
2025-10-15T19:38:03.672000+00:00,router_output_bytes_total,->4,1-112,unknown,0.0,1.645,0.0
2025-10-15T19:38:03.672000+00:00,router_output_bytes_total,->6,1-112,unknown,0.0,1.645,0.0
2025-10-15T19:38:03.672000+00:00,router_output_bytes_total,->7,1-112,unknown,0.0,1.645,0.0
2025-10-15T19:38:03.672000+00:00,router_output_bytes_total,5,1-112,1-113,242334.0,1.645,147315.50151975683
2025-10-15T19:38:03.672000+00:00,router_output_bytes_total,internal,1-112,1-112,104120.0,1.645,63294.83282674772
2025-10-15T19:38:03.672000+00:00,router_output_bytes_total,physical_local,1-112,local,104120.0,1.645,63294.83282674772
2025-10-15T19:38:03.672000+00:00,router_output_bytes_total,physical_remote,1-112,remote,242334.0,1.645,147315.50151975683
2025-10-15T19:38:03.672000+00:00,router_output_pkts_total,->1,1-112,unknown,0.0,1.645,0.0
2025-10-15T19:38:03.672000+00:00,router_output_pkts_total,->2,1-112,unknown,0.0,1.645,0.0
2025-10-15T19:38:03.672000+00:00,router_output_pkts_total,->3,1-112,unknown,0.0,1.645,0.0
2025-10-15T19:38:03.672000+00:00,router_output_pkts_total,->4,1-112,unknown,0.0,1.645,0.0
2025-10-15T19:38:03.672000+00:00,router_output_pkts_total,->6,1-112,unknown,0.0,1.645,0.0
2025-10-15T19:38:03.672000+00:00,router_output_pkts_total,->7,1-112,unknown,0.0,1.645,0.0
2025-10-15T19:38:03.672000+00:00,router_output_pkts_total,5,1-112,1-113,403.0,1.645,244.98480243161094
2025-10-15T19:38:03.672000+00:00,router_output_pkts_total,internal,1-112,1-112,338.0,1.645,205.47112462006078
2025-10-15T19:38:03.672000+00:00,router_output_pkts_total,physical_local,1-112,local,338.0,1.645,205.47112462006078
2025-10-15T19:38:03.672000+00:00,router_output_pkts_total,physical_remote,1-112,remote,403.0,1.645,244.98480243161094
2025-10-15T19:38:05.498000+00:00,router_dropped_pkts_total,->1,1-112,unknown,0.0,1.826,0.0
2025-10-15T19:38:05.498000+00:00,router_dropped_pkts_total,->2,1-112,unknown,0.0,1.826,0.0
2025-10-15T19:38:05.498000+00:00,router_dropped_pkts_total,->3,1-112,unknown,0.0,1.826,0.0
2025-10-15T19:38:05.498000+00:00,router_dropped_pkts_total,->4,1-112,unknown,0.0,1.826,0.0
2025-10-15T19:38:05.498000+00:00,router_dropped_pkts_total,->6,1-112,unknown,0.0,1.826,0.0
2025-10-15T19:38:05.498000+00:00,router_dropped_pkts_total,->7,1-112,unknown,0.0,1.826,0.0
2025-10-15T19:38:05.498000+00:00,router_dropped_pkts_total,5,1-112,1-113,0.0,1.826,0.0
2025-10-15T19:38:05.498000+00:00,router_dropped_pkts_total,internal,1-112,1-112,0.0,1.826,0.0
2025-10-15T19:38:05.498000+00:00,router_dropped_pkts_total,physical_local,1-112,local,0.0,1.826,0.0
2025-10-15T19:38:05.498000+00:00,router_dropped_pkts_total,physical_remote,1-112,remote,0.0,1.826,0.0
2025-10-15T19:38:05.498000+00:00,router_input_bytes_total,->1,1-112,unknown,0.0,1.826,0.0
2025-10-15T19:38:05.498000+00:00,router_input_bytes_total,->2,1-112,unknown,0.0,1.826,0.0
2025-10-15T19:38:05.498000+00:00,router_input_bytes_total,->3,1-112,unknown,0.0,1.826,0.0
2025-10-15T19:38:05.498000+00:00,router_input_bytes_total,->4,1-112,unknown,0.0,1.826,0.0
2025-10-15T19:38:05.498000+00:00,router_input_bytes_total,->6,1-112,unknown,0.0,1.826,0.0
2025-10-15T19:38:05.498000+00:00,router_input_bytes_total,->7,1-112,unknown,0.0,1.826,0.0
2025-10-15T19:38:05.498000+00:00,router_input_bytes_total,5,1-112,1-113,115256.0,1.826,63119.38663745893
2025-10-15T19:38:05.498000+00:00,router_input_bytes_total,internal,1-112,1-112,241808.0,1.826,132424.9726177437
2025-10-15T19:38:05.498000+00:00,router_input_bytes_total,physical_local,1-112,local,241808.0,1.826,132424.9726177437
2025-10-15T19:38:05.498000+00:00,router_input_bytes_total,physical_remote,1-112,remote,115256.0,1.826,63119.38663745893
2025-10-15T19:38:05.498000+00:00,router_input_pkts_total,->1,1-112,unknown,0.0,1.826,0.0
2025-10-15T19:38:05.498000+00:00,router_input_pkts_total,->2,1-112,unknown,0.0,1.826,0.0
2025-10-15T19:38:05.498000+00:00,router_input_pkts_total,->3,1-112,unknown,0.0,1.826,0.0
2025-10-15T19:38:05.498000+00:00,router_input_pkts_total,->4,1-112,unknown,0.0,1.826,0.0
2025-10-15T19:38:05.498000+00:00,router_input_pkts_total,->6,1-112,unknown,0.0,1.826,0.0
2025-10-15T19:38:05.498000+00:00,router_input_pkts_total,->7,1-112,unknown,0.0,1.826,0.0
2025-10-15T19:38:05.498000+00:00,router_input_pkts_total,5,1-112,1-113,430.0,1.826,235.48740416210296
2025-10-15T19:38:05.498000+00:00,router_input_pkts_total,internal,1-112,1-112,400.0,1.826,219.05805038335157
2025-10-15T19:38:05.498000+00:00,router_input_pkts_total,physical_local,1-112,local,400.0,1.826,219.05805038335157
2025-10-15T19:38:05.498000+00:00,router_input_pkts_total,physical_remote,1-112,remote,430.0,1.826,235.48740416210296
2025-10-15T19:38:05.498000+00:00,router_output_bytes_total,->1,1-112,unknown,0.0,1.826,0.0
2025-10-15T19:38:05.498000+00:00,router_output_bytes_total,->2,1-112,unknown,0.0,1.826,0.0
2025-10-15T19:38:05.498000+00:00,router_output_bytes_total,->3,1-112,unknown,0.0,1.826,0.0
2025-10-15T19:38:05.498000+00:00,router_output_bytes_total,->4,1-112,unknown,0.0,1.826,0.0
2025-10-15T19:38:05.498000+00:00,router_output_bytes_total,->6,1-112,unknown,0.0,1.826,0.0
2025-10-15T19:38:05.498000+00:00,router_output_bytes_total,->7,1-112,unknown,0.0,1.826,0.0
2025-10-15T19:38:05.498000+00:00,router_output_bytes_total,5,1-112,1-113,248528.0,1.826,136105.147864184
2025-10-15T19:38:05.498000+00:00,router_output_bytes_total,internal,1-112,1-112,108776.0,1.826,59570.64622124863
2025-10-15T19:38:05.498000+00:00,router_output_bytes_total,physical_local,1-112,local,108776.0,1.826,59570.64622124863
2025-10-15T19:38:05.498000+00:00,router_output_bytes_total,physical_remote,1-112,remote,248528.0,1.826,136105.147864184
2025-10-15T19:38:05.498000+00:00,router_output_pkts_total,->1,1-112,unknown,0.0,1.826,0.0
2025-10-15T19:38:05.498000+00:00,router_output_pkts_total,->2,1-112,unknown,0.0,1.826,0.0
2025-10-15T19:38:05.498000+00:00,router_output_pkts_total,->3,1-112,unknown,0.0,1.826,0.0
2025-10-15T19:38:05.498000+00:00,router_output_pkts_total,->4,1-112,unknown,0.0,1.826,0.0
2025-10-15T19:38:05.498000+00:00,router_output_pkts_total,->6,1-112,unknown,0.0,1.826,0.0
2025-10-15T19:38:05.498000+00:00,router_output_pkts_total,->7,1-112,unknown,0.0,1.826,0.0
2025-10-15T19:38:05.498000+00:00,router_output_pkts_total,5,1-112,1-113,460.0,1.826,251.91675794085432
2025-10-15T19:38:05.498000+00:00,router_output_pkts_total,internal,1-112,1-112,370.0,1.826,202.6286966046002
2025-10-15T19:38:05.498000+00:00,router_output_pkts_total,physical_local,1-112,local,370.0,1.826,202.6286966046002
2025-10-15T19:38:05.498000+00:00,router_output_pkts_total,physical_remote,1-112,remote,460.0,1.826,251.91675794085432
2025-10-15T19:38:07.201000+00:00,router_dropped_pkts_total,->1,1-112,unknown,0.0,1.703,0.0
2025-10-15T19:38:07.201000+00:00,router_dropped_pkts_total,->2,1-112,unknown,0.0,1.703,0.0
2025-10-15T19:38:07.201000+00:00,router_dropped_pkts_total,->3,1-112,unknown,0.0,1.703,0.0
2025-10-15T19:38:07.201000+00:00,router_dropped_pkts_total,->4,1-112,unknown,0.0,1.703,0.0
2025-10-15T19:38:07.201000+00:00,router_dropped_pkts_total,->6,1-112,unknown,0.0,1.703,0.0
2025-10-15T19:38:07.201000+00:00,router_dropped_pkts_total,->7,1-112,unknown,0.0,1.703,0.0
2025-10-15T19:38:07.201000+00:00,router_dropped_pkts_total,5,1-112,1-113,0.0,1.703,0.0
2025-10-15T19:38:07.201000+00:00,router_dropped_pkts_total,internal,1-112,1-112,0.0,1.703,0.0
2025-10-15T19:38:07.201000+00:00,router_dropped_pkts_total,physical_local,1-112,local,0.0,1.703,0.0
2025-10-15T19:38:07.201000+00:00,router_dropped_pkts_total,physical_remote,1-112,remote,0.0,1.703,0.0
2025-10-15T19:38:07.201000+00:00,router_input_bytes_total,->1,1-112,unknown,0.0,1.703,0.0
2025-10-15T19:38:07.201000+00:00,router_input_bytes_total,->2,1-112,unknown,0.0,1.703,0.0
2025-10-15T19:38:07.201000+00:00,router_input_bytes_total,->3,1-112,unknown,0.0,1.703,0.0
2025-10-15T19:38:07.201000+00:00,router_input_bytes_total,->4,1-112,unknown,0.0,1.703,0.0
2025-10-15T19:38:07.201000+00:00,router_input_bytes_total,->6,1-112,unknown,0.0,1.703,0.0
2025-10-15T19:38:07.201000+00:00,router_input_bytes_total,->7,1-112,unknown,0.0,1.703,0.0
2025-10-15T19:38:07.201000+00:00,router_input_bytes_total,5,1-112,1-113,130534.0,1.703,76649.44216089253
2025-10-15T19:38:07.201000+00:00,router_input_bytes_total,internal,1-112,1-112,253683.0,1.703,148962.4192601292
2025-10-15T19:38:07.201000+00:00,router_input_bytes_total,physical_local,1-112,local,253683.0,1.703,148962.4192601292
2025-10-15T19:38:07.201000+00:00,router_input_bytes_total,physical_remote,1-112,remote,130534.0,1.703,76649.44216089253
2025-10-15T19:38:07.201000+00:00,router_input_pkts_total,->1,1-112,unknown,0.0,1.703,0.0
2025-10-15T19:38:07.201000+00:00,router_input_pkts_total,->2,1-112,unknown,0.0,1.703,0.0
2025-10-15T19:38:07.201000+00:00,router_input_pkts_total,->3,1-112,unknown,0.0,1.703,0.0
2025-10-15T19:38:07.201000+00:00,router_input_pkts_total,->4,1-112,unknown,0.0,1.703,0.0
2025-10-15T19:38:07.201000+00:00,router_input_pkts_total,->6,1-112,unknown,0.0,1.703,0.0
2025-10-15T19:38:07.201000+00:00,router_input_pkts_total,->7,1-112,unknown,0.0,1.703,0.0
2025-10-15T19:38:07.201000+00:00,router_input_pkts_total,5,1-112,1-113,459.0,1.703,269.52436876100995
2025-10-15T19:38:07.201000+00:00,router_input_pkts_total,internal,1-112,1-112,423.0,1.703,248.38520258367586
2025-10-15T19:38:07.201000+00:00,router_input_pkts_total,physical_local,1-112,local,423.0,1.703,248.38520258367586
2025-10-15T19:38:07.201000+00:00,router_input_pkts_total,physical_remote,1-112,remote,459.0,1.703,269.52436876100995
2025-10-15T19:38:07.201000+00:00,router_output_bytes_total,->1,1-112,unknown,0.0,1.703,0.0
2025-10-15T19:38:07.201000+00:00,router_output_bytes_total,->2,1-112,unknown,0.0,1.703,0.0
2025-10-15T19:38:07.201000+00:00,router_output_bytes_total,->3,1-112,unknown,0.0,1.703,0.0
2025-10-15T19:38:07.201000+00:00,router_output_bytes_total,->4,1-112,unknown,0.0,1.703,0.0
2025-10-15T19:38:07.201000+00:00,router_output_bytes_total,->6,1-112,unknown,0.0,1.703,0.0
2025-10-15T19:38:07.201000+00:00,router_output_bytes_total,->7,1-112,unknown,0.0,1.703,0.0
2025-10-15T19:38:07.201000+00:00,router_output_bytes_total,5,1-112,1-113,260526.0,1.703,152980.6224310041
2025-10-15T19:38:07.201000+00:00,router_output_bytes_total,internal,1-112,1-112,124054.0,1.703,72844.39224897239
2025-10-15T19:38:07.201000+00:00,router_output_bytes_total,physical_local,1-112,local,124054.0,1.703,72844.39224897239
2025-10-15T19:38:07.201000+00:00,router_output_bytes_total,physical_remote,1-112,remote,260526.0,1.703,152980.6224310041
2025-10-15T19:38:07.201000+00:00,router_output_pkts_total,->1,1-112,unknown,0.0,1.703,0.0
2025-10-15T19:38:07.201000+00:00,router_output_pkts_total,->2,1-112,unknown,0.0,1.703,0.0
2025-10-15T19:38:07.201000+00:00,router_output_pkts_total,->3,1-112,unknown,0.0,1.703,0.0
2025-10-15T19:38:07.201000+00:00,router_output_pkts_total,->4,1-112,unknown,0.0,1.703,0.0
2025-10-15T19:38:07.201000+00:00,router_output_pkts_total,->6,1-112,unknown,0.0,1.703,0.0
2025-10-15T19:38:07.201000+00:00,router_output_pkts_total,->7,1-112,unknown,0.0,1.703,0.0
2025-10-15T19:38:07.201000+00:00,router_output_pkts_total,5,1-112,1-113,479.0,1.703,281.26834997064003
2025-10-15T19:38:07.201000+00:00,router_output_pkts_total,internal,1-112,1-112,398.0,1.703,233.70522607163826
2025-10-15T19:38:07.201000+00:00,router_output_pkts_total,physical_local,1-112,local,398.0,1.703,233.70522607163826
2025-10-15T19:38:07.201000+00:00,router_output_pkts_total,physical_remote,1-112,remote,479.0,1.703,281.26834997064003
2025-10-15T19:38:08.972000+00:00,router_dropped_pkts_total,->1,1-112,unknown,0.0,1.771,0.0
2025-10-15T19:38:08.972000+00:00,router_dropped_pkts_total,->2,1-112,unknown,0.0,1.771,0.0
2025-10-15T19:38:08.972000+00:00,router_dropped_pkts_total,->3,1-112,unknown,0.0,1.771,0.0
2025-10-15T19:38:08.972000+00:00,router_dropped_pkts_total,->4,1-112,unknown,0.0,1.771,0.0
2025-10-15T19:38:08.972000+00:00,router_dropped_pkts_total,->6,1-112,unknown,0.0,1.771,0.0
2025-10-15T19:38:08.972000+00:00,router_dropped_pkts_total,->7,1-112,unknown,0.0,1.771,0.0
2025-10-15T19:38:08.972000+00:00,router_dropped_pkts_total,5,1-112,1-113,0.0,1.771,0.0
2025-10-15T19:38:08.972000+00:00,router_dropped_pkts_total,internal,1-112,1-112,0.0,1.771,0.0
2025-10-15T19:38:08.972000+00:00,router_dropped_pkts_total,physical_local,1-112,local,0.0,1.771,0.0
2025-10-15T19:38:08.972000+00:00,router_dropped_pkts_total,physical_remote,1-112,remote,0.0,1.771,0.0
2025-10-15T19:38:08.972000+00:00,router_input_bytes_total,->1,1-112,unknown,0.0,1.771,0.0
2025-10-15T19:38:08.972000+00:00,router_input_bytes_total,->2,1-112,unknown,0.0,1.771,0.0
2025-10-15T19:38:08.972000+00:00,router_input_bytes_total,->3,1-112,unknown,0.0,1.771,0.0
2025-10-15T19:38:08.972000+00:00,router_input_bytes_total,->4,1-112,unknown,0.0,1.771,0.0
2025-10-15T19:38:08.972000+00:00,router_input_bytes_total,->6,1-112,unknown,0.0,1.771,0.0
2025-10-15T19:38:08.972000+00:00,router_input_bytes_total,->7,1-112,unknown,0.0,1.771,0.0
2025-10-15T19:38:08.972000+00:00,router_input_bytes_total,5,1-112,1-113,135995.0,1.771,76789.94918125353
2025-10-15T19:38:08.972000+00:00,router_input_bytes_total,internal,1-112,1-112,287155.0,1.771,162142.85714285716
2025-10-15T19:38:08.972000+00:00,router_input_bytes_total,physical_local,1-112,local,287155.0,1.771,162142.85714285716
2025-10-15T19:38:08.972000+00:00,router_input_bytes_total,physical_remote,1-112,remote,135995.0,1.771,76789.94918125353
2025-10-15T19:38:08.972000+00:00,router_input_pkts_total,->1,1-112,unknown,0.0,1.771,0.0
2025-10-15T19:38:08.972000+00:00,router_input_pkts_total,->2,1-112,unknown,0.0,1.771,0.0
2025-10-15T19:38:08.972000+00:00,router_input_pkts_total,->3,1-112,unknown,0.0,1.771,0.0
2025-10-15T19:38:08.972000+00:00,router_input_pkts_total,->4,1-112,unknown,0.0,1.771,0.0
2025-10-15T19:38:08.972000+00:00,router_input_pkts_total,->6,1-112,unknown,0.0,1.771,0.0
2025-10-15T19:38:08.972000+00:00,router_input_pkts_total,->7,1-112,unknown,0.0,1.771,0.0
2025-10-15T19:38:08.972000+00:00,router_input_pkts_total,5,1-112,1-113,510.0,1.771,287.97289666854886
2025-10-15T19:38:08.972000+00:00,router_input_pkts_total,internal,1-112,1-112,488.0,1.771,275.55053642010165
2025-10-15T19:38:08.972000+00:00,router_input_pkts_total,physical_local,1-112,local,488.0,1.771,275.55053642010165
2025-10-15T19:38:08.972000+00:00,router_input_pkts_total,physical_remote,1-112,remote,510.0,1.771,287.97289666854886
2025-10-15T19:38:08.972000+00:00,router_output_bytes_total,->1,1-112,unknown,0.0,1.771,0.0
2025-10-15T19:38:08.972000+00:00,router_output_bytes_total,->2,1-112,unknown,0.0,1.771,0.0
2025-10-15T19:38:08.972000+00:00,router_output_bytes_total,->3,1-112,unknown,0.0,1.771,0.0
2025-10-15T19:38:08.972000+00:00,router_output_bytes_total,->4,1-112,unknown,0.0,1.771,0.0
2025-10-15T19:38:08.972000+00:00,router_output_bytes_total,->6,1-112,unknown,0.0,1.771,0.0
2025-10-15T19:38:08.972000+00:00,router_output_bytes_total,->7,1-112,unknown,0.0,1.771,0.0
2025-10-15T19:38:08.972000+00:00,router_output_bytes_total,5,1-112,1-113,293752.0,1.771,165867.87125917562
2025-10-15T19:38:08.972000+00:00,router_output_bytes_total,internal,1-112,1-112,129515.0,1.771,73130.99943534727
2025-10-15T19:38:08.972000+00:00,router_output_bytes_total,physical_local,1-112,local,129515.0,1.771,73130.99943534727
2025-10-15T19:38:08.972000+00:00,router_output_bytes_total,physical_remote,1-112,remote,293752.0,1.771,165867.87125917562
2025-10-15T19:38:08.972000+00:00,router_output_pkts_total,->1,1-112,unknown,0.0,1.771,0.0
2025-10-15T19:38:08.972000+00:00,router_output_pkts_total,->2,1-112,unknown,0.0,1.771,0.0
2025-10-15T19:38:08.972000+00:00,router_output_pkts_total,->3,1-112,unknown,0.0,1.771,0.0
2025-10-15T19:38:08.972000+00:00,router_output_pkts_total,->4,1-112,unknown,0.0,1.771,0.0
2025-10-15T19:38:08.972000+00:00,router_output_pkts_total,->6,1-112,unknown,0.0,1.771,0.0
2025-10-15T19:38:08.972000+00:00,router_output_pkts_total,->7,1-112,unknown,0.0,1.771,0.0
2025-10-15T19:38:08.972000+00:00,router_output_pkts_total,5,1-112,1-113,552.0,1.771,311.6883116883117
2025-10-15T19:38:08.972000+00:00,router_output_pkts_total,internal,1-112,1-112,451.0,1.771,254.6583850931677
2025-10-15T19:38:08.972000+00:00,router_output_pkts_total,physical_local,1-112,local,451.0,1.771,254.6583850931677
2025-10-15T19:38:08.972000+00:00,router_output_pkts_total,physical_remote,1-112,remote,552.0,1.771,311.6883116883117
2025-10-15T19:38:10.748000+00:00,router_dropped_pkts_total,->1,1-112,unknown,0.0,1.776,0.0
2025-10-15T19:38:10.748000+00:00,router_dropped_pkts_total,->2,1-112,unknown,0.0,1.776,0.0
2025-10-15T19:38:10.748000+00:00,router_dropped_pkts_total,->3,1-112,unknown,0.0,1.776,0.0
2025-10-15T19:38:10.748000+00:00,router_dropped_pkts_total,->4,1-112,unknown,0.0,1.776,0.0
2025-10-15T19:38:10.748000+00:00,router_dropped_pkts_total,->6,1-112,unknown,0.0,1.776,0.0
2025-10-15T19:38:10.748000+00:00,router_dropped_pkts_total,->7,1-112,unknown,0.0,1.776,0.0
2025-10-15T19:38:10.748000+00:00,router_dropped_pkts_total,5,1-112,1-113,0.0,1.776,0.0
2025-10-15T19:38:10.748000+00:00,router_dropped_pkts_total,internal,1-112,1-112,0.0,1.776,0.0
2025-10-15T19:38:10.748000+00:00,router_dropped_pkts_total,physical_local,1-112,local,0.0,1.776,0.0
2025-10-15T19:38:10.748000+00:00,router_dropped_pkts_total,physical_remote,1-112,remote,0.0,1.776,0.0
2025-10-15T19:38:10.748000+00:00,router_input_bytes_total,->1,1-112,unknown,0.0,1.776,0.0
2025-10-15T19:38:10.748000+00:00,router_input_bytes_total,->2,1-112,unknown,0.0,1.776,0.0
2025-10-15T19:38:10.748000+00:00,router_input_bytes_total,->3,1-112,unknown,0.0,1.776,0.0
2025-10-15T19:38:10.748000+00:00,router_input_bytes_total,->4,1-112,unknown,0.0,1.776,0.0
2025-10-15T19:38:10.748000+00:00,router_input_bytes_total,->6,1-112,unknown,0.0,1.776,0.0
2025-10-15T19:38:10.748000+00:00,router_input_bytes_total,->7,1-112,unknown,0.0,1.776,0.0
2025-10-15T19:38:10.748000+00:00,router_input_bytes_total,5,1-112,1-113,107977.0,1.776,60797.86036036036
2025-10-15T19:38:10.748000+00:00,router_input_bytes_total,internal,1-112,1-112,231012.0,1.776,130074.32432432432
2025-10-15T19:38:10.748000+00:00,router_input_bytes_total,physical_local,1-112,local,231012.0,1.776,130074.32432432432
2025-10-15T19:38:10.748000+00:00,router_input_bytes_total,physical_remote,1-112,remote,107977.0,1.776,60797.86036036036
2025-10-15T19:38:10.748000+00:00,router_input_pkts_total,->1,1-112,unknown,0.0,1.776,0.0
2025-10-15T19:38:10.748000+00:00,router_input_pkts_total,->2,1-112,unknown,0.0,1.776,0.0
2025-10-15T19:38:10.748000+00:00,router_input_pkts_total,->3,1-112,unknown,0.0,1.776,0.0
2025-10-15T19:38:10.748000+00:00,router_input_pkts_total,->4,1-112,unknown,0.0,1.776,0.0
2025-10-15T19:38:10.748000+00:00,router_input_pkts_total,->6,1-112,unknown,0.0,1.776,0.0
2025-10-15T19:38:10.748000+00:00,router_input_pkts_total,->7,1-112,unknown,0.0,1.776,0.0
2025-10-15T19:38:10.748000+00:00,router_input_pkts_total,5,1-112,1-113,377.0,1.776,212.27477477477478
2025-10-15T19:38:10.748000+00:00,router_input_pkts_total,internal,1-112,1-112,351.0,1.776,197.63513513513513
2025-10-15T19:38:10.748000+00:00,router_input_pkts_total,physical_local,1-112,local,351.0,1.776,197.63513513513513
2025-10-15T19:38:10.748000+00:00,router_input_pkts_total,physical_remote,1-112,remote,377.0,1.776,212.27477477477478
2025-10-15T19:38:10.748000+00:00,router_output_bytes_total,->1,1-112,unknown,0.0,1.776,0.0
2025-10-15T19:38:10.748000+00:00,router_output_bytes_total,->2,1-112,unknown,0.0,1.776,0.0
2025-10-15T19:38:10.748000+00:00,router_output_bytes_total,->3,1-112,unknown,0.0,1.776,0.0
2025-10-15T19:38:10.748000+00:00,router_output_bytes_total,->4,1-112,unknown,0.0,1.776,0.0
2025-10-15T19:38:10.748000+00:00,router_output_bytes_total,->6,1-112,unknown,0.0,1.776,0.0
2025-10-15T19:38:10.748000+00:00,router_output_bytes_total,->7,1-112,unknown,0.0,1.776,0.0
2025-10-15T19:38:10.748000+00:00,router_output_bytes_total,5,1-112,1-113,235940.0,1.776,132849.09909909908
2025-10-15T19:38:10.748000+00:00,router_output_bytes_total,internal,1-112,1-112,103225.0,1.776,58122.18468468468
2025-10-15T19:38:10.748000+00:00,router_output_bytes_total,physical_local,1-112,local,103225.0,1.776,58122.18468468468
2025-10-15T19:38:10.748000+00:00,router_output_bytes_total,physical_remote,1-112,remote,235940.0,1.776,132849.09909909908
2025-10-15T19:38:10.748000+00:00,router_output_pkts_total,->1,1-112,unknown,0.0,1.776,0.0
2025-10-15T19:38:10.748000+00:00,router_output_pkts_total,->2,1-112,unknown,0.0,1.776,0.0
2025-10-15T19:38:10.748000+00:00,router_output_pkts_total,->3,1-112,unknown,0.0,1.776,0.0
2025-10-15T19:38:10.748000+00:00,router_output_pkts_total,->4,1-112,unknown,0.0,1.776,0.0
2025-10-15T19:38:10.748000+00:00,router_output_pkts_total,->6,1-112,unknown,0.0,1.776,0.0
2025-10-15T19:38:10.748000+00:00,router_output_pkts_total,->7,1-112,unknown,0.0,1.776,0.0
2025-10-15T19:38:10.748000+00:00,router_output_pkts_total,5,1-112,1-113,393.0,1.776,221.28378378378378
2025-10-15T19:38:10.748000+00:00,router_output_pkts_total,internal,1-112,1-112,332.0,1.776,186.93693693693695
2025-10-15T19:38:10.748000+00:00,router_output_pkts_total,physical_local,1-112,local,332.0,1.776,186.93693693693695
2025-10-15T19:38:10.748000+00:00,router_output_pkts_total,physical_remote,1-112,remote,393.0,1.776,221.28378378378378
2025-10-15T19:38:12.553000+00:00,router_dropped_pkts_total,->1,1-112,unknown,0.0,1.805,0.0
2025-10-15T19:38:12.553000+00:00,router_dropped_pkts_total,->2,1-112,unknown,0.0,1.805,0.0
2025-10-15T19:38:12.553000+00:00,router_dropped_pkts_total,->3,1-112,unknown,0.0,1.805,0.0
2025-10-15T19:38:12.553000+00:00,router_dropped_pkts_total,->4,1-112,unknown,0.0,1.805,0.0
2025-10-15T19:38:12.553000+00:00,router_dropped_pkts_total,->6,1-112,unknown,0.0,1.805,0.0
2025-10-15T19:38:12.553000+00:00,router_dropped_pkts_total,->7,1-112,unknown,0.0,1.805,0.0
2025-10-15T19:38:12.553000+00:00,router_dropped_pkts_total,5,1-112,1-113,0.0,1.805,0.0
2025-10-15T19:38:12.553000+00:00,router_dropped_pkts_total,internal,1-112,1-112,0.0,1.805,0.0
2025-10-15T19:38:12.553000+00:00,router_dropped_pkts_total,physical_local,1-112,local,0.0,1.805,0.0
2025-10-15T19:38:12.553000+00:00,router_dropped_pkts_total,physical_remote,1-112,remote,0.0,1.805,0.0
2025-10-15T19:38:12.553000+00:00,router_input_bytes_total,->1,1-112,unknown,0.0,1.805,0.0
2025-10-15T19:38:12.553000+00:00,router_input_bytes_total,->2,1-112,unknown,0.0,1.805,0.0
2025-10-15T19:38:12.553000+00:00,router_input_bytes_total,->3,1-112,unknown,0.0,1.805,0.0
2025-10-15T19:38:12.553000+00:00,router_input_bytes_total,->4,1-112,unknown,0.0,1.805,0.0
2025-10-15T19:38:12.553000+00:00,router_input_bytes_total,->6,1-112,unknown,0.0,1.805,0.0
2025-10-15T19:38:12.553000+00:00,router_input_bytes_total,->7,1-112,unknown,0.0,1.805,0.0
2025-10-15T19:38:12.553000+00:00,router_input_bytes_total,5,1-112,1-113,112636.0,1.805,62402.216066482
2025-10-15T19:38:12.553000+00:00,router_input_bytes_total,internal,1-112,1-112,238087.0,1.805,131904.15512465374
2025-10-15T19:38:12.553000+00:00,router_input_bytes_total,physical_local,1-112,local,238087.0,1.805,131904.15512465374
2025-10-15T19:38:12.553000+00:00,router_input_bytes_total,physical_remote,1-112,remote,112636.0,1.805,62402.216066482
2025-10-15T19:38:12.553000+00:00,router_input_pkts_total,->1,1-112,unknown,0.0,1.805,0.0
2025-10-15T19:38:12.553000+00:00,router_input_pkts_total,->2,1-112,unknown,0.0,1.805,0.0
2025-10-15T19:38:12.553000+00:00,router_input_pkts_total,->3,1-112,unknown,0.0,1.805,0.0
2025-10-15T19:38:12.553000+00:00,router_input_pkts_total,->4,1-112,unknown,0.0,1.805,0.0
2025-10-15T19:38:12.553000+00:00,router_input_pkts_total,->6,1-112,unknown,0.0,1.805,0.0
2025-10-15T19:38:12.553000+00:00,router_input_pkts_total,->7,1-112,unknown,0.0,1.805,0.0
2025-10-15T19:38:12.553000+00:00,router_input_pkts_total,5,1-112,1-113,400.0,1.805,221.606648199446
2025-10-15T19:38:12.553000+00:00,router_input_pkts_total,internal,1-112,1-112,377.0,1.805,208.86426592797784
2025-10-15T19:38:12.553000+00:00,router_input_pkts_total,physical_local,1-112,local,377.0,1.805,208.86426592797784
2025-10-15T19:38:12.553000+00:00,router_input_pkts_total,physical_remote,1-112,remote,400.0,1.805,221.606648199446
2025-10-15T19:38:12.553000+00:00,router_output_bytes_total,->1,1-112,unknown,0.0,1.805,0.0
2025-10-15T19:38:12.553000+00:00,router_output_bytes_total,->2,1-112,unknown,0.0,1.805,0.0
2025-10-15T19:38:12.553000+00:00,router_output_bytes_total,->3,1-112,unknown,0.0,1.805,0.0
2025-10-15T19:38:12.553000+00:00,router_output_bytes_total,->4,1-112,unknown,0.0,1.805,0.0
2025-10-15T19:38:12.553000+00:00,router_output_bytes_total,->6,1-112,unknown,0.0,1.805,0.0
2025-10-15T19:38:12.553000+00:00,router_output_bytes_total,->7,1-112,unknown,0.0,1.805,0.0
2025-10-15T19:38:12.553000+00:00,router_output_bytes_total,5,1-112,1-113,243357.0,1.805,134823.82271468145
2025-10-15T19:38:12.553000+00:00,router_output_bytes_total,internal,1-112,1-112,107668.0,1.805,59649.861495844874
2025-10-15T19:38:12.553000+00:00,router_output_bytes_total,physical_local,1-112,local,107668.0,1.805,59649.861495844874
2025-10-15T19:38:12.553000+00:00,router_output_bytes_total,physical_remote,1-112,remote,243357.0,1.805,134823.82271468145
2025-10-15T19:38:12.553000+00:00,router_output_pkts_total,->1,1-112,unknown,0.0,1.805,0.0
2025-10-15T19:38:12.553000+00:00,router_output_pkts_total,->2,1-112,unknown,0.0,1.805,0.0
2025-10-15T19:38:12.553000+00:00,router_output_pkts_total,->3,1-112,unknown,0.0,1.805,0.0
2025-10-15T19:38:12.553000+00:00,router_output_pkts_total,->4,1-112,unknown,0.0,1.805,0.0
2025-10-15T19:38:12.553000+00:00,router_output_pkts_total,->6,1-112,unknown,0.0,1.805,0.0
2025-10-15T19:38:12.553000+00:00,router_output_pkts_total,->7,1-112,unknown,0.0,1.805,0.0
2025-10-15T19:38:12.553000+00:00,router_output_pkts_total,5,1-112,1-113,424.0,1.805,234.90304709141276
2025-10-15T19:38:12.553000+00:00,router_output_pkts_total,internal,1-112,1-112,354.0,1.805,196.1218836565097
2025-10-15T19:38:12.553000+00:00,router_output_pkts_total,physical_local,1-112,local,354.0,1.805,196.1218836565097
2025-10-15T19:38:12.553000+00:00,router_output_pkts_total,physical_remote,1-112,remote,424.0,1.805,234.90304709141276
2025-10-15T19:38:14.356000+00:00,router_dropped_pkts_total,->1,1-112,unknown,0.0,1.803,0.0
2025-10-15T19:38:14.356000+00:00,router_dropped_pkts_total,->2,1-112,unknown,0.0,1.803,0.0
2025-10-15T19:38:14.356000+00:00,router_dropped_pkts_total,->3,1-112,unknown,0.0,1.803,0.0
2025-10-15T19:38:14.356000+00:00,router_dropped_pkts_total,->4,1-112,unknown,0.0,1.803,0.0
2025-10-15T19:38:14.356000+00:00,router_dropped_pkts_total,->6,1-112,unknown,0.0,1.803,0.0
2025-10-15T19:38:14.356000+00:00,router_dropped_pkts_total,->7,1-112,unknown,0.0,1.803,0.0
2025-10-15T19:38:14.356000+00:00,router_dropped_pkts_total,5,1-112,1-113,0.0,1.803,0.0
2025-10-15T19:38:14.356000+00:00,router_dropped_pkts_total,internal,1-112,1-112,0.0,1.803,0.0
2025-10-15T19:38:14.356000+00:00,router_dropped_pkts_total,physical_local,1-112,local,0.0,1.803,0.0
2025-10-15T19:38:14.356000+00:00,router_dropped_pkts_total,physical_remote,1-112,remote,0.0,1.803,0.0
2025-10-15T19:38:14.356000+00:00,router_input_bytes_total,->1,1-112,unknown,0.0,1.803,0.0
2025-10-15T19:38:14.356000+00:00,router_input_bytes_total,->2,1-112,unknown,0.0,1.803,0.0
2025-10-15T19:38:14.356000+00:00,router_input_bytes_total,->3,1-112,unknown,0.0,1.803,0.0
2025-10-15T19:38:14.356000+00:00,router_input_bytes_total,->4,1-112,unknown,0.0,1.803,0.0
2025-10-15T19:38:14.356000+00:00,router_input_bytes_total,->6,1-112,unknown,0.0,1.803,0.0
2025-10-15T19:38:14.356000+00:00,router_input_bytes_total,->7,1-112,unknown,0.0,1.803,0.0
2025-10-15T19:38:14.356000+00:00,router_input_bytes_total,5,1-112,1-113,137768.0,1.803,76410.42706600111
2025-10-15T19:38:14.356000+00:00,router_input_bytes_total,internal,1-112,1-112,277807.0,1.803,154080.4215196894
2025-10-15T19:38:14.356000+00:00,router_input_bytes_total,physical_local,1-112,local,277807.0,1.803,154080.4215196894
2025-10-15T19:38:14.356000+00:00,router_input_bytes_total,physical_remote,1-112,remote,137768.0,1.803,76410.42706600111
2025-10-15T19:38:14.356000+00:00,router_input_pkts_total,->1,1-112,unknown,0.0,1.803,0.0
2025-10-15T19:38:14.356000+00:00,router_input_pkts_total,->2,1-112,unknown,0.0,1.803,0.0
2025-10-15T19:38:14.356000+00:00,router_input_pkts_total,->3,1-112,unknown,0.0,1.803,0.0
2025-10-15T19:38:14.356000+00:00,router_input_pkts_total,->4,1-112,unknown,0.0,1.803,0.0
2025-10-15T19:38:14.356000+00:00,router_input_pkts_total,->6,1-112,unknown,0.0,1.803,0.0
2025-10-15T19:38:14.356000+00:00,router_input_pkts_total,->7,1-112,unknown,0.0,1.803,0.0
2025-10-15T19:38:14.356000+00:00,router_input_pkts_total,5,1-112,1-113,498.0,1.803,276.2063227953411
2025-10-15T19:38:14.356000+00:00,router_input_pkts_total,internal,1-112,1-112,476.0,1.803,264.0044370493622
2025-10-15T19:38:14.356000+00:00,router_input_pkts_total,physical_local,1-112,local,476.0,1.803,264.0044370493622
2025-10-15T19:38:14.356000+00:00,router_input_pkts_total,physical_remote,1-112,remote,498.0,1.803,276.2063227953411
2025-10-15T19:38:14.356000+00:00,router_output_bytes_total,->1,1-112,unknown,0.0,1.803,0.0
2025-10-15T19:38:14.356000+00:00,router_output_bytes_total,->2,1-112,unknown,0.0,1.803,0.0
2025-10-15T19:38:14.356000+00:00,router_output_bytes_total,->3,1-112,unknown,0.0,1.803,0.0
2025-10-15T19:38:14.356000+00:00,router_output_bytes_total,->4,1-112,unknown,0.0,1.803,0.0
2025-10-15T19:38:14.356000+00:00,router_output_bytes_total,->6,1-112,unknown,0.0,1.803,0.0
2025-10-15T19:38:14.356000+00:00,router_output_bytes_total,->7,1-112,unknown,0.0,1.803,0.0
2025-10-15T19:38:14.356000+00:00,router_output_bytes_total,5,1-112,1-113,284409.0,1.803,157742.09650582363
2025-10-15T19:38:14.356000+00:00,router_output_bytes_total,internal,1-112,1-112,131288.0,1.803,72816.41708264005
2025-10-15T19:38:14.356000+00:00,router_output_bytes_total,physical_local,1-112,local,131288.0,1.803,72816.41708264005
2025-10-15T19:38:14.356000+00:00,router_output_bytes_total,physical_remote,1-112,remote,284409.0,1.803,157742.09650582363
2025-10-15T19:38:14.356000+00:00,router_output_pkts_total,->1,1-112,unknown,0.0,1.803,0.0
2025-10-15T19:38:14.356000+00:00,router_output_pkts_total,->2,1-112,unknown,0.0,1.803,0.0
2025-10-15T19:38:14.356000+00:00,router_output_pkts_total,->3,1-112,unknown,0.0,1.803,0.0
2025-10-15T19:38:14.356000+00:00,router_output_pkts_total,->4,1-112,unknown,0.0,1.803,0.0
2025-10-15T19:38:14.356000+00:00,router_output_pkts_total,->6,1-112,unknown,0.0,1.803,0.0
2025-10-15T19:38:14.356000+00:00,router_output_pkts_total,->7,1-112,unknown,0.0,1.803,0.0
2025-10-15T19:38:14.356000+00:00,router_output_pkts_total,5,1-112,1-113,537.0,1.803,297.8369384359401
2025-10-15T19:38:14.356000+00:00,router_output_pkts_total,internal,1-112,1-112,439.0,1.803,243.48308374930673
2025-10-15T19:38:14.356000+00:00,router_output_pkts_total,physical_local,1-112,local,439.0,1.803,243.48308374930673
2025-10-15T19:38:14.356000+00:00,router_output_pkts_total,physical_remote,1-112,remote,537.0,1.803,297.8369384359401
2025-10-15T19:38:16.065000+00:00,router_dropped_pkts_total,->1,1-112,unknown,0.0,1.709,0.0
2025-10-15T19:38:16.065000+00:00,router_dropped_pkts_total,->2,1-112,unknown,0.0,1.709,0.0
2025-10-15T19:38:16.065000+00:00,router_dropped_pkts_total,->3,1-112,unknown,0.0,1.709,0.0
2025-10-15T19:38:16.065000+00:00,router_dropped_pkts_total,->4,1-112,unknown,0.0,1.709,0.0
2025-10-15T19:38:16.065000+00:00,router_dropped_pkts_total,->6,1-112,unknown,0.0,1.709,0.0
2025-10-15T19:38:16.065000+00:00,router_dropped_pkts_total,->7,1-112,unknown,0.0,1.709,0.0
2025-10-15T19:38:16.065000+00:00,router_dropped_pkts_total,5,1-112,1-113,0.0,1.709,0.0
2025-10-15T19:38:16.065000+00:00,router_dropped_pkts_total,internal,1-112,1-112,0.0,1.709,0.0
2025-10-15T19:38:16.065000+00:00,router_dropped_pkts_total,physical_local,1-112,local,0.0,1.709,0.0
2025-10-15T19:38:16.065000+00:00,router_dropped_pkts_total,physical_remote,1-112,remote,0.0,1.709,0.0
2025-10-15T19:38:16.065000+00:00,router_input_bytes_total,->1,1-112,unknown,0.0,1.709,0.0
2025-10-15T19:38:16.065000+00:00,router_input_bytes_total,->2,1-112,unknown,0.0,1.709,0.0
2025-10-15T19:38:16.065000+00:00,router_input_bytes_total,->3,1-112,unknown,0.0,1.709,0.0
2025-10-15T19:38:16.065000+00:00,router_input_bytes_total,->4,1-112,unknown,0.0,1.709,0.0
2025-10-15T19:38:16.065000+00:00,router_input_bytes_total,->6,1-112,unknown,0.0,1.709,0.0
2025-10-15T19:38:16.065000+00:00,router_input_bytes_total,->7,1-112,unknown,0.0,1.709,0.0
2025-10-15T19:38:16.065000+00:00,router_input_bytes_total,5,1-112,1-113,119727.0,1.709,70056.75833820947
2025-10-15T19:38:16.065000+00:00,router_input_bytes_total,internal,1-112,1-112,251025.0,1.709,146884.14277355178
2025-10-15T19:38:16.065000+00:00,router_input_bytes_total,physical_local,1-112,local,251025.0,1.709,146884.14277355178
2025-10-15T19:38:16.065000+00:00,router_input_bytes_total,physical_remote,1-112,remote,119727.0,1.709,70056.75833820947
2025-10-15T19:38:16.065000+00:00,router_input_pkts_total,->1,1-112,unknown,0.0,1.709,0.0
2025-10-15T19:38:16.065000+00:00,router_input_pkts_total,->2,1-112,unknown,0.0,1.709,0.0
2025-10-15T19:38:16.065000+00:00,router_input_pkts_total,->3,1-112,unknown,0.0,1.709,0.0
2025-10-15T19:38:16.065000+00:00,router_input_pkts_total,->4,1-112,unknown,0.0,1.709,0.0
2025-10-15T19:38:16.065000+00:00,router_input_pkts_total,->6,1-112,unknown,0.0,1.709,0.0
2025-10-15T19:38:16.065000+00:00,router_input_pkts_total,->7,1-112,unknown,0.0,1.709,0.0
2025-10-15T19:38:16.065000+00:00,router_input_pkts_total,5,1-112,1-113,451.0,1.709,263.8970157987127
2025-10-15T19:38:16.065000+00:00,router_input_pkts_total,internal,1-112,1-112,420.0,1.709,245.7577530719719
2025-10-15T19:38:16.065000+00:00,router_input_pkts_total,physical_local,1-112,local,420.0,1.709,245.7577530719719
2025-10-15T19:38:16.065000+00:00,router_input_pkts_total,physical_remote,1-112,remote,451.0,1.709,263.8970157987127
2025-10-15T19:38:16.065000+00:00,router_output_bytes_total,->1,1-112,unknown,0.0,1.709,0.0
2025-10-15T19:38:16.065000+00:00,router_output_bytes_total,->2,1-112,unknown,0.0,1.709,0.0
2025-10-15T19:38:16.065000+00:00,router_output_bytes_total,->3,1-112,unknown,0.0,1.709,0.0
2025-10-15T19:38:16.065000+00:00,router_output_bytes_total,->4,1-112,unknown,0.0,1.709,0.0
2025-10-15T19:38:16.065000+00:00,router_output_bytes_total,->6,1-112,unknown,0.0,1.709,0.0
2025-10-15T19:38:16.065000+00:00,router_output_bytes_total,->7,1-112,unknown,0.0,1.709,0.0
2025-10-15T19:38:16.065000+00:00,router_output_bytes_total,5,1-112,1-113,257745.0,1.709,150816.26682270333
2025-10-15T19:38:16.065000+00:00,router_output_bytes_total,internal,1-112,1-112,113247.0,1.709,66265.06729081334
2025-10-15T19:38:16.065000+00:00,router_output_bytes_total,physical_local,1-112,local,113247.0,1.709,66265.06729081334
2025-10-15T19:38:16.065000+00:00,router_output_bytes_total,physical_remote,1-112,remote,257745.0,1.709,150816.26682270333
2025-10-15T19:38:16.065000+00:00,router_output_pkts_total,->1,1-112,unknown,0.0,1.709,0.0
2025-10-15T19:38:16.065000+00:00,router_output_pkts_total,->2,1-112,unknown,0.0,1.709,0.0
2025-10-15T19:38:16.065000+00:00,router_output_pkts_total,->3,1-112,unknown,0.0,1.709,0.0
2025-10-15T19:38:16.065000+00:00,router_output_pkts_total,->4,1-112,unknown,0.0,1.709,0.0
2025-10-15T19:38:16.065000+00:00,router_output_pkts_total,->6,1-112,unknown,0.0,1.709,0.0
2025-10-15T19:38:16.065000+00:00,router_output_pkts_total,->7,1-112,unknown,0.0,1.709,0.0
2025-10-15T19:38:16.065000+00:00,router_output_pkts_total,5,1-112,1-113,479.0,1.709,280.2808660035108
2025-10-15T19:38:16.065000+00:00,router_output_pkts_total,internal,1-112,1-112,390.0,1.709,228.20362785254534
2025-10-15T19:38:16.065000+00:00,router_output_pkts_total,physical_local,1-112,local,390.0,1.709,228.20362785254534
2025-10-15T19:38:16.065000+00:00,router_output_pkts_total,physical_remote,1-112,remote,479.0,1.709,280.2808660035108
2025-10-15T19:38:17.733000+00:00,router_dropped_pkts_total,->1,1-112,unknown,0.0,1.668,0.0
2025-10-15T19:38:17.733000+00:00,router_dropped_pkts_total,->2,1-112,unknown,0.0,1.668,0.0
2025-10-15T19:38:17.733000+00:00,router_dropped_pkts_total,->3,1-112,unknown,0.0,1.668,0.0
2025-10-15T19:38:17.733000+00:00,router_dropped_pkts_total,->4,1-112,unknown,0.0,1.668,0.0
2025-10-15T19:38:17.733000+00:00,router_dropped_pkts_total,->6,1-112,unknown,0.0,1.668,0.0
2025-10-15T19:38:17.733000+00:00,router_dropped_pkts_total,->7,1-112,unknown,0.0,1.668,0.0
2025-10-15T19:38:17.733000+00:00,router_dropped_pkts_total,5,1-112,1-113,0.0,1.668,0.0
2025-10-15T19:38:17.733000+00:00,router_dropped_pkts_total,internal,1-112,1-112,0.0,1.668,0.0
2025-10-15T19:38:17.733000+00:00,router_dropped_pkts_total,physical_local,1-112,local,0.0,1.668,0.0
2025-10-15T19:38:17.733000+00:00,router_dropped_pkts_total,physical_remote,1-112,remote,0.0,1.668,0.0
2025-10-15T19:38:17.733000+00:00,router_input_bytes_total,->1,1-112,unknown,0.0,1.668,0.0
2025-10-15T19:38:17.733000+00:00,router_input_bytes_total,->2,1-112,unknown,0.0,1.668,0.0
2025-10-15T19:38:17.733000+00:00,router_input_bytes_total,->3,1-112,unknown,0.0,1.668,0.0
2025-10-15T19:38:17.733000+00:00,router_input_bytes_total,->4,1-112,unknown,0.0,1.668,0.0
2025-10-15T19:38:17.733000+00:00,router_input_bytes_total,->6,1-112,unknown,0.0,1.668,0.0
2025-10-15T19:38:17.733000+00:00,router_input_bytes_total,->7,1-112,unknown,0.0,1.668,0.0
2025-10-15T19:38:17.733000+00:00,router_input_bytes_total,5,1-112,1-113,99443.0,1.668,59618.10551558753
2025-10-15T19:38:17.733000+00:00,router_input_bytes_total,internal,1-112,1-112,212911.0,1.668,127644.48441247003
2025-10-15T19:38:17.733000+00:00,router_input_bytes_total,physical_local,1-112,local,212911.0,1.668,127644.48441247003
2025-10-15T19:38:17.733000+00:00,router_input_bytes_total,physical_remote,1-112,remote,99443.0,1.668,59618.10551558753
2025-10-15T19:38:17.733000+00:00,router_input_pkts_total,->1,1-112,unknown,0.0,1.668,0.0
2025-10-15T19:38:17.733000+00:00,router_input_pkts_total,->2,1-112,unknown,0.0,1.668,0.0
2025-10-15T19:38:17.733000+00:00,router_input_pkts_total,->3,1-112,unknown,0.0,1.668,0.0
2025-10-15T19:38:17.733000+00:00,router_input_pkts_total,->4,1-112,unknown,0.0,1.668,0.0
2025-10-15T19:38:17.733000+00:00,router_input_pkts_total,->6,1-112,unknown,0.0,1.668,0.0
2025-10-15T19:38:17.733000+00:00,router_input_pkts_total,->7,1-112,unknown,0.0,1.668,0.0
2025-10-15T19:38:17.733000+00:00,router_input_pkts_total,5,1-112,1-113,329.0,1.668,197.242206235012
2025-10-15T19:38:17.733000+00:00,router_input_pkts_total,internal,1-112,1-112,314.0,1.668,188.24940047961633
2025-10-15T19:38:17.733000+00:00,router_input_pkts_total,physical_local,1-112,local,314.0,1.668,188.24940047961633
2025-10-15T19:38:17.733000+00:00,router_input_pkts_total,physical_remote,1-112,remote,329.0,1.668,197.242206235012
2025-10-15T19:38:17.733000+00:00,router_output_bytes_total,->1,1-112,unknown,0.0,1.668,0.0
2025-10-15T19:38:17.733000+00:00,router_output_bytes_total,->2,1-112,unknown,0.0,1.668,0.0
2025-10-15T19:38:17.733000+00:00,router_output_bytes_total,->3,1-112,unknown,0.0,1.668,0.0
2025-10-15T19:38:17.733000+00:00,router_output_bytes_total,->4,1-112,unknown,0.0,1.668,0.0
2025-10-15T19:38:17.733000+00:00,router_output_bytes_total,->6,1-112,unknown,0.0,1.668,0.0
2025-10-15T19:38:17.733000+00:00,router_output_bytes_total,->7,1-112,unknown,0.0,1.668,0.0
2025-10-15T19:38:17.733000+00:00,router_output_bytes_total,5,1-112,1-113,216271.0,1.668,129658.87290167867
2025-10-15T19:38:17.733000+00:00,router_output_bytes_total,internal,1-112,1-112,96203.0,1.668,57675.65947242206
2025-10-15T19:38:17.733000+00:00,router_output_bytes_total,physical_local,1-112,local,96203.0,1.668,57675.65947242206
2025-10-15T19:38:17.733000+00:00,router_output_bytes_total,physical_remote,1-112,remote,216271.0,1.668,129658.87290167867
2025-10-15T19:38:17.733000+00:00,router_output_pkts_total,->1,1-112,unknown,0.0,1.668,0.0
2025-10-15T19:38:17.733000+00:00,router_output_pkts_total,->2,1-112,unknown,0.0,1.668,0.0
2025-10-15T19:38:17.733000+00:00,router_output_pkts_total,->3,1-112,unknown,0.0,1.668,0.0
2025-10-15T19:38:17.733000+00:00,router_output_pkts_total,->4,1-112,unknown,0.0,1.668,0.0
2025-10-15T19:38:17.733000+00:00,router_output_pkts_total,->6,1-112,unknown,0.0,1.668,0.0
2025-10-15T19:38:17.733000+00:00,router_output_pkts_total,->7,1-112,unknown,0.0,1.668,0.0
2025-10-15T19:38:17.733000+00:00,router_output_pkts_total,5,1-112,1-113,345.0,1.668,206.83453237410072
2025-10-15T19:38:17.733000+00:00,router_output_pkts_total,internal,1-112,1-112,300.0,1.668,179.85611510791367
2025-10-15T19:38:17.733000+00:00,router_output_pkts_total,physical_local,1-112,local,300.0,1.668,179.85611510791367
2025-10-15T19:38:17.733000+00:00,router_output_pkts_total,physical_remote,1-112,remote,345.0,1.668,206.83453237410072
2025-10-15T19:38:19.458000+00:00,router_dropped_pkts_total,->1,1-112,unknown,0.0,1.725,0.0
2025-10-15T19:38:19.458000+00:00,router_dropped_pkts_total,->2,1-112,unknown,0.0,1.725,0.0
2025-10-15T19:38:19.458000+00:00,router_dropped_pkts_total,->3,1-112,unknown,0.0,1.725,0.0
2025-10-15T19:38:19.458000+00:00,router_dropped_pkts_total,->4,1-112,unknown,0.0,1.725,0.0
2025-10-15T19:38:19.458000+00:00,router_dropped_pkts_total,->6,1-112,unknown,0.0,1.725,0.0
2025-10-15T19:38:19.458000+00:00,router_dropped_pkts_total,->7,1-112,unknown,0.0,1.725,0.0
2025-10-15T19:38:19.458000+00:00,router_dropped_pkts_total,5,1-112,1-113,0.0,1.725,0.0
2025-10-15T19:38:19.458000+00:00,router_dropped_pkts_total,internal,1-112,1-112,0.0,1.725,0.0
2025-10-15T19:38:19.458000+00:00,router_dropped_pkts_total,physical_local,1-112,local,0.0,1.725,0.0
2025-10-15T19:38:19.458000+00:00,router_dropped_pkts_total,physical_remote,1-112,remote,0.0,1.725,0.0
2025-10-15T19:38:19.458000+00:00,router_input_bytes_total,->1,1-112,unknown,0.0,1.725,0.0
2025-10-15T19:38:19.458000+00:00,router_input_bytes_total,->2,1-112,unknown,0.0,1.725,0.0
2025-10-15T19:38:19.458000+00:00,router_input_bytes_total,->3,1-112,unknown,0.0,1.725,0.0
2025-10-15T19:38:19.458000+00:00,router_input_bytes_total,->4,1-112,unknown,0.0,1.725,0.0
2025-10-15T19:38:19.458000+00:00,router_input_bytes_total,->6,1-112,unknown,0.0,1.725,0.0
2025-10-15T19:38:19.458000+00:00,router_input_bytes_total,->7,1-112,unknown,0.0,1.725,0.0
2025-10-15T19:38:19.458000+00:00,router_input_bytes_total,5,1-112,1-113,129391.0,1.725,75009.27536231883
2025-10-15T19:38:19.458000+00:00,router_input_bytes_total,internal,1-112,1-112,253825.0,1.725,147144.92753623187
2025-10-15T19:38:19.458000+00:00,router_input_bytes_total,physical_local,1-112,local,253825.0,1.725,147144.92753623187
2025-10-15T19:38:19.458000+00:00,router_input_bytes_total,physical_remote,1-112,remote,129391.0,1.725,75009.27536231883
2025-10-15T19:38:19.458000+00:00,router_input_pkts_total,->1,1-112,unknown,0.0,1.725,0.0
2025-10-15T19:38:19.458000+00:00,router_input_pkts_total,->2,1-112,unknown,0.0,1.725,0.0
2025-10-15T19:38:19.458000+00:00,router_input_pkts_total,->3,1-112,unknown,0.0,1.725,0.0
2025-10-15T19:38:19.458000+00:00,router_input_pkts_total,->4,1-112,unknown,0.0,1.725,0.0
2025-10-15T19:38:19.458000+00:00,router_input_pkts_total,->6,1-112,unknown,0.0,1.725,0.0
2025-10-15T19:38:19.458000+00:00,router_input_pkts_total,->7,1-112,unknown,0.0,1.725,0.0
2025-10-15T19:38:19.458000+00:00,router_input_pkts_total,5,1-112,1-113,472.0,1.725,273.62318840579707
2025-10-15T19:38:19.458000+00:00,router_input_pkts_total,internal,1-112,1-112,433.0,1.725,251.0144927536232
2025-10-15T19:38:19.458000+00:00,router_input_pkts_total,physical_local,1-112,local,433.0,1.725,251.0144927536232
2025-10-15T19:38:19.458000+00:00,router_input_pkts_total,physical_remote,1-112,remote,472.0,1.725,273.62318840579707
2025-10-15T19:38:19.458000+00:00,router_output_bytes_total,->1,1-112,unknown,0.0,1.725,0.0
2025-10-15T19:38:19.458000+00:00,router_output_bytes_total,->2,1-112,unknown,0.0,1.725,0.0
2025-10-15T19:38:19.458000+00:00,router_output_bytes_total,->3,1-112,unknown,0.0,1.725,0.0
2025-10-15T19:38:19.458000+00:00,router_output_bytes_total,->4,1-112,unknown,0.0,1.725,0.0
2025-10-15T19:38:19.458000+00:00,router_output_bytes_total,->6,1-112,unknown,0.0,1.725,0.0
2025-10-15T19:38:19.458000+00:00,router_output_bytes_total,->7,1-112,unknown,0.0,1.725,0.0
2025-10-15T19:38:19.458000+00:00,router_output_bytes_total,5,1-112,1-113,260545.0,1.725,151040.57971014493
2025-10-15T19:38:19.458000+00:00,router_output_bytes_total,internal,1-112,1-112,122911.0,1.725,71252.7536231884
2025-10-15T19:38:19.458000+00:00,router_output_bytes_total,physical_local,1-112,local,122911.0,1.725,71252.7536231884
2025-10-15T19:38:19.458000+00:00,router_output_bytes_total,physical_remote,1-112,remote,260545.0,1.725,151040.57971014493
2025-10-15T19:38:19.458000+00:00,router_output_pkts_total,->1,1-112,unknown,0.0,1.725,0.0
2025-10-15T19:38:19.458000+00:00,router_output_pkts_total,->2,1-112,unknown,0.0,1.725,0.0
2025-10-15T19:38:19.458000+00:00,router_output_pkts_total,->3,1-112,unknown,0.0,1.725,0.0
2025-10-15T19:38:19.458000+00:00,router_output_pkts_total,->4,1-112,unknown,0.0,1.725,0.0
2025-10-15T19:38:19.458000+00:00,router_output_pkts_total,->6,1-112,unknown,0.0,1.725,0.0
2025-10-15T19:38:19.458000+00:00,router_output_pkts_total,->7,1-112,unknown,0.0,1.725,0.0
2025-10-15T19:38:19.458000+00:00,router_output_pkts_total,5,1-112,1-113,493.0,1.725,285.7971014492754
2025-10-15T19:38:19.458000+00:00,router_output_pkts_total,internal,1-112,1-112,412.0,1.725,238.8405797101449
2025-10-15T19:38:19.458000+00:00,router_output_pkts_total,physical_local,1-112,local,412.0,1.725,238.8405797101449
2025-10-15T19:38:19.458000+00:00,router_output_pkts_total,physical_remote,1-112,remote,493.0,1.725,285.7971014492754
2025-10-15T19:38:21.308000+00:00,router_dropped_pkts_total,->1,1-112,unknown,0.0,1.85,0.0
2025-10-15T19:38:21.308000+00:00,router_dropped_pkts_total,->2,1-112,unknown,0.0,1.85,0.0
2025-10-15T19:38:21.308000+00:00,router_dropped_pkts_total,->3,1-112,unknown,0.0,1.85,0.0
2025-10-15T19:38:21.308000+00:00,router_dropped_pkts_total,->4,1-112,unknown,0.0,1.85,0.0
2025-10-15T19:38:21.308000+00:00,router_dropped_pkts_total,->6,1-112,unknown,0.0,1.85,0.0
2025-10-15T19:38:21.308000+00:00,router_dropped_pkts_total,->7,1-112,unknown,0.0,1.85,0.0
2025-10-15T19:38:21.308000+00:00,router_dropped_pkts_total,5,1-112,1-113,0.0,1.85,0.0
2025-10-15T19:38:21.308000+00:00,router_dropped_pkts_total,internal,1-112,1-112,0.0,1.85,0.0
2025-10-15T19:38:21.308000+00:00,router_dropped_pkts_total,physical_local,1-112,local,0.0,1.85,0.0
2025-10-15T19:38:21.308000+00:00,router_dropped_pkts_total,physical_remote,1-112,remote,0.0,1.85,0.0
2025-10-15T19:38:21.308000+00:00,router_input_bytes_total,->1,1-112,unknown,0.0,1.85,0.0
2025-10-15T19:38:21.308000+00:00,router_input_bytes_total,->2,1-112,unknown,0.0,1.85,0.0
2025-10-15T19:38:21.308000+00:00,router_input_bytes_total,->3,1-112,unknown,0.0,1.85,0.0
2025-10-15T19:38:21.308000+00:00,router_input_bytes_total,->4,1-112,unknown,0.0,1.85,0.0
2025-10-15T19:38:21.308000+00:00,router_input_bytes_total,->6,1-112,unknown,0.0,1.85,0.0
2025-10-15T19:38:21.308000+00:00,router_input_bytes_total,->7,1-112,unknown,0.0,1.85,0.0
2025-10-15T19:38:21.308000+00:00,router_input_bytes_total,5,1-112,1-113,133859.0,1.85,72356.21621621621
2025-10-15T19:38:21.308000+00:00,router_input_bytes_total,internal,1-112,1-112,280803.0,1.85,151785.40540540538
2025-10-15T19:38:21.308000+00:00,router_input_bytes_total,physical_local,1-112,local,280803.0,1.85,151785.40540540538
2025-10-15T19:38:21.308000+00:00,router_input_bytes_total,physical_remote,1-112,remote,133859.0,1.85,72356.21621621621
2025-10-15T19:38:21.308000+00:00,router_input_pkts_total,->1,1-112,unknown,0.0,1.85,0.0
2025-10-15T19:38:21.308000+00:00,router_input_pkts_total,->2,1-112,unknown,0.0,1.85,0.0
2025-10-15T19:38:21.308000+00:00,router_input_pkts_total,->3,1-112,unknown,0.0,1.85,0.0
2025-10-15T19:38:21.308000+00:00,router_input_pkts_total,->4,1-112,unknown,0.0,1.85,0.0
2025-10-15T19:38:21.308000+00:00,router_input_pkts_total,->6,1-112,unknown,0.0,1.85,0.0
2025-10-15T19:38:21.308000+00:00,router_input_pkts_total,->7,1-112,unknown,0.0,1.85,0.0
2025-10-15T19:38:21.308000+00:00,router_input_pkts_total,5,1-112,1-113,501.0,1.85,270.8108108108108
2025-10-15T19:38:21.308000+00:00,router_input_pkts_total,internal,1-112,1-112,475.0,1.85,256.7567567567568
2025-10-15T19:38:21.308000+00:00,router_input_pkts_total,physical_local,1-112,local,475.0,1.85,256.7567567567568
2025-10-15T19:38:21.308000+00:00,router_input_pkts_total,physical_remote,1-112,remote,501.0,1.85,270.8108108108108
2025-10-15T19:38:21.308000+00:00,router_output_bytes_total,->1,1-112,unknown,0.0,1.85,0.0
2025-10-15T19:38:21.308000+00:00,router_output_bytes_total,->2,1-112,unknown,0.0,1.85,0.0
2025-10-15T19:38:21.308000+00:00,router_output_bytes_total,->3,1-112,unknown,0.0,1.85,0.0
2025-10-15T19:38:21.308000+00:00,router_output_bytes_total,->4,1-112,unknown,0.0,1.85,0.0
2025-10-15T19:38:21.308000+00:00,router_output_bytes_total,->6,1-112,unknown,0.0,1.85,0.0
2025-10-15T19:38:21.308000+00:00,router_output_bytes_total,->7,1-112,unknown,0.0,1.85,0.0
2025-10-15T19:38:21.308000+00:00,router_output_bytes_total,5,1-112,1-113,287523.0,1.85,155417.83783783784
2025-10-15T19:38:21.308000+00:00,router_output_bytes_total,internal,1-112,1-112,127379.0,1.85,68853.5135135135
2025-10-15T19:38:21.308000+00:00,router_output_bytes_total,physical_local,1-112,local,127379.0,1.85,68853.5135135135
2025-10-15T19:38:21.308000+00:00,router_output_bytes_total,physical_remote,1-112,remote,287523.0,1.85,155417.83783783784
2025-10-15T19:38:21.308000+00:00,router_output_pkts_total,->1,1-112,unknown,0.0,1.85,0.0
2025-10-15T19:38:21.308000+00:00,router_output_pkts_total,->2,1-112,unknown,0.0,1.85,0.0
2025-10-15T19:38:21.308000+00:00,router_output_pkts_total,->3,1-112,unknown,0.0,1.85,0.0
2025-10-15T19:38:21.308000+00:00,router_output_pkts_total,->4,1-112,unknown,0.0,1.85,0.0
2025-10-15T19:38:21.308000+00:00,router_output_pkts_total,->6,1-112,unknown,0.0,1.85,0.0
2025-10-15T19:38:21.308000+00:00,router_output_pkts_total,->7,1-112,unknown,0.0,1.85,0.0
2025-10-15T19:38:21.308000+00:00,router_output_pkts_total,5,1-112,1-113,535.0,1.85,289.18918918918916
2025-10-15T19:38:21.308000+00:00,router_output_pkts_total,internal,1-112,1-112,441.0,1.85,238.37837837837836
2025-10-15T19:38:21.308000+00:00,router_output_pkts_total,physical_local,1-112,local,441.0,1.85,238.37837837837836
2025-10-15T19:38:21.308000+00:00,router_output_pkts_total,physical_remote,1-112,remote,535.0,1.85,289.18918918918916
2025-10-15T19:38:23.212000+00:00,router_dropped_pkts_total,->1,1-112,unknown,0.0,1.904,0.0
2025-10-15T19:38:23.212000+00:00,router_dropped_pkts_total,->2,1-112,unknown,0.0,1.904,0.0
2025-10-15T19:38:23.212000+00:00,router_dropped_pkts_total,->3,1-112,unknown,0.0,1.904,0.0
2025-10-15T19:38:23.212000+00:00,router_dropped_pkts_total,->4,1-112,unknown,0.0,1.904,0.0
2025-10-15T19:38:23.212000+00:00,router_dropped_pkts_total,->6,1-112,unknown,0.0,1.904,0.0
2025-10-15T19:38:23.212000+00:00,router_dropped_pkts_total,->7,1-112,unknown,0.0,1.904,0.0
2025-10-15T19:38:23.212000+00:00,router_dropped_pkts_total,5,1-112,1-113,0.0,1.904,0.0
2025-10-15T19:38:23.212000+00:00,router_dropped_pkts_total,internal,1-112,1-112,0.0,1.904,0.0
2025-10-15T19:38:23.212000+00:00,router_dropped_pkts_total,physical_local,1-112,local,0.0,1.904,0.0
2025-10-15T19:38:23.212000+00:00,router_dropped_pkts_total,physical_remote,1-112,remote,0.0,1.904,0.0
2025-10-15T19:38:23.212000+00:00,router_input_bytes_total,->1,1-112,unknown,0.0,1.904,0.0
2025-10-15T19:38:23.212000+00:00,router_input_bytes_total,->2,1-112,unknown,0.0,1.904,0.0
2025-10-15T19:38:23.212000+00:00,router_input_bytes_total,->3,1-112,unknown,0.0,1.904,0.0
2025-10-15T19:38:23.212000+00:00,router_input_bytes_total,->4,1-112,unknown,0.0,1.904,0.0
2025-10-15T19:38:23.212000+00:00,router_input_bytes_total,->6,1-112,unknown,0.0,1.904,0.0
2025-10-15T19:38:23.212000+00:00,router_input_bytes_total,->7,1-112,unknown,0.0,1.904,0.0
2025-10-15T19:38:23.212000+00:00,router_input_bytes_total,5,1-112,1-113,126995.0,1.904,66699.05462184874
2025-10-15T19:38:23.212000+00:00,router_input_bytes_total,internal,1-112,1-112,262946.0,1.904,138101.8907563025
2025-10-15T19:38:23.212000+00:00,router_input_bytes_total,physical_local,1-112,local,262946.0,1.904,138101.8907563025
2025-10-15T19:38:23.212000+00:00,router_input_bytes_total,physical_remote,1-112,remote,126995.0,1.904,66699.05462184874
2025-10-15T19:38:23.212000+00:00,router_input_pkts_total,->1,1-112,unknown,0.0,1.904,0.0
2025-10-15T19:38:23.212000+00:00,router_input_pkts_total,->2,1-112,unknown,0.0,1.904,0.0
2025-10-15T19:38:23.212000+00:00,router_input_pkts_total,->3,1-112,unknown,0.0,1.904,0.0
2025-10-15T19:38:23.212000+00:00,router_input_pkts_total,->4,1-112,unknown,0.0,1.904,0.0
2025-10-15T19:38:23.212000+00:00,router_input_pkts_total,->6,1-112,unknown,0.0,1.904,0.0
2025-10-15T19:38:23.212000+00:00,router_input_pkts_total,->7,1-112,unknown,0.0,1.904,0.0
2025-10-15T19:38:23.212000+00:00,router_input_pkts_total,5,1-112,1-113,464.0,1.904,243.69747899159665
2025-10-15T19:38:23.212000+00:00,router_input_pkts_total,internal,1-112,1-112,427.0,1.904,224.26470588235296
2025-10-15T19:38:23.212000+00:00,router_input_pkts_total,physical_local,1-112,local,427.0,1.904,224.26470588235296
2025-10-15T19:38:23.212000+00:00,router_input_pkts_total,physical_remote,1-112,remote,464.0,1.904,243.69747899159665
2025-10-15T19:38:23.212000+00:00,router_output_bytes_total,->1,1-112,unknown,0.0,1.904,0.0
2025-10-15T19:38:23.212000+00:00,router_output_bytes_total,->2,1-112,unknown,0.0,1.904,0.0
2025-10-15T19:38:23.212000+00:00,router_output_bytes_total,->3,1-112,unknown,0.0,1.904,0.0
2025-10-15T19:38:23.212000+00:00,router_output_bytes_total,->4,1-112,unknown,0.0,1.904,0.0
2025-10-15T19:38:23.212000+00:00,router_output_bytes_total,->6,1-112,unknown,0.0,1.904,0.0
2025-10-15T19:38:23.212000+00:00,router_output_bytes_total,->7,1-112,unknown,0.0,1.904,0.0
2025-10-15T19:38:23.212000+00:00,router_output_bytes_total,5,1-112,1-113,269666.0,1.904,141631.30252100842
2025-10-15T19:38:23.212000+00:00,router_output_bytes_total,internal,1-112,1-112,120515.0,1.904,63295.69327731093
2025-10-15T19:38:23.212000+00:00,router_output_bytes_total,physical_local,1-112,local,120515.0,1.904,63295.69327731093
2025-10-15T19:38:23.212000+00:00,router_output_bytes_total,physical_remote,1-112,remote,269666.0,1.904,141631.30252100842
2025-10-15T19:38:23.212000+00:00,router_output_pkts_total,->1,1-112,unknown,0.0,1.904,0.0
2025-10-15T19:38:23.212000+00:00,router_output_pkts_total,->2,1-112,unknown,0.0,1.904,0.0
2025-10-15T19:38:23.212000+00:00,router_output_pkts_total,->3,1-112,unknown,0.0,1.904,0.0
2025-10-15T19:38:23.212000+00:00,router_output_pkts_total,->4,1-112,unknown,0.0,1.904,0.0
2025-10-15T19:38:23.212000+00:00,router_output_pkts_total,->6,1-112,unknown,0.0,1.904,0.0
2025-10-15T19:38:23.212000+00:00,router_output_pkts_total,->7,1-112,unknown,0.0,1.904,0.0
2025-10-15T19:38:23.212000+00:00,router_output_pkts_total,5,1-112,1-113,487.0,1.904,255.77731092436977
2025-10-15T19:38:23.212000+00:00,router_output_pkts_total,internal,1-112,1-112,404.0,1.904,212.18487394957984
2025-10-15T19:38:23.212000+00:00,router_output_pkts_total,physical_local,1-112,local,404.0,1.904,212.18487394957984
2025-10-15T19:38:23.212000+00:00,router_output_pkts_total,physical_remote,1-112,remote,487.0,1.904,255.77731092436977
2025-10-15T19:38:24.970000+00:00,router_dropped_pkts_total,->1,1-112,unknown,0.0,1.758,0.0
2025-10-15T19:38:24.970000+00:00,router_dropped_pkts_total,->2,1-112,unknown,0.0,1.758,0.0
2025-10-15T19:38:24.970000+00:00,router_dropped_pkts_total,->3,1-112,unknown,0.0,1.758,0.0
2025-10-15T19:38:24.970000+00:00,router_dropped_pkts_total,->4,1-112,unknown,0.0,1.758,0.0
2025-10-15T19:38:24.970000+00:00,router_dropped_pkts_total,->6,1-112,unknown,0.0,1.758,0.0
2025-10-15T19:38:24.970000+00:00,router_dropped_pkts_total,->7,1-112,unknown,0.0,1.758,0.0
2025-10-15T19:38:24.970000+00:00,router_dropped_pkts_total,5,1-112,1-113,0.0,1.758,0.0
2025-10-15T19:38:24.970000+00:00,router_dropped_pkts_total,internal,1-112,1-112,0.0,1.758,0.0
2025-10-15T19:38:24.970000+00:00,router_dropped_pkts_total,physical_local,1-112,local,0.0,1.758,0.0
2025-10-15T19:38:24.970000+00:00,router_dropped_pkts_total,physical_remote,1-112,remote,0.0,1.758,0.0
2025-10-15T19:38:24.970000+00:00,router_input_bytes_total,->1,1-112,unknown,0.0,1.758,0.0
2025-10-15T19:38:24.970000+00:00,router_input_bytes_total,->2,1-112,unknown,0.0,1.758,0.0
2025-10-15T19:38:24.970000+00:00,router_input_bytes_total,->3,1-112,unknown,0.0,1.758,0.0
2025-10-15T19:38:24.970000+00:00,router_input_bytes_total,->4,1-112,unknown,0.0,1.758,0.0
2025-10-15T19:38:24.970000+00:00,router_input_bytes_total,->6,1-112,unknown,0.0,1.758,0.0
2025-10-15T19:38:24.970000+00:00,router_input_bytes_total,->7,1-112,unknown,0.0,1.758,0.0
2025-10-15T19:38:24.970000+00:00,router_input_bytes_total,5,1-112,1-113,134809.0,1.758,76683.16268486917
2025-10-15T19:38:24.970000+00:00,router_input_bytes_total,internal,1-112,1-112,264110.0,1.758,150233.21956769057
2025-10-15T19:38:24.970000+00:00,router_input_bytes_total,physical_local,1-112,local,264110.0,1.758,150233.21956769057
2025-10-15T19:38:24.970000+00:00,router_input_bytes_total,physical_remote,1-112,remote,134809.0,1.758,76683.16268486917
2025-10-15T19:38:24.970000+00:00,router_input_pkts_total,->1,1-112,unknown,0.0,1.758,0.0
2025-10-15T19:38:24.970000+00:00,router_input_pkts_total,->2,1-112,unknown,0.0,1.758,0.0
2025-10-15T19:38:24.970000+00:00,router_input_pkts_total,->3,1-112,unknown,0.0,1.758,0.0
2025-10-15T19:38:24.970000+00:00,router_input_pkts_total,->4,1-112,unknown,0.0,1.758,0.0
2025-10-15T19:38:24.970000+00:00,router_input_pkts_total,->6,1-112,unknown,0.0,1.758,0.0
2025-10-15T19:38:24.970000+00:00,router_input_pkts_total,->7,1-112,unknown,0.0,1.758,0.0
2025-10-15T19:38:24.970000+00:00,router_input_pkts_total,5,1-112,1-113,476.0,1.758,270.7622298065984
2025-10-15T19:38:24.970000+00:00,router_input_pkts_total,internal,1-112,1-112,446.0,1.758,253.69738339021615
2025-10-15T19:38:24.970000+00:00,router_input_pkts_total,physical_local,1-112,local,446.0,1.758,253.69738339021615
2025-10-15T19:38:24.970000+00:00,router_input_pkts_total,physical_remote,1-112,remote,476.0,1.758,270.7622298065984
2025-10-15T19:38:24.970000+00:00,router_output_bytes_total,->1,1-112,unknown,0.0,1.758,0.0
2025-10-15T19:38:24.970000+00:00,router_output_bytes_total,->2,1-112,unknown,0.0,1.758,0.0
2025-10-15T19:38:24.970000+00:00,router_output_bytes_total,->3,1-112,unknown,0.0,1.758,0.0
2025-10-15T19:38:24.970000+00:00,router_output_bytes_total,->4,1-112,unknown,0.0,1.758,0.0
2025-10-15T19:38:24.970000+00:00,router_output_bytes_total,->6,1-112,unknown,0.0,1.758,0.0
2025-10-15T19:38:24.970000+00:00,router_output_bytes_total,->7,1-112,unknown,0.0,1.758,0.0
2025-10-15T19:38:24.970000+00:00,router_output_bytes_total,5,1-112,1-113,270830.0,1.758,154055.7451649602
2025-10-15T19:38:24.970000+00:00,router_output_bytes_total,internal,1-112,1-112,128329.0,1.758,72997.15585893061
2025-10-15T19:38:24.970000+00:00,router_output_bytes_total,physical_local,1-112,local,128329.0,1.758,72997.15585893061
2025-10-15T19:38:24.970000+00:00,router_output_bytes_total,physical_remote,1-112,remote,270830.0,1.758,154055.7451649602
2025-10-15T19:38:24.970000+00:00,router_output_pkts_total,->1,1-112,unknown,0.0,1.758,0.0
2025-10-15T19:38:24.970000+00:00,router_output_pkts_total,->2,1-112,unknown,0.0,1.758,0.0
2025-10-15T19:38:24.970000+00:00,router_output_pkts_total,->3,1-112,unknown,0.0,1.758,0.0
2025-10-15T19:38:24.970000+00:00,router_output_pkts_total,->4,1-112,unknown,0.0,1.758,0.0
2025-10-15T19:38:24.970000+00:00,router_output_pkts_total,->6,1-112,unknown,0.0,1.758,0.0
2025-10-15T19:38:24.970000+00:00,router_output_pkts_total,->7,1-112,unknown,0.0,1.758,0.0
2025-10-15T19:38:24.970000+00:00,router_output_pkts_total,5,1-112,1-113,506.0,1.758,287.8270762229807
2025-10-15T19:38:24.970000+00:00,router_output_pkts_total,internal,1-112,1-112,416.0,1.758,236.6325369738339
2025-10-15T19:38:24.970000+00:00,router_output_pkts_total,physical_local,1-112,local,416.0,1.758,236.6325369738339
2025-10-15T19:38:24.970000+00:00,router_output_pkts_total,physical_remote,1-112,remote,506.0,1.758,287.8270762229807
2025-10-15T19:38:26.737000+00:00,router_dropped_pkts_total,->1,1-112,unknown,0.0,1.767,0.0
2025-10-15T19:38:26.737000+00:00,router_dropped_pkts_total,->2,1-112,unknown,0.0,1.767,0.0
2025-10-15T19:38:26.737000+00:00,router_dropped_pkts_total,->3,1-112,unknown,0.0,1.767,0.0
2025-10-15T19:38:26.737000+00:00,router_dropped_pkts_total,->4,1-112,unknown,0.0,1.767,0.0
2025-10-15T19:38:26.737000+00:00,router_dropped_pkts_total,->6,1-112,unknown,0.0,1.767,0.0
2025-10-15T19:38:26.737000+00:00,router_dropped_pkts_total,->7,1-112,unknown,0.0,1.767,0.0
2025-10-15T19:38:26.737000+00:00,router_dropped_pkts_total,5,1-112,1-113,0.0,1.767,0.0
2025-10-15T19:38:26.737000+00:00,router_dropped_pkts_total,internal,1-112,1-112,0.0,1.767,0.0
2025-10-15T19:38:26.737000+00:00,router_dropped_pkts_total,physical_local,1-112,local,0.0,1.767,0.0
2025-10-15T19:38:26.737000+00:00,router_dropped_pkts_total,physical_remote,1-112,remote,0.0,1.767,0.0
2025-10-15T19:38:26.737000+00:00,router_input_bytes_total,->1,1-112,unknown,0.0,1.767,0.0
2025-10-15T19:38:26.737000+00:00,router_input_bytes_total,->2,1-112,unknown,0.0,1.767,0.0
2025-10-15T19:38:26.737000+00:00,router_input_bytes_total,->3,1-112,unknown,0.0,1.767,0.0
2025-10-15T19:38:26.737000+00:00,router_input_bytes_total,->4,1-112,unknown,0.0,1.767,0.0
2025-10-15T19:38:26.737000+00:00,router_input_bytes_total,->6,1-112,unknown,0.0,1.767,0.0
2025-10-15T19:38:26.737000+00:00,router_input_bytes_total,->7,1-112,unknown,0.0,1.767,0.0
2025-10-15T19:38:26.737000+00:00,router_input_bytes_total,5,1-112,1-113,123926.0,1.767,70133.5597057159
2025-10-15T19:38:26.737000+00:00,router_input_bytes_total,internal,1-112,1-112,265648.0,1.767,150338.42671194114
2025-10-15T19:38:26.737000+00:00,router_input_bytes_total,physical_local,1-112,local,265648.0,1.767,150338.42671194114
2025-10-15T19:38:26.737000+00:00,router_input_bytes_total,physical_remote,1-112,remote,123926.0,1.767,70133.5597057159
2025-10-15T19:38:26.737000+00:00,router_input_pkts_total,->1,1-112,unknown,0.0,1.767,0.0
2025-10-15T19:38:26.737000+00:00,router_input_pkts_total,->2,1-112,unknown,0.0,1.767,0.0
2025-10-15T19:38:26.737000+00:00,router_input_pkts_total,->3,1-112,unknown,0.0,1.767,0.0
2025-10-15T19:38:26.737000+00:00,router_input_pkts_total,->4,1-112,unknown,0.0,1.767,0.0
2025-10-15T19:38:26.737000+00:00,router_input_pkts_total,->6,1-112,unknown,0.0,1.767,0.0
2025-10-15T19:38:26.737000+00:00,router_input_pkts_total,->7,1-112,unknown,0.0,1.767,0.0
2025-10-15T19:38:26.737000+00:00,router_input_pkts_total,5,1-112,1-113,445.0,1.767,251.8392756083758
2025-10-15T19:38:26.737000+00:00,router_input_pkts_total,internal,1-112,1-112,440.0,1.767,249.0096208262592
2025-10-15T19:38:26.737000+00:00,router_input_pkts_total,physical_local,1-112,local,440.0,1.767,249.0096208262592
2025-10-15T19:38:26.737000+00:00,router_input_pkts_total,physical_remote,1-112,remote,445.0,1.767,251.8392756083758
2025-10-15T19:38:26.737000+00:00,router_output_bytes_total,->1,1-112,unknown,0.0,1.767,0.0
2025-10-15T19:38:26.737000+00:00,router_output_bytes_total,->2,1-112,unknown,0.0,1.767,0.0
2025-10-15T19:38:26.737000+00:00,router_output_bytes_total,->3,1-112,unknown,0.0,1.767,0.0
2025-10-15T19:38:26.737000+00:00,router_output_bytes_total,->4,1-112,unknown,0.0,1.767,0.0
2025-10-15T19:38:26.737000+00:00,router_output_bytes_total,->6,1-112,unknown,0.0,1.767,0.0
2025-10-15T19:38:26.737000+00:00,router_output_bytes_total,->7,1-112,unknown,0.0,1.767,0.0
2025-10-15T19:38:26.737000+00:00,router_output_bytes_total,5,1-112,1-113,270688.0,1.767,153190.71873231468
2025-10-15T19:38:26.737000+00:00,router_output_bytes_total,internal,1-112,1-112,119297.0,1.767,67513.86530843237
2025-10-15T19:38:26.737000+00:00,router_output_bytes_total,physical_local,1-112,local,119297.0,1.767,67513.86530843237
2025-10-15T19:38:26.737000+00:00,router_output_bytes_total,physical_remote,1-112,remote,270688.0,1.767,153190.71873231468
2025-10-15T19:38:26.737000+00:00,router_output_pkts_total,->1,1-112,unknown,0.0,1.767,0.0
2025-10-15T19:38:26.737000+00:00,router_output_pkts_total,->2,1-112,unknown,0.0,1.767,0.0
2025-10-15T19:38:26.737000+00:00,router_output_pkts_total,->3,1-112,unknown,0.0,1.767,0.0
2025-10-15T19:38:26.737000+00:00,router_output_pkts_total,->4,1-112,unknown,0.0,1.767,0.0
2025-10-15T19:38:26.737000+00:00,router_output_pkts_total,->6,1-112,unknown,0.0,1.767,0.0
2025-10-15T19:38:26.737000+00:00,router_output_pkts_total,->7,1-112,unknown,0.0,1.767,0.0
2025-10-15T19:38:26.737000+00:00,router_output_pkts_total,5,1-112,1-113,483.0,1.767,273.3446519524618
2025-10-15T19:38:26.737000+00:00,router_output_pkts_total,internal,1-112,1-112,398.0,1.767,225.24052065647993
2025-10-15T19:38:26.737000+00:00,router_output_pkts_total,physical_local,1-112,local,398.0,1.767,225.24052065647993
2025-10-15T19:38:26.737000+00:00,router_output_pkts_total,physical_remote,1-112,remote,483.0,1.767,273.3446519524618
2025-10-15T19:38:28.549000+00:00,router_dropped_pkts_total,->1,1-112,unknown,0.0,1.812,0.0
2025-10-15T19:38:28.549000+00:00,router_dropped_pkts_total,->2,1-112,unknown,0.0,1.812,0.0
2025-10-15T19:38:28.549000+00:00,router_dropped_pkts_total,->3,1-112,unknown,0.0,1.812,0.0
2025-10-15T19:38:28.549000+00:00,router_dropped_pkts_total,->4,1-112,unknown,0.0,1.812,0.0
2025-10-15T19:38:28.549000+00:00,router_dropped_pkts_total,->6,1-112,unknown,0.0,1.812,0.0
2025-10-15T19:38:28.549000+00:00,router_dropped_pkts_total,->7,1-112,unknown,0.0,1.812,0.0
2025-10-15T19:38:28.549000+00:00,router_dropped_pkts_total,5,1-112,1-113,0.0,1.812,0.0
2025-10-15T19:38:28.549000+00:00,router_dropped_pkts_total,internal,1-112,1-112,0.0,1.812,0.0
2025-10-15T19:38:28.549000+00:00,router_dropped_pkts_total,physical_local,1-112,local,0.0,1.812,0.0
2025-10-15T19:38:28.549000+00:00,router_dropped_pkts_total,physical_remote,1-112,remote,0.0,1.812,0.0
2025-10-15T19:38:28.549000+00:00,router_input_bytes_total,->1,1-112,unknown,0.0,1.812,0.0
2025-10-15T19:38:28.549000+00:00,router_input_bytes_total,->2,1-112,unknown,0.0,1.812,0.0
2025-10-15T19:38:28.549000+00:00,router_input_bytes_total,->3,1-112,unknown,0.0,1.812,0.0
2025-10-15T19:38:28.549000+00:00,router_input_bytes_total,->4,1-112,unknown,0.0,1.812,0.0
2025-10-15T19:38:28.549000+00:00,router_input_bytes_total,->6,1-112,unknown,0.0,1.812,0.0
2025-10-15T19:38:28.549000+00:00,router_input_bytes_total,->7,1-112,unknown,0.0,1.812,0.0
2025-10-15T19:38:28.549000+00:00,router_input_bytes_total,5,1-112,1-113,104791.0,1.812,57831.67770419426
2025-10-15T19:38:28.549000+00:00,router_input_bytes_total,internal,1-112,1-112,224561.0,1.812,123929.91169977924
2025-10-15T19:38:28.549000+00:00,router_input_bytes_total,physical_local,1-112,local,224561.0,1.812,123929.91169977924
2025-10-15T19:38:28.549000+00:00,router_input_bytes_total,physical_remote,1-112,remote,104791.0,1.812,57831.67770419426
2025-10-15T19:38:28.549000+00:00,router_input_pkts_total,->1,1-112,unknown,0.0,1.812,0.0
2025-10-15T19:38:28.549000+00:00,router_input_pkts_total,->2,1-112,unknown,0.0,1.812,0.0
2025-10-15T19:38:28.549000+00:00,router_input_pkts_total,->3,1-112,unknown,0.0,1.812,0.0
2025-10-15T19:38:28.549000+00:00,router_input_pkts_total,->4,1-112,unknown,0.0,1.812,0.0
2025-10-15T19:38:28.549000+00:00,router_input_pkts_total,->6,1-112,unknown,0.0,1.812,0.0
2025-10-15T19:38:28.549000+00:00,router_input_pkts_total,->7,1-112,unknown,0.0,1.812,0.0
2025-10-15T19:38:28.549000+00:00,router_input_pkts_total,5,1-112,1-113,371.0,1.812,204.74613686534215
2025-10-15T19:38:28.549000+00:00,router_input_pkts_total,internal,1-112,1-112,343.0,1.812,189.29359823399557
2025-10-15T19:38:28.549000+00:00,router_input_pkts_total,physical_local,1-112,local,343.0,1.812,189.29359823399557
2025-10-15T19:38:28.549000+00:00,router_input_pkts_total,physical_remote,1-112,remote,371.0,1.812,204.74613686534215
2025-10-15T19:38:28.549000+00:00,router_output_bytes_total,->1,1-112,unknown,0.0,1.812,0.0
2025-10-15T19:38:28.549000+00:00,router_output_bytes_total,->2,1-112,unknown,0.0,1.812,0.0
2025-10-15T19:38:28.549000+00:00,router_output_bytes_total,->3,1-112,unknown,0.0,1.812,0.0
2025-10-15T19:38:28.549000+00:00,router_output_bytes_total,->4,1-112,unknown,0.0,1.812,0.0
2025-10-15T19:38:28.549000+00:00,router_output_bytes_total,->6,1-112,unknown,0.0,1.812,0.0
2025-10-15T19:38:28.549000+00:00,router_output_bytes_total,->7,1-112,unknown,0.0,1.812,0.0
2025-10-15T19:38:28.549000+00:00,router_output_bytes_total,5,1-112,1-113,229601.0,1.812,126711.36865342162
2025-10-15T19:38:28.549000+00:00,router_output_bytes_total,internal,1-112,1-112,99700.0,1.812,55022.07505518763
2025-10-15T19:38:28.549000+00:00,router_output_bytes_total,physical_local,1-112,local,99700.0,1.812,55022.07505518763
2025-10-15T19:38:28.549000+00:00,router_output_bytes_total,physical_remote,1-112,remote,229601.0,1.812,126711.36865342162
2025-10-15T19:38:28.549000+00:00,router_output_pkts_total,->1,1-112,unknown,0.0,1.812,0.0
2025-10-15T19:38:28.549000+00:00,router_output_pkts_total,->2,1-112,unknown,0.0,1.812,0.0
2025-10-15T19:38:28.549000+00:00,router_output_pkts_total,->3,1-112,unknown,0.0,1.812,0.0
2025-10-15T19:38:28.549000+00:00,router_output_pkts_total,->4,1-112,unknown,0.0,1.812,0.0
2025-10-15T19:38:28.549000+00:00,router_output_pkts_total,->6,1-112,unknown,0.0,1.812,0.0
2025-10-15T19:38:28.549000+00:00,router_output_pkts_total,->7,1-112,unknown,0.0,1.812,0.0
2025-10-15T19:38:28.549000+00:00,router_output_pkts_total,5,1-112,1-113,390.0,1.812,215.2317880794702
2025-10-15T19:38:28.549000+00:00,router_output_pkts_total,internal,1-112,1-112,329.0,1.812,181.5673289183223
2025-10-15T19:38:28.549000+00:00,router_output_pkts_total,physical_local,1-112,local,329.0,1.812,181.5673289183223
2025-10-15T19:38:28.549000+00:00,router_output_pkts_total,physical_remote,1-112,remote,390.0,1.812,215.2317880794702
2025-10-15T19:38:30.265000+00:00,router_dropped_pkts_total,->1,1-112,unknown,0.0,1.716,0.0
2025-10-15T19:38:30.265000+00:00,router_dropped_pkts_total,->2,1-112,unknown,0.0,1.716,0.0
2025-10-15T19:38:30.265000+00:00,router_dropped_pkts_total,->3,1-112,unknown,0.0,1.716,0.0
2025-10-15T19:38:30.265000+00:00,router_dropped_pkts_total,->4,1-112,unknown,0.0,1.716,0.0
2025-10-15T19:38:30.265000+00:00,router_dropped_pkts_total,->6,1-112,unknown,0.0,1.716,0.0
2025-10-15T19:38:30.265000+00:00,router_dropped_pkts_total,->7,1-112,unknown,0.0,1.716,0.0
2025-10-15T19:38:30.265000+00:00,router_dropped_pkts_total,5,1-112,1-113,0.0,1.716,0.0
2025-10-15T19:38:30.265000+00:00,router_dropped_pkts_total,internal,1-112,1-112,0.0,1.716,0.0
2025-10-15T19:38:30.265000+00:00,router_dropped_pkts_total,physical_local,1-112,local,0.0,1.716,0.0
2025-10-15T19:38:30.265000+00:00,router_dropped_pkts_total,physical_remote,1-112,remote,0.0,1.716,0.0
2025-10-15T19:38:30.265000+00:00,router_input_bytes_total,->1,1-112,unknown,0.0,1.716,0.0
2025-10-15T19:38:30.265000+00:00,router_input_bytes_total,->2,1-112,unknown,0.0,1.716,0.0
2025-10-15T19:38:30.265000+00:00,router_input_bytes_total,->3,1-112,unknown,0.0,1.716,0.0
2025-10-15T19:38:30.265000+00:00,router_input_bytes_total,->4,1-112,unknown,0.0,1.716,0.0
2025-10-15T19:38:30.265000+00:00,router_input_bytes_total,->6,1-112,unknown,0.0,1.716,0.0
2025-10-15T19:38:30.265000+00:00,router_input_bytes_total,->7,1-112,unknown,0.0,1.716,0.0
2025-10-15T19:38:30.265000+00:00,router_input_bytes_total,5,1-112,1-113,149146.0,1.716,86914.91841491841
2025-10-15T19:38:30.265000+00:00,router_input_bytes_total,internal,1-112,1-112,299337.0,1.716,174438.8111888112
2025-10-15T19:38:30.265000+00:00,router_input_bytes_total,physical_local,1-112,local,299337.0,1.716,174438.8111888112
2025-10-15T19:38:30.265000+00:00,router_input_bytes_total,physical_remote,1-112,remote,149146.0,1.716,86914.91841491841
2025-10-15T19:38:30.265000+00:00,router_input_pkts_total,->1,1-112,unknown,0.0,1.716,0.0
2025-10-15T19:38:30.265000+00:00,router_input_pkts_total,->2,1-112,unknown,0.0,1.716,0.0
2025-10-15T19:38:30.265000+00:00,router_input_pkts_total,->3,1-112,unknown,0.0,1.716,0.0
2025-10-15T19:38:30.265000+00:00,router_input_pkts_total,->4,1-112,unknown,0.0,1.716,0.0
2025-10-15T19:38:30.265000+00:00,router_input_pkts_total,->6,1-112,unknown,0.0,1.716,0.0
2025-10-15T19:38:30.265000+00:00,router_input_pkts_total,->7,1-112,unknown,0.0,1.716,0.0
2025-10-15T19:38:30.265000+00:00,router_input_pkts_total,5,1-112,1-113,537.0,1.716,312.93706293706293
2025-10-15T19:38:30.265000+00:00,router_input_pkts_total,internal,1-112,1-112,520.0,1.716,303.03030303030306
2025-10-15T19:38:30.265000+00:00,router_input_pkts_total,physical_local,1-112,local,520.0,1.716,303.03030303030306
2025-10-15T19:38:30.265000+00:00,router_input_pkts_total,physical_remote,1-112,remote,537.0,1.716,312.93706293706293
2025-10-15T19:38:30.265000+00:00,router_output_bytes_total,->1,1-112,unknown,0.0,1.716,0.0
2025-10-15T19:38:30.265000+00:00,router_output_bytes_total,->2,1-112,unknown,0.0,1.716,0.0
2025-10-15T19:38:30.265000+00:00,router_output_bytes_total,->3,1-112,unknown,0.0,1.716,0.0
2025-10-15T19:38:30.265000+00:00,router_output_bytes_total,->4,1-112,unknown,0.0,1.716,0.0
2025-10-15T19:38:30.265000+00:00,router_output_bytes_total,->6,1-112,unknown,0.0,1.716,0.0
2025-10-15T19:38:30.265000+00:00,router_output_bytes_total,->7,1-112,unknown,0.0,1.716,0.0
2025-10-15T19:38:30.265000+00:00,router_output_bytes_total,5,1-112,1-113,306057.0,1.716,178354.8951048951
2025-10-15T19:38:30.265000+00:00,router_output_bytes_total,internal,1-112,1-112,142666.0,1.716,83138.69463869464
2025-10-15T19:38:30.265000+00:00,router_output_bytes_total,physical_local,1-112,local,142666.0,1.716,83138.69463869464
2025-10-15T19:38:30.265000+00:00,router_output_bytes_total,physical_remote,1-112,remote,306057.0,1.716,178354.8951048951
2025-10-15T19:38:30.265000+00:00,router_output_pkts_total,->1,1-112,unknown,0.0,1.716,0.0
2025-10-15T19:38:30.265000+00:00,router_output_pkts_total,->2,1-112,unknown,0.0,1.716,0.0
2025-10-15T19:38:30.265000+00:00,router_output_pkts_total,->3,1-112,unknown,0.0,1.716,0.0
2025-10-15T19:38:30.265000+00:00,router_output_pkts_total,->4,1-112,unknown,0.0,1.716,0.0
2025-10-15T19:38:30.265000+00:00,router_output_pkts_total,->6,1-112,unknown,0.0,1.716,0.0
2025-10-15T19:38:30.265000+00:00,router_output_pkts_total,->7,1-112,unknown,0.0,1.716,0.0
2025-10-15T19:38:30.265000+00:00,router_output_pkts_total,5,1-112,1-113,580.0,1.716,337.995337995338
2025-10-15T19:38:30.265000+00:00,router_output_pkts_total,internal,1-112,1-112,476.0,1.716,277.38927738927737
2025-10-15T19:38:30.265000+00:00,router_output_pkts_total,physical_local,1-112,local,476.0,1.716,277.38927738927737
2025-10-15T19:38:30.265000+00:00,router_output_pkts_total,physical_remote,1-112,remote,580.0,1.716,337.995337995338
2025-10-15T19:38:32.281000+00:00,router_dropped_pkts_total,->1,1-112,unknown,0.0,2.016,0.0
2025-10-15T19:38:32.281000+00:00,router_dropped_pkts_total,->2,1-112,unknown,0.0,2.016,0.0
2025-10-15T19:38:32.281000+00:00,router_dropped_pkts_total,->3,1-112,unknown,0.0,2.016,0.0
2025-10-15T19:38:32.281000+00:00,router_dropped_pkts_total,->4,1-112,unknown,0.0,2.016,0.0
2025-10-15T19:38:32.281000+00:00,router_dropped_pkts_total,->6,1-112,unknown,0.0,2.016,0.0
2025-10-15T19:38:32.281000+00:00,router_dropped_pkts_total,->7,1-112,unknown,0.0,2.016,0.0
2025-10-15T19:38:32.281000+00:00,router_dropped_pkts_total,5,1-112,1-113,0.0,2.016,0.0
2025-10-15T19:38:32.281000+00:00,router_dropped_pkts_total,internal,1-112,1-112,0.0,2.016,0.0
2025-10-15T19:38:32.281000+00:00,router_dropped_pkts_total,physical_local,1-112,local,0.0,2.016,0.0
2025-10-15T19:38:32.281000+00:00,router_dropped_pkts_total,physical_remote,1-112,remote,0.0,2.016,0.0
2025-10-15T19:38:32.281000+00:00,router_input_bytes_total,->1,1-112,unknown,0.0,2.016,0.0
2025-10-15T19:38:32.281000+00:00,router_input_bytes_total,->2,1-112,unknown,0.0,2.016,0.0
2025-10-15T19:38:32.281000+00:00,router_input_bytes_total,->3,1-112,unknown,0.0,2.016,0.0
2025-10-15T19:38:32.281000+00:00,router_input_bytes_total,->4,1-112,unknown,0.0,2.016,0.0
2025-10-15T19:38:32.281000+00:00,router_input_bytes_total,->6,1-112,unknown,0.0,2.016,0.0
2025-10-15T19:38:32.281000+00:00,router_input_bytes_total,->7,1-112,unknown,0.0,2.016,0.0
2025-10-15T19:38:32.281000+00:00,router_input_bytes_total,5,1-112,1-113,124971.0,2.016,61989.583333333336
2025-10-15T19:38:32.281000+00:00,router_input_bytes_total,internal,1-112,1-112,257786.0,2.016,127870.03968253967
2025-10-15T19:38:32.281000+00:00,router_input_bytes_total,physical_local,1-112,local,257786.0,2.016,127870.03968253967
2025-10-15T19:38:32.281000+00:00,router_input_bytes_total,physical_remote,1-112,remote,124971.0,2.016,61989.583333333336
2025-10-15T19:38:32.281000+00:00,router_input_pkts_total,->1,1-112,unknown,0.0,2.016,0.0
2025-10-15T19:38:32.281000+00:00,router_input_pkts_total,->2,1-112,unknown,0.0,2.016,0.0
2025-10-15T19:38:32.281000+00:00,router_input_pkts_total,->3,1-112,unknown,0.0,2.016,0.0
2025-10-15T19:38:32.281000+00:00,router_input_pkts_total,->4,1-112,unknown,0.0,2.016,0.0
2025-10-15T19:38:32.281000+00:00,router_input_pkts_total,->6,1-112,unknown,0.0,2.016,0.0
2025-10-15T19:38:32.281000+00:00,router_input_pkts_total,->7,1-112,unknown,0.0,2.016,0.0
2025-10-15T19:38:32.281000+00:00,router_input_pkts_total,5,1-112,1-113,453.0,2.016,224.70238095238096
2025-10-15T19:38:32.281000+00:00,router_input_pkts_total,internal,1-112,1-112,418.0,2.016,207.34126984126985
2025-10-15T19:38:32.281000+00:00,router_input_pkts_total,physical_local,1-112,local,418.0,2.016,207.34126984126985
2025-10-15T19:38:32.281000+00:00,router_input_pkts_total,physical_remote,1-112,remote,453.0,2.016,224.70238095238096
2025-10-15T19:38:32.281000+00:00,router_output_bytes_total,->1,1-112,unknown,0.0,2.016,0.0
2025-10-15T19:38:32.281000+00:00,router_output_bytes_total,->2,1-112,unknown,0.0,2.016,0.0
2025-10-15T19:38:32.281000+00:00,router_output_bytes_total,->3,1-112,unknown,0.0,2.016,0.0
2025-10-15T19:38:32.281000+00:00,router_output_bytes_total,->4,1-112,unknown,0.0,2.016,0.0
2025-10-15T19:38:32.281000+00:00,router_output_bytes_total,->6,1-112,unknown,0.0,2.016,0.0
2025-10-15T19:38:32.281000+00:00,router_output_bytes_total,->7,1-112,unknown,0.0,2.016,0.0
2025-10-15T19:38:32.281000+00:00,router_output_bytes_total,5,1-112,1-113,264506.0,2.016,131203.37301587302
2025-10-15T19:38:32.281000+00:00,router_output_bytes_total,internal,1-112,1-112,118491.0,2.016,58775.29761904762
2025-10-15T19:38:32.281000+00:00,router_output_bytes_total,physical_local,1-112,local,118491.0,2.016,58775.29761904762
2025-10-15T19:38:32.281000+00:00,router_output_bytes_total,physical_remote,1-112,remote,264506.0,2.016,131203.37301587302
2025-10-15T19:38:32.281000+00:00,router_output_pkts_total,->1,1-112,unknown,0.0,2.016,0.0
2025-10-15T19:38:32.281000+00:00,router_output_pkts_total,->2,1-112,unknown,0.0,2.016,0.0
2025-10-15T19:38:32.281000+00:00,router_output_pkts_total,->3,1-112,unknown,0.0,2.016,0.0
2025-10-15T19:38:32.281000+00:00,router_output_pkts_total,->4,1-112,unknown,0.0,2.016,0.0
2025-10-15T19:38:32.281000+00:00,router_output_pkts_total,->6,1-112,unknown,0.0,2.016,0.0
2025-10-15T19:38:32.281000+00:00,router_output_pkts_total,->7,1-112,unknown,0.0,2.016,0.0
2025-10-15T19:38:32.281000+00:00,router_output_pkts_total,5,1-112,1-113,478.0,2.016,237.1031746031746
2025-10-15T19:38:32.281000+00:00,router_output_pkts_total,internal,1-112,1-112,393.0,2.016,194.94047619047618
2025-10-15T19:38:32.281000+00:00,router_output_pkts_total,physical_local,1-112,local,393.0,2.016,194.94047619047618
2025-10-15T19:38:32.281000+00:00,router_output_pkts_total,physical_remote,1-112,remote,478.0,2.016,237.1031746031746
2025-10-15T19:38:33.990000+00:00,router_dropped_pkts_total,->1,1-112,unknown,0.0,1.709,0.0
2025-10-15T19:38:33.990000+00:00,router_dropped_pkts_total,->2,1-112,unknown,0.0,1.709,0.0
2025-10-15T19:38:33.990000+00:00,router_dropped_pkts_total,->3,1-112,unknown,0.0,1.709,0.0
2025-10-15T19:38:33.990000+00:00,router_dropped_pkts_total,->4,1-112,unknown,0.0,1.709,0.0
2025-10-15T19:38:33.990000+00:00,router_dropped_pkts_total,->6,1-112,unknown,0.0,1.709,0.0
2025-10-15T19:38:33.990000+00:00,router_dropped_pkts_total,->7,1-112,unknown,0.0,1.709,0.0
2025-10-15T19:38:33.990000+00:00,router_dropped_pkts_total,5,1-112,1-113,0.0,1.709,0.0
2025-10-15T19:38:33.990000+00:00,router_dropped_pkts_total,internal,1-112,1-112,0.0,1.709,0.0
2025-10-15T19:38:33.990000+00:00,router_dropped_pkts_total,physical_local,1-112,local,0.0,1.709,0.0
2025-10-15T19:38:33.990000+00:00,router_dropped_pkts_total,physical_remote,1-112,remote,0.0,1.709,0.0
2025-10-15T19:38:33.990000+00:00,router_input_bytes_total,->1,1-112,unknown,0.0,1.709,0.0
2025-10-15T19:38:33.990000+00:00,router_input_bytes_total,->2,1-112,unknown,0.0,1.709,0.0
2025-10-15T19:38:33.990000+00:00,router_input_bytes_total,->3,1-112,unknown,0.0,1.709,0.0
2025-10-15T19:38:33.990000+00:00,router_input_bytes_total,->4,1-112,unknown,0.0,1.709,0.0
2025-10-15T19:38:33.990000+00:00,router_input_bytes_total,->6,1-112,unknown,0.0,1.709,0.0
2025-10-15T19:38:33.990000+00:00,router_input_bytes_total,->7,1-112,unknown,0.0,1.709,0.0
2025-10-15T19:38:33.990000+00:00,router_input_bytes_total,5,1-112,1-113,125340.0,1.709,73341.13516676419
2025-10-15T19:38:33.990000+00:00,router_input_bytes_total,internal,1-112,1-112,244091.0,1.709,142826.79929783498
2025-10-15T19:38:33.990000+00:00,router_input_bytes_total,physical_local,1-112,local,244091.0,1.709,142826.79929783498
2025-10-15T19:38:33.990000+00:00,router_input_bytes_total,physical_remote,1-112,remote,125340.0,1.709,73341.13516676419
2025-10-15T19:38:33.990000+00:00,router_input_pkts_total,->1,1-112,unknown,0.0,1.709,0.0
2025-10-15T19:38:33.990000+00:00,router_input_pkts_total,->2,1-112,unknown,0.0,1.709,0.0
2025-10-15T19:38:33.990000+00:00,router_input_pkts_total,->3,1-112,unknown,0.0,1.709,0.0
2025-10-15T19:38:33.990000+00:00,router_input_pkts_total,->4,1-112,unknown,0.0,1.709,0.0
2025-10-15T19:38:33.990000+00:00,router_input_pkts_total,->6,1-112,unknown,0.0,1.709,0.0
2025-10-15T19:38:33.990000+00:00,router_input_pkts_total,->7,1-112,unknown,0.0,1.709,0.0
2025-10-15T19:38:33.990000+00:00,router_input_pkts_total,5,1-112,1-113,454.0,1.709,265.65242832065536
2025-10-15T19:38:33.990000+00:00,router_input_pkts_total,internal,1-112,1-112,410.0,1.709,239.90637799882973
2025-10-15T19:38:33.990000+00:00,router_input_pkts_total,physical_local,1-112,local,410.0,1.709,239.90637799882973
2025-10-15T19:38:33.990000+00:00,router_input_pkts_total,physical_remote,1-112,remote,454.0,1.709,265.65242832065536
2025-10-15T19:38:33.990000+00:00,router_output_bytes_total,->1,1-112,unknown,0.0,1.709,0.0
2025-10-15T19:38:33.990000+00:00,router_output_bytes_total,->2,1-112,unknown,0.0,1.709,0.0
2025-10-15T19:38:33.990000+00:00,router_output_bytes_total,->3,1-112,unknown,0.0,1.709,0.0
2025-10-15T19:38:33.990000+00:00,router_output_bytes_total,->4,1-112,unknown,0.0,1.709,0.0
2025-10-15T19:38:33.990000+00:00,router_output_bytes_total,->6,1-112,unknown,0.0,1.709,0.0
2025-10-15T19:38:33.990000+00:00,router_output_bytes_total,->7,1-112,unknown,0.0,1.709,0.0
2025-10-15T19:38:33.990000+00:00,router_output_bytes_total,5,1-112,1-113,250811.0,1.709,146758.92334698653
2025-10-15T19:38:33.990000+00:00,router_output_bytes_total,internal,1-112,1-112,118860.0,1.709,69549.44411936805
2025-10-15T19:38:33.990000+00:00,router_output_bytes_total,physical_local,1-112,local,118860.0,1.709,69549.44411936805
2025-10-15T19:38:33.990000+00:00,router_output_bytes_total,physical_remote,1-112,remote,250811.0,1.709,146758.92334698653
2025-10-15T19:38:33.990000+00:00,router_output_pkts_total,->1,1-112,unknown,0.0,1.709,0.0
2025-10-15T19:38:33.990000+00:00,router_output_pkts_total,->2,1-112,unknown,0.0,1.709,0.0
2025-10-15T19:38:33.990000+00:00,router_output_pkts_total,->3,1-112,unknown,0.0,1.709,0.0
2025-10-15T19:38:33.990000+00:00,router_output_pkts_total,->4,1-112,unknown,0.0,1.709,0.0
2025-10-15T19:38:33.990000+00:00,router_output_pkts_total,->6,1-112,unknown,0.0,1.709,0.0
2025-10-15T19:38:33.990000+00:00,router_output_pkts_total,->7,1-112,unknown,0.0,1.709,0.0
2025-10-15T19:38:33.990000+00:00,router_output_pkts_total,5,1-112,1-113,470.0,1.709,275.01462843768286
2025-10-15T19:38:33.990000+00:00,router_output_pkts_total,internal,1-112,1-112,394.0,1.709,230.54417788180223
2025-10-15T19:38:33.990000+00:00,router_output_pkts_total,physical_local,1-112,local,394.0,1.709,230.54417788180223
2025-10-15T19:38:33.990000+00:00,router_output_pkts_total,physical_remote,1-112,remote,470.0,1.709,275.01462843768286
2025-10-15T19:38:35.648000+00:00,router_dropped_pkts_total,->1,1-112,unknown,0.0,1.658,0.0
2025-10-15T19:38:35.648000+00:00,router_dropped_pkts_total,->2,1-112,unknown,0.0,1.658,0.0
2025-10-15T19:38:35.648000+00:00,router_dropped_pkts_total,->3,1-112,unknown,0.0,1.658,0.0
2025-10-15T19:38:35.648000+00:00,router_dropped_pkts_total,->4,1-112,unknown,0.0,1.658,0.0
2025-10-15T19:38:35.648000+00:00,router_dropped_pkts_total,->6,1-112,unknown,0.0,1.658,0.0
2025-10-15T19:38:35.648000+00:00,router_dropped_pkts_total,->7,1-112,unknown,0.0,1.658,0.0
2025-10-15T19:38:35.648000+00:00,router_dropped_pkts_total,5,1-112,1-113,0.0,1.658,0.0
2025-10-15T19:38:35.648000+00:00,router_dropped_pkts_total,internal,1-112,1-112,0.0,1.658,0.0
2025-10-15T19:38:35.648000+00:00,router_dropped_pkts_total,physical_local,1-112,local,0.0,1.658,0.0
2025-10-15T19:38:35.648000+00:00,router_dropped_pkts_total,physical_remote,1-112,remote,0.0,1.658,0.0
2025-10-15T19:38:35.648000+00:00,router_input_bytes_total,->1,1-112,unknown,0.0,1.658,0.0
2025-10-15T19:38:35.648000+00:00,router_input_bytes_total,->2,1-112,unknown,0.0,1.658,0.0
2025-10-15T19:38:35.648000+00:00,router_input_bytes_total,->3,1-112,unknown,0.0,1.658,0.0
2025-10-15T19:38:35.648000+00:00,router_input_bytes_total,->4,1-112,unknown,0.0,1.658,0.0
2025-10-15T19:38:35.648000+00:00,router_input_bytes_total,->6,1-112,unknown,0.0,1.658,0.0
2025-10-15T19:38:35.648000+00:00,router_input_bytes_total,->7,1-112,unknown,0.0,1.658,0.0
2025-10-15T19:38:35.648000+00:00,router_input_bytes_total,5,1-112,1-113,120637.0,1.658,72760.55488540411
2025-10-15T19:38:35.648000+00:00,router_input_bytes_total,internal,1-112,1-112,257697.0,1.658,155426.4173703257
2025-10-15T19:38:35.648000+00:00,router_input_bytes_total,physical_local,1-112,local,257697.0,1.658,155426.4173703257
2025-10-15T19:38:35.648000+00:00,router_input_bytes_total,physical_remote,1-112,remote,120637.0,1.658,72760.55488540411
2025-10-15T19:38:35.648000+00:00,router_input_pkts_total,->1,1-112,unknown,0.0,1.658,0.0
2025-10-15T19:38:35.648000+00:00,router_input_pkts_total,->2,1-112,unknown,0.0,1.658,0.0
2025-10-15T19:38:35.648000+00:00,router_input_pkts_total,->3,1-112,unknown,0.0,1.658,0.0
2025-10-15T19:38:35.648000+00:00,router_input_pkts_total,->4,1-112,unknown,0.0,1.658,0.0
2025-10-15T19:38:35.648000+00:00,router_input_pkts_total,->6,1-112,unknown,0.0,1.658,0.0
2025-10-15T19:38:35.648000+00:00,router_input_pkts_total,->7,1-112,unknown,0.0,1.658,0.0
2025-10-15T19:38:35.648000+00:00,router_input_pkts_total,5,1-112,1-113,431.0,1.658,259.95174909529555
2025-10-15T19:38:35.648000+00:00,router_input_pkts_total,internal,1-112,1-112,413.0,1.658,249.09529553679133
2025-10-15T19:38:35.648000+00:00,router_input_pkts_total,physical_local,1-112,local,413.0,1.658,249.09529553679133
2025-10-15T19:38:35.648000+00:00,router_input_pkts_total,physical_remote,1-112,remote,431.0,1.658,259.95174909529555
2025-10-15T19:38:35.648000+00:00,router_output_bytes_total,->1,1-112,unknown,0.0,1.658,0.0
2025-10-15T19:38:35.648000+00:00,router_output_bytes_total,->2,1-112,unknown,0.0,1.658,0.0
2025-10-15T19:38:35.648000+00:00,router_output_bytes_total,->3,1-112,unknown,0.0,1.658,0.0
2025-10-15T19:38:35.648000+00:00,router_output_bytes_total,->4,1-112,unknown,0.0,1.658,0.0
2025-10-15T19:38:35.648000+00:00,router_output_bytes_total,->6,1-112,unknown,0.0,1.658,0.0
2025-10-15T19:38:35.648000+00:00,router_output_bytes_total,->7,1-112,unknown,0.0,1.658,0.0
2025-10-15T19:38:35.648000+00:00,router_output_bytes_total,5,1-112,1-113,258605.0,1.658,155974.06513872137
2025-10-15T19:38:35.648000+00:00,router_output_bytes_total,internal,1-112,1-112,114051.0,1.658,68788.29915560917
2025-10-15T19:38:35.648000+00:00,router_output_bytes_total,physical_local,1-112,local,114051.0,1.658,68788.29915560917
2025-10-15T19:38:35.648000+00:00,router_output_bytes_total,physical_remote,1-112,remote,258605.0,1.658,155974.06513872137
2025-10-15T19:38:35.648000+00:00,router_output_pkts_total,->1,1-112,unknown,0.0,1.658,0.0
2025-10-15T19:38:35.648000+00:00,router_output_pkts_total,->2,1-112,unknown,0.0,1.658,0.0
2025-10-15T19:38:35.648000+00:00,router_output_pkts_total,->3,1-112,unknown,0.0,1.658,0.0
2025-10-15T19:38:35.648000+00:00,router_output_pkts_total,->4,1-112,unknown,0.0,1.658,0.0
2025-10-15T19:38:35.648000+00:00,router_output_pkts_total,->6,1-112,unknown,0.0,1.658,0.0
2025-10-15T19:38:35.648000+00:00,router_output_pkts_total,->7,1-112,unknown,0.0,1.658,0.0
2025-10-15T19:38:35.648000+00:00,router_output_pkts_total,5,1-112,1-113,448.0,1.658,270.205066344994
2025-10-15T19:38:35.648000+00:00,router_output_pkts_total,internal,1-112,1-112,380.0,1.658,229.19179734620025
2025-10-15T19:38:35.648000+00:00,router_output_pkts_total,physical_local,1-112,local,380.0,1.658,229.19179734620025
2025-10-15T19:38:35.648000+00:00,router_output_pkts_total,physical_remote,1-112,remote,448.0,1.658,270.205066344994
2025-10-15T19:38:37.513000+00:00,router_dropped_pkts_total,->1,1-112,unknown,0.0,1.865,0.0
2025-10-15T19:38:37.513000+00:00,router_dropped_pkts_total,->2,1-112,unknown,0.0,1.865,0.0
2025-10-15T19:38:37.513000+00:00,router_dropped_pkts_total,->3,1-112,unknown,0.0,1.865,0.0
2025-10-15T19:38:37.513000+00:00,router_dropped_pkts_total,->4,1-112,unknown,0.0,1.865,0.0
2025-10-15T19:38:37.513000+00:00,router_dropped_pkts_total,->6,1-112,unknown,0.0,1.865,0.0
2025-10-15T19:38:37.513000+00:00,router_dropped_pkts_total,->7,1-112,unknown,0.0,1.865,0.0
2025-10-15T19:38:37.513000+00:00,router_dropped_pkts_total,5,1-112,1-113,0.0,1.865,0.0
2025-10-15T19:38:37.513000+00:00,router_dropped_pkts_total,internal,1-112,1-112,0.0,1.865,0.0
2025-10-15T19:38:37.513000+00:00,router_dropped_pkts_total,physical_local,1-112,local,0.0,1.865,0.0
2025-10-15T19:38:37.513000+00:00,router_dropped_pkts_total,physical_remote,1-112,remote,0.0,1.865,0.0
2025-10-15T19:38:37.513000+00:00,router_input_bytes_total,->1,1-112,unknown,0.0,1.865,0.0
2025-10-15T19:38:37.513000+00:00,router_input_bytes_total,->2,1-112,unknown,0.0,1.865,0.0
2025-10-15T19:38:37.513000+00:00,router_input_bytes_total,->3,1-112,unknown,0.0,1.865,0.0
2025-10-15T19:38:37.513000+00:00,router_input_bytes_total,->4,1-112,unknown,0.0,1.865,0.0
2025-10-15T19:38:37.513000+00:00,router_input_bytes_total,->6,1-112,unknown,0.0,1.865,0.0
2025-10-15T19:38:37.513000+00:00,router_input_bytes_total,->7,1-112,unknown,0.0,1.865,0.0
2025-10-15T19:38:37.513000+00:00,router_input_bytes_total,5,1-112,1-113,118191.0,1.865,63373.190348525466
2025-10-15T19:38:37.513000+00:00,router_input_bytes_total,internal,1-112,1-112,248263.0,1.865,133116.89008042894
2025-10-15T19:38:37.513000+00:00,router_input_bytes_total,physical_local,1-112,local,248263.0,1.865,133116.89008042894
2025-10-15T19:38:37.513000+00:00,router_input_bytes_total,physical_remote,1-112,remote,118191.0,1.865,63373.190348525466
2025-10-15T19:38:37.513000+00:00,router_input_pkts_total,->1,1-112,unknown,0.0,1.865,0.0
2025-10-15T19:38:37.513000+00:00,router_input_pkts_total,->2,1-112,unknown,0.0,1.865,0.0
2025-10-15T19:38:37.513000+00:00,router_input_pkts_total,->3,1-112,unknown,0.0,1.865,0.0
2025-10-15T19:38:37.513000+00:00,router_input_pkts_total,->4,1-112,unknown,0.0,1.865,0.0
2025-10-15T19:38:37.513000+00:00,router_input_pkts_total,->6,1-112,unknown,0.0,1.865,0.0
2025-10-15T19:38:37.513000+00:00,router_input_pkts_total,->7,1-112,unknown,0.0,1.865,0.0
2025-10-15T19:38:37.513000+00:00,router_input_pkts_total,5,1-112,1-113,422.0,1.865,226.2734584450402
2025-10-15T19:38:37.513000+00:00,router_input_pkts_total,internal,1-112,1-112,396.0,1.865,212.33243967828417
2025-10-15T19:38:37.513000+00:00,router_input_pkts_total,physical_local,1-112,local,396.0,1.865,212.33243967828417
2025-10-15T19:38:37.513000+00:00,router_input_pkts_total,physical_remote,1-112,remote,422.0,1.865,226.2734584450402
2025-10-15T19:38:37.513000+00:00,router_output_bytes_total,->1,1-112,unknown,0.0,1.865,0.0
2025-10-15T19:38:37.513000+00:00,router_output_bytes_total,->2,1-112,unknown,0.0,1.865,0.0
2025-10-15T19:38:37.513000+00:00,router_output_bytes_total,->3,1-112,unknown,0.0,1.865,0.0
2025-10-15T19:38:37.513000+00:00,router_output_bytes_total,->4,1-112,unknown,0.0,1.865,0.0
2025-10-15T19:38:37.513000+00:00,router_output_bytes_total,->6,1-112,unknown,0.0,1.865,0.0
2025-10-15T19:38:37.513000+00:00,router_output_bytes_total,->7,1-112,unknown,0.0,1.865,0.0
2025-10-15T19:38:37.513000+00:00,router_output_bytes_total,5,1-112,1-113,257435.0,1.865,138034.8525469169
2025-10-15T19:38:37.513000+00:00,router_output_bytes_total,internal,1-112,1-112,115057.0,1.865,61692.76139410188
2025-10-15T19:38:37.513000+00:00,router_output_bytes_total,physical_local,1-112,local,115057.0,1.865,61692.76139410188
2025-10-15T19:38:37.513000+00:00,router_output_bytes_total,physical_remote,1-112,remote,257435.0,1.865,138034.8525469169
2025-10-15T19:38:37.513000+00:00,router_output_pkts_total,->1,1-112,unknown,0.0,1.865,0.0
2025-10-15T19:38:37.513000+00:00,router_output_pkts_total,->2,1-112,unknown,0.0,1.865,0.0
2025-10-15T19:38:37.513000+00:00,router_output_pkts_total,->3,1-112,unknown,0.0,1.865,0.0
2025-10-15T19:38:37.513000+00:00,router_output_pkts_total,->4,1-112,unknown,0.0,1.865,0.0
2025-10-15T19:38:37.513000+00:00,router_output_pkts_total,->6,1-112,unknown,0.0,1.865,0.0
2025-10-15T19:38:37.513000+00:00,router_output_pkts_total,->7,1-112,unknown,0.0,1.865,0.0
2025-10-15T19:38:37.513000+00:00,router_output_pkts_total,5,1-112,1-113,451.0,1.865,241.8230563002681
2025-10-15T19:38:37.513000+00:00,router_output_pkts_total,internal,1-112,1-112,383.0,1.865,205.36193029490616
2025-10-15T19:38:37.513000+00:00,router_output_pkts_total,physical_local,1-112,local,383.0,1.865,205.36193029490616
2025-10-15T19:38:37.513000+00:00,router_output_pkts_total,physical_remote,1-112,remote,451.0,1.865,241.8230563002681
2025-10-15T19:38:39.380000+00:00,router_dropped_pkts_total,->1,1-112,unknown,0.0,1.867,0.0
2025-10-15T19:38:39.380000+00:00,router_dropped_pkts_total,->2,1-112,unknown,0.0,1.867,0.0
2025-10-15T19:38:39.380000+00:00,router_dropped_pkts_total,->3,1-112,unknown,0.0,1.867,0.0
2025-10-15T19:38:39.380000+00:00,router_dropped_pkts_total,->4,1-112,unknown,0.0,1.867,0.0
2025-10-15T19:38:39.380000+00:00,router_dropped_pkts_total,->6,1-112,unknown,0.0,1.867,0.0
2025-10-15T19:38:39.380000+00:00,router_dropped_pkts_total,->7,1-112,unknown,0.0,1.867,0.0
2025-10-15T19:38:39.380000+00:00,router_dropped_pkts_total,5,1-112,1-113,0.0,1.867,0.0
2025-10-15T19:38:39.380000+00:00,router_dropped_pkts_total,internal,1-112,1-112,0.0,1.867,0.0
2025-10-15T19:38:39.380000+00:00,router_dropped_pkts_total,physical_local,1-112,local,0.0,1.867,0.0
2025-10-15T19:38:39.380000+00:00,router_dropped_pkts_total,physical_remote,1-112,remote,0.0,1.867,0.0
2025-10-15T19:38:39.380000+00:00,router_input_bytes_total,->1,1-112,unknown,0.0,1.867,0.0
2025-10-15T19:38:39.380000+00:00,router_input_bytes_total,->2,1-112,unknown,0.0,1.867,0.0
2025-10-15T19:38:39.380000+00:00,router_input_bytes_total,->3,1-112,unknown,0.0,1.867,0.0
2025-10-15T19:38:39.380000+00:00,router_input_bytes_total,->4,1-112,unknown,0.0,1.867,0.0
2025-10-15T19:38:39.380000+00:00,router_input_bytes_total,->6,1-112,unknown,0.0,1.867,0.0
2025-10-15T19:38:39.380000+00:00,router_input_bytes_total,->7,1-112,unknown,0.0,1.867,0.0
2025-10-15T19:38:39.380000+00:00,router_input_bytes_total,5,1-112,1-113,132181.0,1.867,70798.60739153723
2025-10-15T19:38:39.380000+00:00,router_input_bytes_total,internal,1-112,1-112,259933.0,1.867,139224.95982860203
2025-10-15T19:38:39.380000+00:00,router_input_bytes_total,physical_local,1-112,local,259933.0,1.867,139224.95982860203
2025-10-15T19:38:39.380000+00:00,router_input_bytes_total,physical_remote,1-112,remote,132181.0,1.867,70798.60739153723
2025-10-15T19:38:39.380000+00:00,router_input_pkts_total,->1,1-112,unknown,0.0,1.867,0.0
2025-10-15T19:38:39.380000+00:00,router_input_pkts_total,->2,1-112,unknown,0.0,1.867,0.0
2025-10-15T19:38:39.380000+00:00,router_input_pkts_total,->3,1-112,unknown,0.0,1.867,0.0
2025-10-15T19:38:39.380000+00:00,router_input_pkts_total,->4,1-112,unknown,0.0,1.867,0.0
2025-10-15T19:38:39.380000+00:00,router_input_pkts_total,->6,1-112,unknown,0.0,1.867,0.0
2025-10-15T19:38:39.380000+00:00,router_input_pkts_total,->7,1-112,unknown,0.0,1.867,0.0
2025-10-15T19:38:39.380000+00:00,router_input_pkts_total,5,1-112,1-113,478.0,1.867,256.02570969469735
2025-10-15T19:38:39.380000+00:00,router_input_pkts_total,internal,1-112,1-112,435.0,1.867,232.99410819496518
2025-10-15T19:38:39.380000+00:00,router_input_pkts_total,physical_local,1-112,local,435.0,1.867,232.99410819496518
2025-10-15T19:38:39.380000+00:00,router_input_pkts_total,physical_remote,1-112,remote,478.0,1.867,256.02570969469735
2025-10-15T19:38:39.380000+00:00,router_output_bytes_total,->1,1-112,unknown,0.0,1.867,0.0
2025-10-15T19:38:39.380000+00:00,router_output_bytes_total,->2,1-112,unknown,0.0,1.867,0.0
2025-10-15T19:38:39.380000+00:00,router_output_bytes_total,->3,1-112,unknown,0.0,1.867,0.0
2025-10-15T19:38:39.380000+00:00,router_output_bytes_total,->4,1-112,unknown,0.0,1.867,0.0
2025-10-15T19:38:39.380000+00:00,router_output_bytes_total,->6,1-112,unknown,0.0,1.867,0.0
2025-10-15T19:38:39.380000+00:00,router_output_bytes_total,->7,1-112,unknown,0.0,1.867,0.0
2025-10-15T19:38:39.380000+00:00,router_output_bytes_total,5,1-112,1-113,267771.0,1.867,143423.13872522765
2025-10-15T19:38:39.380000+00:00,router_output_bytes_total,internal,1-112,1-112,125701.0,1.867,67327.79860739154
2025-10-15T19:38:39.380000+00:00,router_output_bytes_total,physical_local,1-112,local,125701.0,1.867,67327.79860739154
2025-10-15T19:38:39.380000+00:00,router_output_bytes_total,physical_remote,1-112,remote,267771.0,1.867,143423.13872522765
2025-10-15T19:38:39.380000+00:00,router_output_pkts_total,->1,1-112,unknown,0.0,1.867,0.0
2025-10-15T19:38:39.380000+00:00,router_output_pkts_total,->2,1-112,unknown,0.0,1.867,0.0
2025-10-15T19:38:39.380000+00:00,router_output_pkts_total,->3,1-112,unknown,0.0,1.867,0.0
2025-10-15T19:38:39.380000+00:00,router_output_pkts_total,->4,1-112,unknown,0.0,1.867,0.0
2025-10-15T19:38:39.380000+00:00,router_output_pkts_total,->6,1-112,unknown,0.0,1.867,0.0
2025-10-15T19:38:39.380000+00:00,router_output_pkts_total,->7,1-112,unknown,0.0,1.867,0.0
2025-10-15T19:38:39.380000+00:00,router_output_pkts_total,5,1-112,1-113,494.0,1.867,264.59560792715587
2025-10-15T19:38:39.380000+00:00,router_output_pkts_total,internal,1-112,1-112,418.0,1.867,223.88859132297804
2025-10-15T19:38:39.380000+00:00,router_output_pkts_total,physical_local,1-112,local,418.0,1.867,223.88859132297804
2025-10-15T19:38:39.380000+00:00,router_output_pkts_total,physical_remote,1-112,remote,494.0,1.867,264.59560792715587
2025-10-15T19:38:41.225000+00:00,router_dropped_pkts_total,->1,1-112,unknown,0.0,1.845,0.0
2025-10-15T19:38:41.225000+00:00,router_dropped_pkts_total,->2,1-112,unknown,0.0,1.845,0.0
2025-10-15T19:38:41.225000+00:00,router_dropped_pkts_total,->3,1-112,unknown,0.0,1.845,0.0
2025-10-15T19:38:41.225000+00:00,router_dropped_pkts_total,->4,1-112,unknown,0.0,1.845,0.0
2025-10-15T19:38:41.225000+00:00,router_dropped_pkts_total,->6,1-112,unknown,0.0,1.845,0.0
2025-10-15T19:38:41.225000+00:00,router_dropped_pkts_total,->7,1-112,unknown,0.0,1.845,0.0
2025-10-15T19:38:41.225000+00:00,router_dropped_pkts_total,5,1-112,1-113,0.0,1.845,0.0
2025-10-15T19:38:41.225000+00:00,router_dropped_pkts_total,internal,1-112,1-112,0.0,1.845,0.0
2025-10-15T19:38:41.225000+00:00,router_dropped_pkts_total,physical_local,1-112,local,0.0,1.845,0.0
2025-10-15T19:38:41.225000+00:00,router_dropped_pkts_total,physical_remote,1-112,remote,0.0,1.845,0.0
2025-10-15T19:38:41.225000+00:00,router_input_bytes_total,->1,1-112,unknown,0.0,1.845,0.0
2025-10-15T19:38:41.225000+00:00,router_input_bytes_total,->2,1-112,unknown,0.0,1.845,0.0
2025-10-15T19:38:41.225000+00:00,router_input_bytes_total,->3,1-112,unknown,0.0,1.845,0.0
2025-10-15T19:38:41.225000+00:00,router_input_bytes_total,->4,1-112,unknown,0.0,1.845,0.0
2025-10-15T19:38:41.225000+00:00,router_input_bytes_total,->6,1-112,unknown,0.0,1.845,0.0
2025-10-15T19:38:41.225000+00:00,router_input_bytes_total,->7,1-112,unknown,0.0,1.845,0.0
2025-10-15T19:38:41.225000+00:00,router_input_bytes_total,5,1-112,1-113,135329.0,1.845,73349.0514905149
2025-10-15T19:38:41.225000+00:00,router_input_bytes_total,internal,1-112,1-112,276548.0,1.845,149890.51490514906
2025-10-15T19:38:41.225000+00:00,router_input_bytes_total,physical_local,1-112,local,276548.0,1.845,149890.51490514906
2025-10-15T19:38:41.225000+00:00,router_input_bytes_total,physical_remote,1-112,remote,135329.0,1.845,73349.0514905149
2025-10-15T19:38:41.225000+00:00,router_input_pkts_total,->1,1-112,unknown,0.0,1.845,0.0
2025-10-15T19:38:41.225000+00:00,router_input_pkts_total,->2,1-112,unknown,0.0,1.845,0.0
2025-10-15T19:38:41.225000+00:00,router_input_pkts_total,->3,1-112,unknown,0.0,1.845,0.0
2025-10-15T19:38:41.225000+00:00,router_input_pkts_total,->4,1-112,unknown,0.0,1.845,0.0
2025-10-15T19:38:41.225000+00:00,router_input_pkts_total,->6,1-112,unknown,0.0,1.845,0.0
2025-10-15T19:38:41.225000+00:00,router_input_pkts_total,->7,1-112,unknown,0.0,1.845,0.0
2025-10-15T19:38:41.225000+00:00,router_input_pkts_total,5,1-112,1-113,501.0,1.845,271.5447154471545
2025-10-15T19:38:41.225000+00:00,router_input_pkts_total,internal,1-112,1-112,471.0,1.845,255.28455284552845
2025-10-15T19:38:41.225000+00:00,router_input_pkts_total,physical_local,1-112,local,471.0,1.845,255.28455284552845
2025-10-15T19:38:41.225000+00:00,router_input_pkts_total,physical_remote,1-112,remote,501.0,1.845,271.5447154471545
2025-10-15T19:38:41.225000+00:00,router_output_bytes_total,->1,1-112,unknown,0.0,1.845,0.0
2025-10-15T19:38:41.225000+00:00,router_output_bytes_total,->2,1-112,unknown,0.0,1.845,0.0
2025-10-15T19:38:41.225000+00:00,router_output_bytes_total,->3,1-112,unknown,0.0,1.845,0.0
2025-10-15T19:38:41.225000+00:00,router_output_bytes_total,->4,1-112,unknown,0.0,1.845,0.0
2025-10-15T19:38:41.225000+00:00,router_output_bytes_total,->6,1-112,unknown,0.0,1.845,0.0
2025-10-15T19:38:41.225000+00:00,router_output_bytes_total,->7,1-112,unknown,0.0,1.845,0.0
2025-10-15T19:38:41.225000+00:00,router_output_bytes_total,5,1-112,1-113,282150.0,1.845,152926.8292682927
2025-10-15T19:38:41.225000+00:00,router_output_bytes_total,internal,1-112,1-112,128849.0,1.845,69836.85636856369
2025-10-15T19:38:41.225000+00:00,router_output_bytes_total,physical_local,1-112,local,128849.0,1.845,69836.85636856369
2025-10-15T19:38:41.225000+00:00,router_output_bytes_total,physical_remote,1-112,remote,282150.0,1.845,152926.8292682927
2025-10-15T19:38:41.225000+00:00,router_output_pkts_total,->1,1-112,unknown,0.0,1.845,0.0
2025-10-15T19:38:41.225000+00:00,router_output_pkts_total,->2,1-112,unknown,0.0,1.845,0.0
2025-10-15T19:38:41.225000+00:00,router_output_pkts_total,->3,1-112,unknown,0.0,1.845,0.0
2025-10-15T19:38:41.225000+00:00,router_output_pkts_total,->4,1-112,unknown,0.0,1.845,0.0
2025-10-15T19:38:41.225000+00:00,router_output_pkts_total,->6,1-112,unknown,0.0,1.845,0.0
2025-10-15T19:38:41.225000+00:00,router_output_pkts_total,->7,1-112,unknown,0.0,1.845,0.0
2025-10-15T19:38:41.225000+00:00,router_output_pkts_total,5,1-112,1-113,532.0,1.845,288.3468834688347
2025-10-15T19:38:41.225000+00:00,router_output_pkts_total,internal,1-112,1-112,441.0,1.845,239.02439024390245
2025-10-15T19:38:41.225000+00:00,router_output_pkts_total,physical_local,1-112,local,441.0,1.845,239.02439024390245
2025-10-15T19:38:41.225000+00:00,router_output_pkts_total,physical_remote,1-112,remote,532.0,1.845,288.3468834688347
2025-10-15T19:38:42.807000+00:00,router_dropped_pkts_total,->1,1-112,unknown,0.0,1.582,0.0
2025-10-15T19:38:42.807000+00:00,router_dropped_pkts_total,->2,1-112,unknown,0.0,1.582,0.0
2025-10-15T19:38:42.807000+00:00,router_dropped_pkts_total,->3,1-112,unknown,0.0,1.582,0.0
2025-10-15T19:38:42.807000+00:00,router_dropped_pkts_total,->4,1-112,unknown,0.0,1.582,0.0
2025-10-15T19:38:42.807000+00:00,router_dropped_pkts_total,->6,1-112,unknown,0.0,1.582,0.0
2025-10-15T19:38:42.807000+00:00,router_dropped_pkts_total,->7,1-112,unknown,0.0,1.582,0.0
2025-10-15T19:38:42.807000+00:00,router_dropped_pkts_total,5,1-112,1-113,0.0,1.582,0.0
2025-10-15T19:38:42.807000+00:00,router_dropped_pkts_total,internal,1-112,1-112,0.0,1.582,0.0
2025-10-15T19:38:42.807000+00:00,router_dropped_pkts_total,physical_local,1-112,local,0.0,1.582,0.0
2025-10-15T19:38:42.807000+00:00,router_dropped_pkts_total,physical_remote,1-112,remote,0.0,1.582,0.0
2025-10-15T19:38:42.807000+00:00,router_input_bytes_total,->1,1-112,unknown,0.0,1.582,0.0
2025-10-15T19:38:42.807000+00:00,router_input_bytes_total,->2,1-112,unknown,0.0,1.582,0.0
2025-10-15T19:38:42.807000+00:00,router_input_bytes_total,->3,1-112,unknown,0.0,1.582,0.0
2025-10-15T19:38:42.807000+00:00,router_input_bytes_total,->4,1-112,unknown,0.0,1.582,0.0
2025-10-15T19:38:42.807000+00:00,router_input_bytes_total,->6,1-112,unknown,0.0,1.582,0.0
2025-10-15T19:38:42.807000+00:00,router_input_bytes_total,->7,1-112,unknown,0.0,1.582,0.0
2025-10-15T19:38:42.807000+00:00,router_input_bytes_total,5,1-112,1-113,113810.0,1.582,71940.58154235146
2025-10-15T19:38:42.807000+00:00,router_input_bytes_total,internal,1-112,1-112,233948.0,1.582,147881.1630847029
2025-10-15T19:38:42.807000+00:00,router_input_bytes_total,physical_local,1-112,local,233948.0,1.582,147881.1630847029
2025-10-15T19:38:42.807000+00:00,router_input_bytes_total,physical_remote,1-112,remote,113810.0,1.582,71940.58154235146
2025-10-15T19:38:42.807000+00:00,router_input_pkts_total,->1,1-112,unknown,0.0,1.582,0.0
2025-10-15T19:38:42.807000+00:00,router_input_pkts_total,->2,1-112,unknown,0.0,1.582,0.0
2025-10-15T19:38:42.807000+00:00,router_input_pkts_total,->3,1-112,unknown,0.0,1.582,0.0
2025-10-15T19:38:42.807000+00:00,router_input_pkts_total,->4,1-112,unknown,0.0,1.582,0.0
2025-10-15T19:38:42.807000+00:00,router_input_pkts_total,->6,1-112,unknown,0.0,1.582,0.0
2025-10-15T19:38:42.807000+00:00,router_input_pkts_total,->7,1-112,unknown,0.0,1.582,0.0
2025-10-15T19:38:42.807000+00:00,router_input_pkts_total,5,1-112,1-113,411.0,1.582,259.7977243994943
2025-10-15T19:38:42.807000+00:00,router_input_pkts_total,internal,1-112,1-112,377.0,1.582,238.30594184576483
2025-10-15T19:38:42.807000+00:00,router_input_pkts_total,physical_local,1-112,local,377.0,1.582,238.30594184576483
2025-10-15T19:38:42.807000+00:00,router_input_pkts_total,physical_remote,1-112,remote,411.0,1.582,259.7977243994943
2025-10-15T19:38:42.807000+00:00,router_output_bytes_total,->1,1-112,unknown,0.0,1.582,0.0
2025-10-15T19:38:42.807000+00:00,router_output_bytes_total,->2,1-112,unknown,0.0,1.582,0.0
2025-10-15T19:38:42.807000+00:00,router_output_bytes_total,->3,1-112,unknown,0.0,1.582,0.0
2025-10-15T19:38:42.807000+00:00,router_output_bytes_total,->4,1-112,unknown,0.0,1.582,0.0
2025-10-15T19:38:42.807000+00:00,router_output_bytes_total,->6,1-112,unknown,0.0,1.582,0.0
2025-10-15T19:38:42.807000+00:00,router_output_bytes_total,->7,1-112,unknown,0.0,1.582,0.0
2025-10-15T19:38:42.807000+00:00,router_output_bytes_total,5,1-112,1-113,239660.0,1.582,151491.78255372946
2025-10-15T19:38:42.807000+00:00,router_output_bytes_total,internal,1-112,1-112,108302.0,1.582,68458.91276864728
2025-10-15T19:38:42.807000+00:00,router_output_bytes_total,physical_local,1-112,local,108302.0,1.582,68458.91276864728
2025-10-15T19:38:42.807000+00:00,router_output_bytes_total,physical_remote,1-112,remote,239660.0,1.582,151491.78255372946
2025-10-15T19:38:42.807000+00:00,router_output_pkts_total,->1,1-112,unknown,0.0,1.582,0.0
2025-10-15T19:38:42.807000+00:00,router_output_pkts_total,->2,1-112,unknown,0.0,1.582,0.0
2025-10-15T19:38:42.807000+00:00,router_output_pkts_total,->3,1-112,unknown,0.0,1.582,0.0
2025-10-15T19:38:42.807000+00:00,router_output_pkts_total,->4,1-112,unknown,0.0,1.582,0.0
2025-10-15T19:38:42.807000+00:00,router_output_pkts_total,->6,1-112,unknown,0.0,1.582,0.0
2025-10-15T19:38:42.807000+00:00,router_output_pkts_total,->7,1-112,unknown,0.0,1.582,0.0
2025-10-15T19:38:42.807000+00:00,router_output_pkts_total,5,1-112,1-113,428.0,1.582,270.543615676359
2025-10-15T19:38:42.807000+00:00,router_output_pkts_total,internal,1-112,1-112,360.0,1.582,227.56005056890012
2025-10-15T19:38:42.807000+00:00,router_output_pkts_total,physical_local,1-112,local,360.0,1.582,227.56005056890012
2025-10-15T19:38:42.807000+00:00,router_output_pkts_total,physical_remote,1-112,remote,428.0,1.582,270.543615676359
2025-10-15T19:38:44.629000+00:00,router_dropped_pkts_total,->1,1-112,unknown,0.0,1.822,0.0
2025-10-15T19:38:44.629000+00:00,router_dropped_pkts_total,->2,1-112,unknown,0.0,1.822,0.0
2025-10-15T19:38:44.629000+00:00,router_dropped_pkts_total,->3,1-112,unknown,0.0,1.822,0.0
2025-10-15T19:38:44.629000+00:00,router_dropped_pkts_total,->4,1-112,unknown,0.0,1.822,0.0
2025-10-15T19:38:44.629000+00:00,router_dropped_pkts_total,->6,1-112,unknown,0.0,1.822,0.0
2025-10-15T19:38:44.629000+00:00,router_dropped_pkts_total,->7,1-112,unknown,0.0,1.822,0.0
2025-10-15T19:38:44.629000+00:00,router_dropped_pkts_total,5,1-112,1-113,0.0,1.822,0.0
2025-10-15T19:38:44.629000+00:00,router_dropped_pkts_total,internal,1-112,1-112,0.0,1.822,0.0
2025-10-15T19:38:44.629000+00:00,router_dropped_pkts_total,physical_local,1-112,local,0.0,1.822,0.0
2025-10-15T19:38:44.629000+00:00,router_dropped_pkts_total,physical_remote,1-112,remote,0.0,1.822,0.0
2025-10-15T19:38:44.629000+00:00,router_input_bytes_total,->1,1-112,unknown,0.0,1.822,0.0
2025-10-15T19:38:44.629000+00:00,router_input_bytes_total,->2,1-112,unknown,0.0,1.822,0.0
2025-10-15T19:38:44.629000+00:00,router_input_bytes_total,->3,1-112,unknown,0.0,1.822,0.0
2025-10-15T19:38:44.629000+00:00,router_input_bytes_total,->4,1-112,unknown,0.0,1.822,0.0
2025-10-15T19:38:44.629000+00:00,router_input_bytes_total,->6,1-112,unknown,0.0,1.822,0.0
2025-10-15T19:38:44.629000+00:00,router_input_bytes_total,->7,1-112,unknown,0.0,1.822,0.0
2025-10-15T19:38:44.629000+00:00,router_input_bytes_total,5,1-112,1-113,145794.0,1.822,80018.66081229418
2025-10-15T19:38:44.629000+00:00,router_input_bytes_total,internal,1-112,1-112,293771.0,1.822,161235.45554335893
2025-10-15T19:38:44.629000+00:00,router_input_bytes_total,physical_local,1-112,local,293771.0,1.822,161235.45554335893
2025-10-15T19:38:44.629000+00:00,router_input_bytes_total,physical_remote,1-112,remote,145794.0,1.822,80018.66081229418
2025-10-15T19:38:44.629000+00:00,router_input_pkts_total,->1,1-112,unknown,0.0,1.822,0.0
2025-10-15T19:38:44.629000+00:00,router_input_pkts_total,->2,1-112,unknown,0.0,1.822,0.0
2025-10-15T19:38:44.629000+00:00,router_input_pkts_total,->3,1-112,unknown,0.0,1.822,0.0
2025-10-15T19:38:44.629000+00:00,router_input_pkts_total,->4,1-112,unknown,0.0,1.822,0.0
2025-10-15T19:38:44.629000+00:00,router_input_pkts_total,->6,1-112,unknown,0.0,1.822,0.0
2025-10-15T19:38:44.629000+00:00,router_input_pkts_total,->7,1-112,unknown,0.0,1.822,0.0
2025-10-15T19:38:44.629000+00:00,router_input_pkts_total,5,1-112,1-113,509.0,1.822,279.36333699231614
2025-10-15T19:38:44.629000+00:00,router_input_pkts_total,internal,1-112,1-112,484.0,1.822,265.64215148188805
2025-10-15T19:38:44.629000+00:00,router_input_pkts_total,physical_local,1-112,local,484.0,1.822,265.64215148188805
2025-10-15T19:38:44.629000+00:00,router_input_pkts_total,physical_remote,1-112,remote,509.0,1.822,279.36333699231614
2025-10-15T19:38:44.629000+00:00,router_output_bytes_total,->1,1-112,unknown,0.0,1.822,0.0
2025-10-15T19:38:44.629000+00:00,router_output_bytes_total,->2,1-112,unknown,0.0,1.822,0.0
2025-10-15T19:38:44.629000+00:00,router_output_bytes_total,->3,1-112,unknown,0.0,1.822,0.0
2025-10-15T19:38:44.629000+00:00,router_output_bytes_total,->4,1-112,unknown,0.0,1.822,0.0
2025-10-15T19:38:44.629000+00:00,router_output_bytes_total,->6,1-112,unknown,0.0,1.822,0.0
2025-10-15T19:38:44.629000+00:00,router_output_bytes_total,->7,1-112,unknown,0.0,1.822,0.0
2025-10-15T19:38:44.629000+00:00,router_output_bytes_total,5,1-112,1-113,301275.0,1.822,165354.00658616904
2025-10-15T19:38:44.629000+00:00,router_output_bytes_total,internal,1-112,1-112,138558.0,1.822,76047.20087815587
2025-10-15T19:38:44.629000+00:00,router_output_bytes_total,physical_local,1-112,local,138558.0,1.822,76047.20087815587
2025-10-15T19:38:44.629000+00:00,router_output_bytes_total,physical_remote,1-112,remote,301275.0,1.822,165354.00658616904
2025-10-15T19:38:44.629000+00:00,router_output_pkts_total,->1,1-112,unknown,0.0,1.822,0.0
2025-10-15T19:38:44.629000+00:00,router_output_pkts_total,->2,1-112,unknown,0.0,1.822,0.0
2025-10-15T19:38:44.629000+00:00,router_output_pkts_total,->3,1-112,unknown,0.0,1.822,0.0
2025-10-15T19:38:44.629000+00:00,router_output_pkts_total,->4,1-112,unknown,0.0,1.822,0.0
2025-10-15T19:38:44.629000+00:00,router_output_pkts_total,->6,1-112,unknown,0.0,1.822,0.0
2025-10-15T19:38:44.629000+00:00,router_output_pkts_total,->7,1-112,unknown,0.0,1.822,0.0
2025-10-15T19:38:44.629000+00:00,router_output_pkts_total,5,1-112,1-113,551.0,1.822,302.41492864983536
2025-10-15T19:38:44.629000+00:00,router_output_pkts_total,internal,1-112,1-112,442.0,1.822,242.59055982436882
2025-10-15T19:38:44.629000+00:00,router_output_pkts_total,physical_local,1-112,local,442.0,1.822,242.59055982436882
2025-10-15T19:38:44.629000+00:00,router_output_pkts_total,physical_remote,1-112,remote,551.0,1.822,302.41492864983536
2025-10-15T19:38:46.597000+00:00,router_dropped_pkts_total,->1,1-112,unknown,0.0,1.968,0.0
2025-10-15T19:38:46.597000+00:00,router_dropped_pkts_total,->2,1-112,unknown,0.0,1.968,0.0
2025-10-15T19:38:46.597000+00:00,router_dropped_pkts_total,->3,1-112,unknown,0.0,1.968,0.0
2025-10-15T19:38:46.597000+00:00,router_dropped_pkts_total,->4,1-112,unknown,0.0,1.968,0.0
2025-10-15T19:38:46.597000+00:00,router_dropped_pkts_total,->6,1-112,unknown,0.0,1.968,0.0
2025-10-15T19:38:46.597000+00:00,router_dropped_pkts_total,->7,1-112,unknown,0.0,1.968,0.0
2025-10-15T19:38:46.597000+00:00,router_dropped_pkts_total,5,1-112,1-113,0.0,1.968,0.0
2025-10-15T19:38:46.597000+00:00,router_dropped_pkts_total,internal,1-112,1-112,0.0,1.968,0.0
2025-10-15T19:38:46.597000+00:00,router_dropped_pkts_total,physical_local,1-112,local,0.0,1.968,0.0
2025-10-15T19:38:46.597000+00:00,router_dropped_pkts_total,physical_remote,1-112,remote,0.0,1.968,0.0
2025-10-15T19:38:46.597000+00:00,router_input_bytes_total,->1,1-112,unknown,0.0,1.968,0.0
2025-10-15T19:38:46.597000+00:00,router_input_bytes_total,->2,1-112,unknown,0.0,1.968,0.0
2025-10-15T19:38:46.597000+00:00,router_input_bytes_total,->3,1-112,unknown,0.0,1.968,0.0
2025-10-15T19:38:46.597000+00:00,router_input_bytes_total,->4,1-112,unknown,0.0,1.968,0.0
2025-10-15T19:38:46.597000+00:00,router_input_bytes_total,->6,1-112,unknown,0.0,1.968,0.0
2025-10-15T19:38:46.597000+00:00,router_input_bytes_total,->7,1-112,unknown,0.0,1.968,0.0
2025-10-15T19:38:46.597000+00:00,router_input_bytes_total,5,1-112,1-113,110499.0,1.968,56147.865853658535
2025-10-15T19:38:46.597000+00:00,router_input_bytes_total,internal,1-112,1-112,245487.0,1.968,124739.32926829268
2025-10-15T19:38:46.597000+00:00,router_input_bytes_total,physical_local,1-112,local,245487.0,1.968,124739.32926829268
2025-10-15T19:38:46.597000+00:00,router_input_bytes_total,physical_remote,1-112,remote,110499.0,1.968,56147.865853658535
2025-10-15T19:38:46.597000+00:00,router_input_pkts_total,->1,1-112,unknown,0.0,1.968,0.0
2025-10-15T19:38:46.597000+00:00,router_input_pkts_total,->2,1-112,unknown,0.0,1.968,0.0
2025-10-15T19:38:46.597000+00:00,router_input_pkts_total,->3,1-112,unknown,0.0,1.968,0.0
2025-10-15T19:38:46.597000+00:00,router_input_pkts_total,->4,1-112,unknown,0.0,1.968,0.0
2025-10-15T19:38:46.597000+00:00,router_input_pkts_total,->6,1-112,unknown,0.0,1.968,0.0
2025-10-15T19:38:46.597000+00:00,router_input_pkts_total,->7,1-112,unknown,0.0,1.968,0.0
2025-10-15T19:38:46.597000+00:00,router_input_pkts_total,5,1-112,1-113,378.0,1.968,192.0731707317073
2025-10-15T19:38:46.597000+00:00,router_input_pkts_total,internal,1-112,1-112,377.0,1.968,191.5650406504065
2025-10-15T19:38:46.597000+00:00,router_input_pkts_total,physical_local,1-112,local,377.0,1.968,191.5650406504065
2025-10-15T19:38:46.597000+00:00,router_input_pkts_total,physical_remote,1-112,remote,378.0,1.968,192.0731707317073
2025-10-15T19:38:46.597000+00:00,router_output_bytes_total,->1,1-112,unknown,0.0,1.968,0.0
2025-10-15T19:38:46.597000+00:00,router_output_bytes_total,->2,1-112,unknown,0.0,1.968,0.0
2025-10-15T19:38:46.597000+00:00,router_output_bytes_total,->3,1-112,unknown,0.0,1.968,0.0
2025-10-15T19:38:46.597000+00:00,router_output_bytes_total,->4,1-112,unknown,0.0,1.968,0.0
2025-10-15T19:38:46.597000+00:00,router_output_bytes_total,->6,1-112,unknown,0.0,1.968,0.0
2025-10-15T19:38:46.597000+00:00,router_output_bytes_total,->7,1-112,unknown,0.0,1.968,0.0
2025-10-15T19:38:46.597000+00:00,router_output_bytes_total,5,1-112,1-113,249071.0,1.968,126560.4674796748
2025-10-15T19:38:46.597000+00:00,router_output_bytes_total,internal,1-112,1-112,107043.0,1.968,54391.76829268293
2025-10-15T19:38:46.597000+00:00,router_output_bytes_total,physical_local,1-112,local,107043.0,1.968,54391.76829268293
2025-10-15T19:38:46.597000+00:00,router_output_bytes_total,physical_remote,1-112,remote,249071.0,1.968,126560.4674796748
2025-10-15T19:38:46.597000+00:00,router_output_pkts_total,->1,1-112,unknown,0.0,1.968,0.0
2025-10-15T19:38:46.597000+00:00,router_output_pkts_total,->2,1-112,unknown,0.0,1.968,0.0
2025-10-15T19:38:46.597000+00:00,router_output_pkts_total,->3,1-112,unknown,0.0,1.968,0.0
2025-10-15T19:38:46.597000+00:00,router_output_pkts_total,->4,1-112,unknown,0.0,1.968,0.0
2025-10-15T19:38:46.597000+00:00,router_output_pkts_total,->6,1-112,unknown,0.0,1.968,0.0
2025-10-15T19:38:46.597000+00:00,router_output_pkts_total,->7,1-112,unknown,0.0,1.968,0.0
2025-10-15T19:38:46.597000+00:00,router_output_pkts_total,5,1-112,1-113,408.0,1.968,207.3170731707317
2025-10-15T19:38:46.597000+00:00,router_output_pkts_total,internal,1-112,1-112,346.0,1.968,175.8130081300813
2025-10-15T19:38:46.597000+00:00,router_output_pkts_total,physical_local,1-112,local,346.0,1.968,175.8130081300813
2025-10-15T19:38:46.597000+00:00,router_output_pkts_total,physical_remote,1-112,remote,408.0,1.968,207.3170731707317
2025-10-15T19:38:48.462000+00:00,router_dropped_pkts_total,->1,1-112,unknown,0.0,1.865,0.0
2025-10-15T19:38:48.462000+00:00,router_dropped_pkts_total,->2,1-112,unknown,0.0,1.865,0.0
2025-10-15T19:38:48.462000+00:00,router_dropped_pkts_total,->3,1-112,unknown,0.0,1.865,0.0
2025-10-15T19:38:48.462000+00:00,router_dropped_pkts_total,->4,1-112,unknown,0.0,1.865,0.0
2025-10-15T19:38:48.462000+00:00,router_dropped_pkts_total,->6,1-112,unknown,0.0,1.865,0.0
2025-10-15T19:38:48.462000+00:00,router_dropped_pkts_total,->7,1-112,unknown,0.0,1.865,0.0
2025-10-15T19:38:48.462000+00:00,router_dropped_pkts_total,5,1-112,1-113,0.0,1.865,0.0
2025-10-15T19:38:48.462000+00:00,router_dropped_pkts_total,internal,1-112,1-112,0.0,1.865,0.0
2025-10-15T19:38:48.462000+00:00,router_dropped_pkts_total,physical_local,1-112,local,0.0,1.865,0.0
2025-10-15T19:38:48.462000+00:00,router_dropped_pkts_total,physical_remote,1-112,remote,0.0,1.865,0.0
2025-10-15T19:38:48.462000+00:00,router_input_bytes_total,->1,1-112,unknown,0.0,1.865,0.0
2025-10-15T19:38:48.462000+00:00,router_input_bytes_total,->2,1-112,unknown,0.0,1.865,0.0
2025-10-15T19:38:48.462000+00:00,router_input_bytes_total,->3,1-112,unknown,0.0,1.865,0.0
2025-10-15T19:38:48.462000+00:00,router_input_bytes_total,->4,1-112,unknown,0.0,1.865,0.0
2025-10-15T19:38:48.462000+00:00,router_input_bytes_total,->6,1-112,unknown,0.0,1.865,0.0
2025-10-15T19:38:48.462000+00:00,router_input_bytes_total,->7,1-112,unknown,0.0,1.865,0.0
2025-10-15T19:38:48.462000+00:00,router_input_bytes_total,5,1-112,1-113,121482.0,1.865,65137.80160857909
2025-10-15T19:38:48.462000+00:00,router_input_bytes_total,internal,1-112,1-112,246379.0,1.865,132106.70241286865
2025-10-15T19:38:48.462000+00:00,router_input_bytes_total,physical_local,1-112,local,246379.0,1.865,132106.70241286865
2025-10-15T19:38:48.462000+00:00,router_input_bytes_total,physical_remote,1-112,remote,121482.0,1.865,65137.80160857909
2025-10-15T19:38:48.462000+00:00,router_input_pkts_total,->1,1-112,unknown,0.0,1.865,0.0
2025-10-15T19:38:48.462000+00:00,router_input_pkts_total,->2,1-112,unknown,0.0,1.865,0.0
2025-10-15T19:38:48.462000+00:00,router_input_pkts_total,->3,1-112,unknown,0.0,1.865,0.0
2025-10-15T19:38:48.462000+00:00,router_input_pkts_total,->4,1-112,unknown,0.0,1.865,0.0
2025-10-15T19:38:48.462000+00:00,router_input_pkts_total,->6,1-112,unknown,0.0,1.865,0.0
2025-10-15T19:38:48.462000+00:00,router_input_pkts_total,->7,1-112,unknown,0.0,1.865,0.0
2025-10-15T19:38:48.462000+00:00,router_input_pkts_total,5,1-112,1-113,451.0,1.865,241.8230563002681
2025-10-15T19:38:48.462000+00:00,router_input_pkts_total,internal,1-112,1-112,415.0,1.865,222.5201072386059
2025-10-15T19:38:48.462000+00:00,router_input_pkts_total,physical_local,1-112,local,415.0,1.865,222.5201072386059
2025-10-15T19:38:48.462000+00:00,router_input_pkts_total,physical_remote,1-112,remote,451.0,1.865,241.8230563002681
2025-10-15T19:38:48.462000+00:00,router_output_bytes_total,->1,1-112,unknown,0.0,1.865,0.0
2025-10-15T19:38:48.462000+00:00,router_output_bytes_total,->2,1-112,unknown,0.0,1.865,0.0
2025-10-15T19:38:48.462000+00:00,router_output_bytes_total,->3,1-112,unknown,0.0,1.865,0.0
2025-10-15T19:38:48.462000+00:00,router_output_bytes_total,->4,1-112,unknown,0.0,1.865,0.0
2025-10-15T19:38:48.462000+00:00,router_output_bytes_total,->6,1-112,unknown,0.0,1.865,0.0
2025-10-15T19:38:48.462000+00:00,router_output_bytes_total,->7,1-112,unknown,0.0,1.865,0.0
2025-10-15T19:38:48.462000+00:00,router_output_bytes_total,5,1-112,1-113,253099.0,1.865,135709.91957104558
2025-10-15T19:38:48.462000+00:00,router_output_bytes_total,internal,1-112,1-112,115002.0,1.865,61663.27077747989
2025-10-15T19:38:48.462000+00:00,router_output_bytes_total,physical_local,1-112,local,115002.0,1.865,61663.27077747989
2025-10-15T19:38:48.462000+00:00,router_output_bytes_total,physical_remote,1-112,remote,253099.0,1.865,135709.91957104558
2025-10-15T19:38:48.462000+00:00,router_output_pkts_total,->1,1-112,unknown,0.0,1.865,0.0
2025-10-15T19:38:48.462000+00:00,router_output_pkts_total,->2,1-112,unknown,0.0,1.865,0.0
2025-10-15T19:38:48.462000+00:00,router_output_pkts_total,->3,1-112,unknown,0.0,1.865,0.0
2025-10-15T19:38:48.462000+00:00,router_output_pkts_total,->4,1-112,unknown,0.0,1.865,0.0
2025-10-15T19:38:48.462000+00:00,router_output_pkts_total,->6,1-112,unknown,0.0,1.865,0.0
2025-10-15T19:38:48.462000+00:00,router_output_pkts_total,->7,1-112,unknown,0.0,1.865,0.0
2025-10-15T19:38:48.462000+00:00,router_output_pkts_total,5,1-112,1-113,476.0,1.865,255.2278820375335
2025-10-15T19:38:48.462000+00:00,router_output_pkts_total,internal,1-112,1-112,391.0,1.865,209.6514745308311
2025-10-15T19:38:48.462000+00:00,router_output_pkts_total,physical_local,1-112,local,391.0,1.865,209.6514745308311
2025-10-15T19:38:48.462000+00:00,router_output_pkts_total,physical_remote,1-112,remote,476.0,1.865,255.2278820375335
2025-10-15T19:38:50.289000+00:00,router_dropped_pkts_total,->1,1-112,unknown,0.0,1.827,0.0
2025-10-15T19:38:50.289000+00:00,router_dropped_pkts_total,->2,1-112,unknown,0.0,1.827,0.0
2025-10-15T19:38:50.289000+00:00,router_dropped_pkts_total,->3,1-112,unknown,0.0,1.827,0.0
2025-10-15T19:38:50.289000+00:00,router_dropped_pkts_total,->4,1-112,unknown,0.0,1.827,0.0
2025-10-15T19:38:50.289000+00:00,router_dropped_pkts_total,->6,1-112,unknown,0.0,1.827,0.0
2025-10-15T19:38:50.289000+00:00,router_dropped_pkts_total,->7,1-112,unknown,0.0,1.827,0.0
2025-10-15T19:38:50.289000+00:00,router_dropped_pkts_total,5,1-112,1-113,0.0,1.827,0.0
2025-10-15T19:38:50.289000+00:00,router_dropped_pkts_total,internal,1-112,1-112,0.0,1.827,0.0
2025-10-15T19:38:50.289000+00:00,router_dropped_pkts_total,physical_local,1-112,local,0.0,1.827,0.0
2025-10-15T19:38:50.289000+00:00,router_dropped_pkts_total,physical_remote,1-112,remote,0.0,1.827,0.0
2025-10-15T19:38:50.289000+00:00,router_input_bytes_total,->1,1-112,unknown,0.0,1.827,0.0
2025-10-15T19:38:50.289000+00:00,router_input_bytes_total,->2,1-112,unknown,0.0,1.827,0.0
2025-10-15T19:38:50.289000+00:00,router_input_bytes_total,->3,1-112,unknown,0.0,1.827,0.0
2025-10-15T19:38:50.289000+00:00,router_input_bytes_total,->4,1-112,unknown,0.0,1.827,0.0
2025-10-15T19:38:50.289000+00:00,router_input_bytes_total,->6,1-112,unknown,0.0,1.827,0.0
2025-10-15T19:38:50.289000+00:00,router_input_bytes_total,->7,1-112,unknown,0.0,1.827,0.0
2025-10-15T19:38:50.289000+00:00,router_input_bytes_total,5,1-112,1-113,135602.0,1.827,74221.12753147236
2025-10-15T19:38:50.289000+00:00,router_input_bytes_total,internal,1-112,1-112,269821.0,1.827,147685.27640941433
2025-10-15T19:38:50.289000+00:00,router_input_bytes_total,physical_local,1-112,local,269821.0,1.827,147685.27640941433
2025-10-15T19:38:50.289000+00:00,router_input_bytes_total,physical_remote,1-112,remote,135602.0,1.827,74221.12753147236
2025-10-15T19:38:50.289000+00:00,router_input_pkts_total,->1,1-112,unknown,0.0,1.827,0.0
2025-10-15T19:38:50.289000+00:00,router_input_pkts_total,->2,1-112,unknown,0.0,1.827,0.0
2025-10-15T19:38:50.289000+00:00,router_input_pkts_total,->3,1-112,unknown,0.0,1.827,0.0
2025-10-15T19:38:50.289000+00:00,router_input_pkts_total,->4,1-112,unknown,0.0,1.827,0.0
2025-10-15T19:38:50.289000+00:00,router_input_pkts_total,->6,1-112,unknown,0.0,1.827,0.0
2025-10-15T19:38:50.289000+00:00,router_input_pkts_total,->7,1-112,unknown,0.0,1.827,0.0
2025-10-15T19:38:50.289000+00:00,router_input_pkts_total,5,1-112,1-113,489.0,1.827,267.6518883415435
2025-10-15T19:38:50.289000+00:00,router_input_pkts_total,internal,1-112,1-112,450.0,1.827,246.30541871921181
2025-10-15T19:38:50.289000+00:00,router_input_pkts_total,physical_local,1-112,local,450.0,1.827,246.30541871921181
2025-10-15T19:38:50.289000+00:00,router_input_pkts_total,physical_remote,1-112,remote,489.0,1.827,267.6518883415435
2025-10-15T19:38:50.289000+00:00,router_output_bytes_total,->1,1-112,unknown,0.0,1.827,0.0
2025-10-15T19:38:50.289000+00:00,router_output_bytes_total,->2,1-112,unknown,0.0,1.827,0.0
2025-10-15T19:38:50.289000+00:00,router_output_bytes_total,->3,1-112,unknown,0.0,1.827,0.0
2025-10-15T19:38:50.289000+00:00,router_output_bytes_total,->4,1-112,unknown,0.0,1.827,0.0
2025-10-15T19:38:50.289000+00:00,router_output_bytes_total,->6,1-112,unknown,0.0,1.827,0.0
2025-10-15T19:38:50.289000+00:00,router_output_bytes_total,->7,1-112,unknown,0.0,1.827,0.0
2025-10-15T19:38:50.289000+00:00,router_output_bytes_total,5,1-112,1-113,276541.0,1.827,151363.43732895458
2025-10-15T19:38:50.289000+00:00,router_output_bytes_total,internal,1-112,1-112,129122.0,1.827,70674.32950191571
2025-10-15T19:38:50.289000+00:00,router_output_bytes_total,physical_local,1-112,local,129122.0,1.827,70674.32950191571
2025-10-15T19:38:50.289000+00:00,router_output_bytes_total,physical_remote,1-112,remote,276541.0,1.827,151363.43732895458
2025-10-15T19:38:50.289000+00:00,router_output_pkts_total,->1,1-112,unknown,0.0,1.827,0.0
2025-10-15T19:38:50.289000+00:00,router_output_pkts_total,->2,1-112,unknown,0.0,1.827,0.0
2025-10-15T19:38:50.289000+00:00,router_output_pkts_total,->3,1-112,unknown,0.0,1.827,0.0
2025-10-15T19:38:50.289000+00:00,router_output_pkts_total,->4,1-112,unknown,0.0,1.827,0.0
2025-10-15T19:38:50.289000+00:00,router_output_pkts_total,->6,1-112,unknown,0.0,1.827,0.0
2025-10-15T19:38:50.289000+00:00,router_output_pkts_total,->7,1-112,unknown,0.0,1.827,0.0
2025-10-15T19:38:50.289000+00:00,router_output_pkts_total,5,1-112,1-113,510.0,1.827,279.14614121510675
2025-10-15T19:38:50.289000+00:00,router_output_pkts_total,internal,1-112,1-112,429.0,1.827,234.81116584564862
2025-10-15T19:38:50.289000+00:00,router_output_pkts_total,physical_local,1-112,local,429.0,1.827,234.81116584564862
2025-10-15T19:38:50.289000+00:00,router_output_pkts_total,physical_remote,1-112,remote,510.0,1.827,279.14614121510675
2025-10-15T19:38:52.090000+00:00,router_dropped_pkts_total,->1,1-112,unknown,0.0,1.801,0.0
2025-10-15T19:38:52.090000+00:00,router_dropped_pkts_total,->2,1-112,unknown,0.0,1.801,0.0
2025-10-15T19:38:52.090000+00:00,router_dropped_pkts_total,->3,1-112,unknown,0.0,1.801,0.0
2025-10-15T19:38:52.090000+00:00,router_dropped_pkts_total,->4,1-112,unknown,0.0,1.801,0.0
2025-10-15T19:38:52.090000+00:00,router_dropped_pkts_total,->6,1-112,unknown,0.0,1.801,0.0
2025-10-15T19:38:52.090000+00:00,router_dropped_pkts_total,->7,1-112,unknown,0.0,1.801,0.0
2025-10-15T19:38:52.090000+00:00,router_dropped_pkts_total,5,1-112,1-113,0.0,1.801,0.0
2025-10-15T19:38:52.090000+00:00,router_dropped_pkts_total,internal,1-112,1-112,0.0,1.801,0.0
2025-10-15T19:38:52.090000+00:00,router_dropped_pkts_total,physical_local,1-112,local,0.0,1.801,0.0
2025-10-15T19:38:52.090000+00:00,router_dropped_pkts_total,physical_remote,1-112,remote,0.0,1.801,0.0
2025-10-15T19:38:52.090000+00:00,router_input_bytes_total,->1,1-112,unknown,0.0,1.801,0.0
2025-10-15T19:38:52.090000+00:00,router_input_bytes_total,->2,1-112,unknown,0.0,1.801,0.0
2025-10-15T19:38:52.090000+00:00,router_input_bytes_total,->3,1-112,unknown,0.0,1.801,0.0
2025-10-15T19:38:52.090000+00:00,router_input_bytes_total,->4,1-112,unknown,0.0,1.801,0.0
2025-10-15T19:38:52.090000+00:00,router_input_bytes_total,->6,1-112,unknown,0.0,1.801,0.0
2025-10-15T19:38:52.090000+00:00,router_input_bytes_total,->7,1-112,unknown,0.0,1.801,0.0
2025-10-15T19:38:52.090000+00:00,router_input_bytes_total,5,1-112,1-113,130914.0,1.801,72689.61687951139
2025-10-15T19:38:52.090000+00:00,router_input_bytes_total,internal,1-112,1-112,272775.0,1.801,151457.5235980011
2025-10-15T19:38:52.090000+00:00,router_input_bytes_total,physical_local,1-112,local,272775.0,1.801,151457.5235980011
2025-10-15T19:38:52.090000+00:00,router_input_bytes_total,physical_remote,1-112,remote,130914.0,1.801,72689.61687951139
2025-10-15T19:38:52.090000+00:00,router_input_pkts_total,->1,1-112,unknown,0.0,1.801,0.0
2025-10-15T19:38:52.090000+00:00,router_input_pkts_total,->2,1-112,unknown,0.0,1.801,0.0
2025-10-15T19:38:52.090000+00:00,router_input_pkts_total,->3,1-112,unknown,0.0,1.801,0.0
2025-10-15T19:38:52.090000+00:00,router_input_pkts_total,->4,1-112,unknown,0.0,1.801,0.0
2025-10-15T19:38:52.090000+00:00,router_input_pkts_total,->6,1-112,unknown,0.0,1.801,0.0
2025-10-15T19:38:52.090000+00:00,router_input_pkts_total,->7,1-112,unknown,0.0,1.801,0.0
2025-10-15T19:38:52.090000+00:00,router_input_pkts_total,5,1-112,1-113,492.0,1.801,273.1815657967796
2025-10-15T19:38:52.090000+00:00,router_input_pkts_total,internal,1-112,1-112,474.0,1.801,263.1871182676291
2025-10-15T19:38:52.090000+00:00,router_input_pkts_total,physical_local,1-112,local,474.0,1.801,263.1871182676291
2025-10-15T19:38:52.090000+00:00,router_input_pkts_total,physical_remote,1-112,remote,492.0,1.801,273.1815657967796
2025-10-15T19:38:52.090000+00:00,router_output_bytes_total,->1,1-112,unknown,0.0,1.801,0.0
2025-10-15T19:38:52.090000+00:00,router_output_bytes_total,->2,1-112,unknown,0.0,1.801,0.0
2025-10-15T19:38:52.090000+00:00,router_output_bytes_total,->3,1-112,unknown,0.0,1.801,0.0
2025-10-15T19:38:52.090000+00:00,router_output_bytes_total,->4,1-112,unknown,0.0,1.801,0.0
2025-10-15T19:38:52.090000+00:00,router_output_bytes_total,->6,1-112,unknown,0.0,1.801,0.0
2025-10-15T19:38:52.090000+00:00,router_output_bytes_total,->7,1-112,unknown,0.0,1.801,0.0
2025-10-15T19:38:52.090000+00:00,router_output_bytes_total,5,1-112,1-113,279495.0,1.801,155188.78400888396
2025-10-15T19:38:52.090000+00:00,router_output_bytes_total,internal,1-112,1-112,124434.0,1.801,69091.61576901721
2025-10-15T19:38:52.090000+00:00,router_output_bytes_total,physical_local,1-112,local,124434.0,1.801,69091.61576901721
2025-10-15T19:38:52.090000+00:00,router_output_bytes_total,physical_remote,1-112,remote,279495.0,1.801,155188.78400888396
2025-10-15T19:38:52.090000+00:00,router_output_pkts_total,->1,1-112,unknown,0.0,1.801,0.0
2025-10-15T19:38:52.090000+00:00,router_output_pkts_total,->2,1-112,unknown,0.0,1.801,0.0
2025-10-15T19:38:52.090000+00:00,router_output_pkts_total,->3,1-112,unknown,0.0,1.801,0.0
2025-10-15T19:38:52.090000+00:00,router_output_pkts_total,->4,1-112,unknown,0.0,1.801,0.0
2025-10-15T19:38:52.090000+00:00,router_output_pkts_total,->6,1-112,unknown,0.0,1.801,0.0
2025-10-15T19:38:52.090000+00:00,router_output_pkts_total,->7,1-112,unknown,0.0,1.801,0.0
2025-10-15T19:38:52.090000+00:00,router_output_pkts_total,5,1-112,1-113,534.0,1.801,296.50194336479734
2025-10-15T19:38:52.090000+00:00,router_output_pkts_total,internal,1-112,1-112,432.0,1.801,239.86674069961134
2025-10-15T19:38:52.090000+00:00,router_output_pkts_total,physical_local,1-112,local,432.0,1.801,239.86674069961134
2025-10-15T19:38:52.090000+00:00,router_output_pkts_total,physical_remote,1-112,remote,534.0,1.801,296.50194336479734
2025-10-15T19:38:53.713000+00:00,router_dropped_pkts_total,->1,1-112,unknown,0.0,1.623,0.0
2025-10-15T19:38:53.713000+00:00,router_dropped_pkts_total,->2,1-112,unknown,0.0,1.623,0.0
2025-10-15T19:38:53.713000+00:00,router_dropped_pkts_total,->3,1-112,unknown,0.0,1.623,0.0
2025-10-15T19:38:53.713000+00:00,router_dropped_pkts_total,->4,1-112,unknown,0.0,1.623,0.0
2025-10-15T19:38:53.713000+00:00,router_dropped_pkts_total,->6,1-112,unknown,0.0,1.623,0.0
2025-10-15T19:38:53.713000+00:00,router_dropped_pkts_total,->7,1-112,unknown,0.0,1.623,0.0
2025-10-15T19:38:53.713000+00:00,router_dropped_pkts_total,5,1-112,1-113,0.0,1.623,0.0
2025-10-15T19:38:53.713000+00:00,router_dropped_pkts_total,internal,1-112,1-112,0.0,1.623,0.0
2025-10-15T19:38:53.713000+00:00,router_dropped_pkts_total,physical_local,1-112,local,0.0,1.623,0.0
2025-10-15T19:38:53.713000+00:00,router_dropped_pkts_total,physical_remote,1-112,remote,0.0,1.623,0.0
2025-10-15T19:38:53.713000+00:00,router_input_bytes_total,->1,1-112,unknown,0.0,1.623,0.0
2025-10-15T19:38:53.713000+00:00,router_input_bytes_total,->2,1-112,unknown,0.0,1.623,0.0
2025-10-15T19:38:53.713000+00:00,router_input_bytes_total,->3,1-112,unknown,0.0,1.623,0.0
2025-10-15T19:38:53.713000+00:00,router_input_bytes_total,->4,1-112,unknown,0.0,1.623,0.0
2025-10-15T19:38:53.713000+00:00,router_input_bytes_total,->6,1-112,unknown,0.0,1.623,0.0
2025-10-15T19:38:53.713000+00:00,router_input_bytes_total,->7,1-112,unknown,0.0,1.623,0.0
2025-10-15T19:38:53.713000+00:00,router_input_bytes_total,5,1-112,1-113,122892.0,1.623,75719.03881700555
2025-10-15T19:38:53.713000+00:00,router_input_bytes_total,internal,1-112,1-112,258001.0,1.623,158965.49599507084
2025-10-15T19:38:53.713000+00:00,router_input_bytes_total,physical_local,1-112,local,258001.0,1.623,158965.49599507084
2025-10-15T19:38:53.713000+00:00,router_input_bytes_total,physical_remote,1-112,remote,122892.0,1.623,75719.03881700555
2025-10-15T19:38:53.713000+00:00,router_input_pkts_total,->1,1-112,unknown,0.0,1.623,0.0
2025-10-15T19:38:53.713000+00:00,router_input_pkts_total,->2,1-112,unknown,0.0,1.623,0.0
2025-10-15T19:38:53.713000+00:00,router_input_pkts_total,->3,1-112,unknown,0.0,1.623,0.0
2025-10-15T19:38:53.713000+00:00,router_input_pkts_total,->4,1-112,unknown,0.0,1.623,0.0
2025-10-15T19:38:53.713000+00:00,router_input_pkts_total,->6,1-112,unknown,0.0,1.623,0.0
2025-10-15T19:38:53.713000+00:00,router_input_pkts_total,->7,1-112,unknown,0.0,1.623,0.0
2025-10-15T19:38:53.713000+00:00,router_input_pkts_total,5,1-112,1-113,448.0,1.623,276.0320394331485
2025-10-15T19:38:53.713000+00:00,router_input_pkts_total,internal,1-112,1-112,420.0,1.623,258.7800369685767
2025-10-15T19:38:53.713000+00:00,router_input_pkts_total,physical_local,1-112,local,420.0,1.623,258.7800369685767
2025-10-15T19:38:53.713000+00:00,router_input_pkts_total,physical_remote,1-112,remote,448.0,1.623,276.0320394331485
2025-10-15T19:38:53.713000+00:00,router_output_bytes_total,->1,1-112,unknown,0.0,1.623,0.0
2025-10-15T19:38:53.713000+00:00,router_output_bytes_total,->2,1-112,unknown,0.0,1.623,0.0
2025-10-15T19:38:53.713000+00:00,router_output_bytes_total,->3,1-112,unknown,0.0,1.623,0.0
2025-10-15T19:38:53.713000+00:00,router_output_bytes_total,->4,1-112,unknown,0.0,1.623,0.0
2025-10-15T19:38:53.713000+00:00,router_output_bytes_total,->6,1-112,unknown,0.0,1.623,0.0
2025-10-15T19:38:53.713000+00:00,router_output_bytes_total,->7,1-112,unknown,0.0,1.623,0.0
2025-10-15T19:38:53.713000+00:00,router_output_bytes_total,5,1-112,1-113,264273.0,1.623,162829.94454713495
2025-10-15T19:38:53.713000+00:00,router_output_bytes_total,internal,1-112,1-112,116844.0,1.623,71992.60628465805
2025-10-15T19:38:53.713000+00:00,router_output_bytes_total,physical_local,1-112,local,116844.0,1.623,71992.60628465805
2025-10-15T19:38:53.713000+00:00,router_output_bytes_total,physical_remote,1-112,remote,264273.0,1.623,162829.94454713495
2025-10-15T19:38:53.713000+00:00,router_output_pkts_total,->1,1-112,unknown,0.0,1.623,0.0
2025-10-15T19:38:53.713000+00:00,router_output_pkts_total,->2,1-112,unknown,0.0,1.623,0.0
2025-10-15T19:38:53.713000+00:00,router_output_pkts_total,->3,1-112,unknown,0.0,1.623,0.0
2025-10-15T19:38:53.713000+00:00,router_output_pkts_total,->4,1-112,unknown,0.0,1.623,0.0
2025-10-15T19:38:53.713000+00:00,router_output_pkts_total,->6,1-112,unknown,0.0,1.623,0.0
2025-10-15T19:38:53.713000+00:00,router_output_pkts_total,->7,1-112,unknown,0.0,1.623,0.0
2025-10-15T19:38:53.713000+00:00,router_output_pkts_total,5,1-112,1-113,471.0,1.623,290.2033271719039
2025-10-15T19:38:53.713000+00:00,router_output_pkts_total,internal,1-112,1-112,390.0,1.623,240.29574861367837
2025-10-15T19:38:53.713000+00:00,router_output_pkts_total,physical_local,1-112,local,390.0,1.623,240.29574861367837
2025-10-15T19:38:53.713000+00:00,router_output_pkts_total,physical_remote,1-112,remote,471.0,1.623,290.2033271719039
2025-10-15T19:38:55.598000+00:00,router_dropped_pkts_total,->1,1-112,unknown,0.0,1.885,0.0
2025-10-15T19:38:55.598000+00:00,router_dropped_pkts_total,->2,1-112,unknown,0.0,1.885,0.0
2025-10-15T19:38:55.598000+00:00,router_dropped_pkts_total,->3,1-112,unknown,0.0,1.885,0.0
2025-10-15T19:38:55.598000+00:00,router_dropped_pkts_total,->4,1-112,unknown,0.0,1.885,0.0
2025-10-15T19:38:55.598000+00:00,router_dropped_pkts_total,->6,1-112,unknown,0.0,1.885,0.0
2025-10-15T19:38:55.598000+00:00,router_dropped_pkts_total,->7,1-112,unknown,0.0,1.885,0.0
2025-10-15T19:38:55.598000+00:00,router_dropped_pkts_total,5,1-112,1-113,0.0,1.885,0.0
2025-10-15T19:38:55.598000+00:00,router_dropped_pkts_total,internal,1-112,1-112,0.0,1.885,0.0
2025-10-15T19:38:55.598000+00:00,router_dropped_pkts_total,physical_local,1-112,local,0.0,1.885,0.0
2025-10-15T19:38:55.598000+00:00,router_dropped_pkts_total,physical_remote,1-112,remote,0.0,1.885,0.0
2025-10-15T19:38:55.598000+00:00,router_input_bytes_total,->1,1-112,unknown,0.0,1.885,0.0
2025-10-15T19:38:55.598000+00:00,router_input_bytes_total,->2,1-112,unknown,0.0,1.885,0.0
2025-10-15T19:38:55.598000+00:00,router_input_bytes_total,->3,1-112,unknown,0.0,1.885,0.0
2025-10-15T19:38:55.598000+00:00,router_input_bytes_total,->4,1-112,unknown,0.0,1.885,0.0
2025-10-15T19:38:55.598000+00:00,router_input_bytes_total,->6,1-112,unknown,0.0,1.885,0.0
2025-10-15T19:38:55.598000+00:00,router_input_bytes_total,->7,1-112,unknown,0.0,1.885,0.0
2025-10-15T19:38:55.598000+00:00,router_input_bytes_total,5,1-112,1-113,109648.0,1.885,58168.70026525199
2025-10-15T19:38:55.598000+00:00,router_input_bytes_total,internal,1-112,1-112,217536.0,1.885,115403.71352785146
2025-10-15T19:38:55.598000+00:00,router_input_bytes_total,physical_local,1-112,local,217536.0,1.885,115403.71352785146
2025-10-15T19:38:55.598000+00:00,router_input_bytes_total,physical_remote,1-112,remote,109648.0,1.885,58168.70026525199
2025-10-15T19:38:55.598000+00:00,router_input_pkts_total,->1,1-112,unknown,0.0,1.885,0.0
2025-10-15T19:38:55.598000+00:00,router_input_pkts_total,->2,1-112,unknown,0.0,1.885,0.0
2025-10-15T19:38:55.598000+00:00,router_input_pkts_total,->3,1-112,unknown,0.0,1.885,0.0
2025-10-15T19:38:55.598000+00:00,router_input_pkts_total,->4,1-112,unknown,0.0,1.885,0.0
2025-10-15T19:38:55.598000+00:00,router_input_pkts_total,->6,1-112,unknown,0.0,1.885,0.0
2025-10-15T19:38:55.598000+00:00,router_input_pkts_total,->7,1-112,unknown,0.0,1.885,0.0
2025-10-15T19:38:55.598000+00:00,router_input_pkts_total,5,1-112,1-113,358.0,1.885,189.92042440318303
2025-10-15T19:38:55.598000+00:00,router_input_pkts_total,internal,1-112,1-112,336.0,1.885,178.24933687002653
2025-10-15T19:38:55.598000+00:00,router_input_pkts_total,physical_local,1-112,local,336.0,1.885,178.24933687002653
2025-10-15T19:38:55.598000+00:00,router_input_pkts_total,physical_remote,1-112,remote,358.0,1.885,189.92042440318303
2025-10-15T19:38:55.598000+00:00,router_output_bytes_total,->1,1-112,unknown,0.0,1.885,0.0
2025-10-15T19:38:55.598000+00:00,router_output_bytes_total,->2,1-112,unknown,0.0,1.885,0.0
2025-10-15T19:38:55.598000+00:00,router_output_bytes_total,->3,1-112,unknown,0.0,1.885,0.0
2025-10-15T19:38:55.598000+00:00,router_output_bytes_total,->4,1-112,unknown,0.0,1.885,0.0
2025-10-15T19:38:55.598000+00:00,router_output_bytes_total,->6,1-112,unknown,0.0,1.885,0.0
2025-10-15T19:38:55.598000+00:00,router_output_bytes_total,->7,1-112,unknown,0.0,1.885,0.0
2025-10-15T19:38:55.598000+00:00,router_output_bytes_total,5,1-112,1-113,221344.0,1.885,117423.87267904509
2025-10-15T19:38:55.598000+00:00,router_output_bytes_total,internal,1-112,1-112,105976.0,1.885,56220.68965517241
2025-10-15T19:38:55.598000+00:00,router_output_bytes_total,physical_local,1-112,local,105976.0,1.885,56220.68965517241
2025-10-15T19:38:55.598000+00:00,router_output_bytes_total,physical_remote,1-112,remote,221344.0,1.885,117423.87267904509
2025-10-15T19:38:55.598000+00:00,router_output_pkts_total,->1,1-112,unknown,0.0,1.885,0.0
2025-10-15T19:38:55.598000+00:00,router_output_pkts_total,->2,1-112,unknown,0.0,1.885,0.0
2025-10-15T19:38:55.598000+00:00,router_output_pkts_total,->3,1-112,unknown,0.0,1.885,0.0
2025-10-15T19:38:55.598000+00:00,router_output_pkts_total,->4,1-112,unknown,0.0,1.885,0.0
2025-10-15T19:38:55.598000+00:00,router_output_pkts_total,->6,1-112,unknown,0.0,1.885,0.0
2025-10-15T19:38:55.598000+00:00,router_output_pkts_total,->7,1-112,unknown,0.0,1.885,0.0
2025-10-15T19:38:55.598000+00:00,router_output_pkts_total,5,1-112,1-113,375.0,1.885,198.9389920424403
2025-10-15T19:38:55.598000+00:00,router_output_pkts_total,internal,1-112,1-112,325.0,1.885,172.41379310344828
2025-10-15T19:38:55.598000+00:00,router_output_pkts_total,physical_local,1-112,local,325.0,1.885,172.41379310344828
2025-10-15T19:38:55.598000+00:00,router_output_pkts_total,physical_remote,1-112,remote,375.0,1.885,198.9389920424403
2025-10-15T19:38:57.320000+00:00,router_dropped_pkts_total,->1,1-112,unknown,0.0,1.722,0.0
2025-10-15T19:38:57.320000+00:00,router_dropped_pkts_total,->2,1-112,unknown,0.0,1.722,0.0
2025-10-15T19:38:57.320000+00:00,router_dropped_pkts_total,->3,1-112,unknown,0.0,1.722,0.0
2025-10-15T19:38:57.320000+00:00,router_dropped_pkts_total,->4,1-112,unknown,0.0,1.722,0.0
2025-10-15T19:38:57.320000+00:00,router_dropped_pkts_total,->6,1-112,unknown,0.0,1.722,0.0
2025-10-15T19:38:57.320000+00:00,router_dropped_pkts_total,->7,1-112,unknown,0.0,1.722,0.0
2025-10-15T19:38:57.320000+00:00,router_dropped_pkts_total,5,1-112,1-113,0.0,1.722,0.0
2025-10-15T19:38:57.320000+00:00,router_dropped_pkts_total,internal,1-112,1-112,0.0,1.722,0.0
2025-10-15T19:38:57.320000+00:00,router_dropped_pkts_total,physical_local,1-112,local,0.0,1.722,0.0
2025-10-15T19:38:57.320000+00:00,router_dropped_pkts_total,physical_remote,1-112,remote,0.0,1.722,0.0
2025-10-15T19:38:57.320000+00:00,router_input_bytes_total,->1,1-112,unknown,0.0,1.722,0.0
2025-10-15T19:38:57.320000+00:00,router_input_bytes_total,->2,1-112,unknown,0.0,1.722,0.0
2025-10-15T19:38:57.320000+00:00,router_input_bytes_total,->3,1-112,unknown,0.0,1.722,0.0
2025-10-15T19:38:57.320000+00:00,router_input_bytes_total,->4,1-112,unknown,0.0,1.722,0.0
2025-10-15T19:38:57.320000+00:00,router_input_bytes_total,->6,1-112,unknown,0.0,1.722,0.0
2025-10-15T19:38:57.320000+00:00,router_input_bytes_total,->7,1-112,unknown,0.0,1.722,0.0
2025-10-15T19:38:57.320000+00:00,router_input_bytes_total,5,1-112,1-113,127070.0,1.722,73792.10220673635
2025-10-15T19:38:57.320000+00:00,router_input_bytes_total,internal,1-112,1-112,267156.0,1.722,155142.85714285716
2025-10-15T19:38:57.320000+00:00,router_input_bytes_total,physical_local,1-112,local,267156.0,1.722,155142.85714285716
2025-10-15T19:38:57.320000+00:00,router_input_bytes_total,physical_remote,1-112,remote,127070.0,1.722,73792.10220673635
2025-10-15T19:38:57.320000+00:00,router_input_pkts_total,->1,1-112,unknown,0.0,1.722,0.0
2025-10-15T19:38:57.320000+00:00,router_input_pkts_total,->2,1-112,unknown,0.0,1.722,0.0
2025-10-15T19:38:57.320000+00:00,router_input_pkts_total,->3,1-112,unknown,0.0,1.722,0.0
2025-10-15T19:38:57.320000+00:00,router_input_pkts_total,->4,1-112,unknown,0.0,1.722,0.0
2025-10-15T19:38:57.320000+00:00,router_input_pkts_total,->6,1-112,unknown,0.0,1.722,0.0
2025-10-15T19:38:57.320000+00:00,router_input_pkts_total,->7,1-112,unknown,0.0,1.722,0.0
2025-10-15T19:38:57.320000+00:00,router_input_pkts_total,5,1-112,1-113,487.0,1.722,282.81068524970965
2025-10-15T19:38:57.320000+00:00,router_input_pkts_total,internal,1-112,1-112,460.0,1.722,267.13124274099886
2025-10-15T19:38:57.320000+00:00,router_input_pkts_total,physical_local,1-112,local,460.0,1.722,267.13124274099886
2025-10-15T19:38:57.320000+00:00,router_input_pkts_total,physical_remote,1-112,remote,487.0,1.722,282.81068524970965
2025-10-15T19:38:57.320000+00:00,router_output_bytes_total,->1,1-112,unknown,0.0,1.722,0.0
2025-10-15T19:38:57.320000+00:00,router_output_bytes_total,->2,1-112,unknown,0.0,1.722,0.0
2025-10-15T19:38:57.320000+00:00,router_output_bytes_total,->3,1-112,unknown,0.0,1.722,0.0
2025-10-15T19:38:57.320000+00:00,router_output_bytes_total,->4,1-112,unknown,0.0,1.722,0.0
2025-10-15T19:38:57.320000+00:00,router_output_bytes_total,->6,1-112,unknown,0.0,1.722,0.0
2025-10-15T19:38:57.320000+00:00,router_output_bytes_total,->7,1-112,unknown,0.0,1.722,0.0
2025-10-15T19:38:57.320000+00:00,router_output_bytes_total,5,1-112,1-113,273876.0,1.722,159045.29616724738
2025-10-15T19:38:57.320000+00:00,router_output_bytes_total,internal,1-112,1-112,121708.0,1.722,70678.28106852497
2025-10-15T19:38:57.320000+00:00,router_output_bytes_total,physical_local,1-112,local,121708.0,1.722,70678.28106852497
2025-10-15T19:38:57.320000+00:00,router_output_bytes_total,physical_remote,1-112,remote,273876.0,1.722,159045.29616724738
2025-10-15T19:38:57.320000+00:00,router_output_pkts_total,->1,1-112,unknown,0.0,1.722,0.0
2025-10-15T19:38:57.320000+00:00,router_output_pkts_total,->2,1-112,unknown,0.0,1.722,0.0
2025-10-15T19:38:57.320000+00:00,router_output_pkts_total,->3,1-112,unknown,0.0,1.722,0.0
2025-10-15T19:38:57.320000+00:00,router_output_pkts_total,->4,1-112,unknown,0.0,1.722,0.0
2025-10-15T19:38:57.320000+00:00,router_output_pkts_total,->6,1-112,unknown,0.0,1.722,0.0
2025-10-15T19:38:57.320000+00:00,router_output_pkts_total,->7,1-112,unknown,0.0,1.722,0.0
2025-10-15T19:38:57.320000+00:00,router_output_pkts_total,5,1-112,1-113,519.0,1.722,301.3937282229965
2025-10-15T19:38:57.320000+00:00,router_output_pkts_total,internal,1-112,1-112,427.0,1.722,247.96747967479675
2025-10-15T19:38:57.320000+00:00,router_output_pkts_total,physical_local,1-112,local,427.0,1.722,247.96747967479675
2025-10-15T19:38:57.320000+00:00,router_output_pkts_total,physical_remote,1-112,remote,519.0,1.722,301.3937282229965
2025-10-15T19:38:59.109000+00:00,router_dropped_pkts_total,->1,1-112,unknown,0.0,1.789,0.0
2025-10-15T19:38:59.109000+00:00,router_dropped_pkts_total,->2,1-112,unknown,0.0,1.789,0.0
2025-10-15T19:38:59.109000+00:00,router_dropped_pkts_total,->3,1-112,unknown,0.0,1.789,0.0
2025-10-15T19:38:59.109000+00:00,router_dropped_pkts_total,->4,1-112,unknown,0.0,1.789,0.0
2025-10-15T19:38:59.109000+00:00,router_dropped_pkts_total,->6,1-112,unknown,0.0,1.789,0.0
2025-10-15T19:38:59.109000+00:00,router_dropped_pkts_total,->7,1-112,unknown,0.0,1.789,0.0
2025-10-15T19:38:59.109000+00:00,router_dropped_pkts_total,5,1-112,1-113,0.0,1.789,0.0
2025-10-15T19:38:59.109000+00:00,router_dropped_pkts_total,internal,1-112,1-112,0.0,1.789,0.0
2025-10-15T19:38:59.109000+00:00,router_dropped_pkts_total,physical_local,1-112,local,0.0,1.789,0.0
2025-10-15T19:38:59.109000+00:00,router_dropped_pkts_total,physical_remote,1-112,remote,0.0,1.789,0.0
2025-10-15T19:38:59.109000+00:00,router_input_bytes_total,->1,1-112,unknown,0.0,1.789,0.0
2025-10-15T19:38:59.109000+00:00,router_input_bytes_total,->2,1-112,unknown,0.0,1.789,0.0
2025-10-15T19:38:59.109000+00:00,router_input_bytes_total,->3,1-112,unknown,0.0,1.789,0.0
2025-10-15T19:38:59.109000+00:00,router_input_bytes_total,->4,1-112,unknown,0.0,1.789,0.0
2025-10-15T19:38:59.109000+00:00,router_input_bytes_total,->6,1-112,unknown,0.0,1.789,0.0
2025-10-15T19:38:59.109000+00:00,router_input_bytes_total,->7,1-112,unknown,0.0,1.789,0.0
2025-10-15T19:38:59.109000+00:00,router_input_bytes_total,5,1-112,1-113,124518.0,1.789,69602.01229737284
2025-10-15T19:38:59.109000+00:00,router_input_bytes_total,internal,1-112,1-112,255849.0,1.789,143012.297372834
2025-10-15T19:38:59.109000+00:00,router_input_bytes_total,physical_local,1-112,local,255849.0,1.789,143012.297372834
2025-10-15T19:38:59.109000+00:00,router_input_bytes_total,physical_remote,1-112,remote,124518.0,1.789,69602.01229737284
2025-10-15T19:38:59.109000+00:00,router_input_pkts_total,->1,1-112,unknown,0.0,1.789,0.0
2025-10-15T19:38:59.109000+00:00,router_input_pkts_total,->2,1-112,unknown,0.0,1.789,0.0
2025-10-15T19:38:59.109000+00:00,router_input_pkts_total,->3,1-112,unknown,0.0,1.789,0.0
2025-10-15T19:38:59.109000+00:00,router_input_pkts_total,->4,1-112,unknown,0.0,1.789,0.0
2025-10-15T19:38:59.109000+00:00,router_input_pkts_total,->6,1-112,unknown,0.0,1.789,0.0
2025-10-15T19:38:59.109000+00:00,router_input_pkts_total,->7,1-112,unknown,0.0,1.789,0.0
2025-10-15T19:38:59.109000+00:00,router_input_pkts_total,5,1-112,1-113,459.0,1.789,256.56791503633315
2025-10-15T19:38:59.109000+00:00,router_input_pkts_total,internal,1-112,1-112,427.0,1.789,238.68082727780885
2025-10-15T19:38:59.109000+00:00,router_input_pkts_total,physical_local,1-112,local,427.0,1.789,238.68082727780885
2025-10-15T19:38:59.109000+00:00,router_input_pkts_total,physical_remote,1-112,remote,459.0,1.789,256.56791503633315
2025-10-15T19:38:59.109000+00:00,router_output_bytes_total,->1,1-112,unknown,0.0,1.789,0.0
2025-10-15T19:38:59.109000+00:00,router_output_bytes_total,->2,1-112,unknown,0.0,1.789,0.0
2025-10-15T19:38:59.109000+00:00,router_output_bytes_total,->3,1-112,unknown,0.0,1.789,0.0
2025-10-15T19:38:59.109000+00:00,router_output_bytes_total,->4,1-112,unknown,0.0,1.789,0.0
2025-10-15T19:38:59.109000+00:00,router_output_bytes_total,->6,1-112,unknown,0.0,1.789,0.0
2025-10-15T19:38:59.109000+00:00,router_output_bytes_total,->7,1-112,unknown,0.0,1.789,0.0
2025-10-15T19:38:59.109000+00:00,router_output_bytes_total,5,1-112,1-113,262569.0,1.789,146768.5858021241
2025-10-15T19:38:59.109000+00:00,router_output_bytes_total,internal,1-112,1-112,116920.0,1.789,65354.94689770822
2025-10-15T19:38:59.109000+00:00,router_output_bytes_total,physical_local,1-112,local,116920.0,1.789,65354.94689770822
2025-10-15T19:38:59.109000+00:00,router_output_bytes_total,physical_remote,1-112,remote,262569.0,1.789,146768.5858021241
2025-10-15T19:38:59.109000+00:00,router_output_pkts_total,->1,1-112,unknown,0.0,1.789,0.0
2025-10-15T19:38:59.109000+00:00,router_output_pkts_total,->2,1-112,unknown,0.0,1.789,0.0
2025-10-15T19:38:59.109000+00:00,router_output_pkts_total,->3,1-112,unknown,0.0,1.789,0.0
2025-10-15T19:38:59.109000+00:00,router_output_pkts_total,->4,1-112,unknown,0.0,1.789,0.0
2025-10-15T19:38:59.109000+00:00,router_output_pkts_total,->6,1-112,unknown,0.0,1.789,0.0
2025-10-15T19:38:59.109000+00:00,router_output_pkts_total,->7,1-112,unknown,0.0,1.789,0.0
2025-10-15T19:38:59.109000+00:00,router_output_pkts_total,5,1-112,1-113,488.0,1.789,272.7780883174958
2025-10-15T19:38:59.109000+00:00,router_output_pkts_total,internal,1-112,1-112,400.0,1.789,223.58859698155396
2025-10-15T19:38:59.109000+00:00,router_output_pkts_total,physical_local,1-112,local,400.0,1.789,223.58859698155396
2025-10-15T19:38:59.109000+00:00,router_output_pkts_total,physical_remote,1-112,remote,488.0,1.789,272.7780883174958
2025-10-15T19:39:00.803000+00:00,router_dropped_pkts_total,->1,1-112,unknown,0.0,1.694,0.0
2025-10-15T19:39:00.803000+00:00,router_dropped_pkts_total,->2,1-112,unknown,0.0,1.694,0.0
2025-10-15T19:39:00.803000+00:00,router_dropped_pkts_total,->3,1-112,unknown,0.0,1.694,0.0
2025-10-15T19:39:00.803000+00:00,router_dropped_pkts_total,->4,1-112,unknown,0.0,1.694,0.0
2025-10-15T19:39:00.803000+00:00,router_dropped_pkts_total,->6,1-112,unknown,0.0,1.694,0.0
2025-10-15T19:39:00.803000+00:00,router_dropped_pkts_total,->7,1-112,unknown,0.0,1.694,0.0
2025-10-15T19:39:00.803000+00:00,router_dropped_pkts_total,5,1-112,1-113,0.0,1.694,0.0
2025-10-15T19:39:00.803000+00:00,router_dropped_pkts_total,internal,1-112,1-112,0.0,1.694,0.0
2025-10-15T19:39:00.803000+00:00,router_dropped_pkts_total,physical_local,1-112,local,0.0,1.694,0.0
2025-10-15T19:39:00.803000+00:00,router_dropped_pkts_total,physical_remote,1-112,remote,0.0,1.694,0.0
2025-10-15T19:39:00.803000+00:00,router_input_bytes_total,->1,1-112,unknown,0.0,1.694,0.0
2025-10-15T19:39:00.803000+00:00,router_input_bytes_total,->2,1-112,unknown,0.0,1.694,0.0
2025-10-15T19:39:00.803000+00:00,router_input_bytes_total,->3,1-112,unknown,0.0,1.694,0.0
2025-10-15T19:39:00.803000+00:00,router_input_bytes_total,->4,1-112,unknown,0.0,1.694,0.0
2025-10-15T19:39:00.803000+00:00,router_input_bytes_total,->6,1-112,unknown,0.0,1.694,0.0
2025-10-15T19:39:00.803000+00:00,router_input_bytes_total,->7,1-112,unknown,0.0,1.694,0.0
2025-10-15T19:39:00.803000+00:00,router_input_bytes_total,5,1-112,1-113,126908.0,1.694,74916.17473435655
2025-10-15T19:39:00.803000+00:00,router_input_bytes_total,internal,1-112,1-112,252060.0,1.694,148795.74970484062
2025-10-15T19:39:00.803000+00:00,router_input_bytes_total,physical_local,1-112,local,252060.0,1.694,148795.74970484062
2025-10-15T19:39:00.803000+00:00,router_input_bytes_total,physical_remote,1-112,remote,126908.0,1.694,74916.17473435655
2025-10-15T19:39:00.803000+00:00,router_input_pkts_total,->1,1-112,unknown,0.0,1.694,0.0
2025-10-15T19:39:00.803000+00:00,router_input_pkts_total,->2,1-112,unknown,0.0,1.694,0.0
2025-10-15T19:39:00.803000+00:00,router_input_pkts_total,->3,1-112,unknown,0.0,1.694,0.0
2025-10-15T19:39:00.803000+00:00,router_input_pkts_total,->4,1-112,unknown,0.0,1.694,0.0
2025-10-15T19:39:00.803000+00:00,router_input_pkts_total,->6,1-112,unknown,0.0,1.694,0.0
2025-10-15T19:39:00.803000+00:00,router_input_pkts_total,->7,1-112,unknown,0.0,1.694,0.0
2025-10-15T19:39:00.803000+00:00,router_input_pkts_total,5,1-112,1-113,448.0,1.694,264.4628099173554
2025-10-15T19:39:00.803000+00:00,router_input_pkts_total,internal,1-112,1-112,418.0,1.694,246.75324675324677
2025-10-15T19:39:00.803000+00:00,router_input_pkts_total,physical_local,1-112,local,418.0,1.694,246.75324675324677
2025-10-15T19:39:00.803000+00:00,router_input_pkts_total,physical_remote,1-112,remote,448.0,1.694,264.4628099173554
2025-10-15T19:39:00.803000+00:00,router_output_bytes_total,->1,1-112,unknown,0.0,1.694,0.0
2025-10-15T19:39:00.803000+00:00,router_output_bytes_total,->2,1-112,unknown,0.0,1.694,0.0
2025-10-15T19:39:00.803000+00:00,router_output_bytes_total,->3,1-112,unknown,0.0,1.694,0.0
2025-10-15T19:39:00.803000+00:00,router_output_bytes_total,->4,1-112,unknown,0.0,1.694,0.0
2025-10-15T19:39:00.803000+00:00,router_output_bytes_total,->6,1-112,unknown,0.0,1.694,0.0
2025-10-15T19:39:00.803000+00:00,router_output_bytes_total,->7,1-112,unknown,0.0,1.694,0.0
2025-10-15T19:39:00.803000+00:00,router_output_bytes_total,5,1-112,1-113,257772.0,1.694,152167.6505312869
2025-10-15T19:39:00.803000+00:00,router_output_bytes_total,internal,1-112,1-112,121400.0,1.694,71664.69893742622
2025-10-15T19:39:00.803000+00:00,router_output_bytes_total,physical_local,1-112,local,121400.0,1.694,71664.69893742622
2025-10-15T19:39:00.803000+00:00,router_output_bytes_total,physical_remote,1-112,remote,257772.0,1.694,152167.6505312869
2025-10-15T19:39:00.803000+00:00,router_output_pkts_total,->1,1-112,unknown,0.0,1.694,0.0
2025-10-15T19:39:00.803000+00:00,router_output_pkts_total,->2,1-112,unknown,0.0,1.694,0.0
2025-10-15T19:39:00.803000+00:00,router_output_pkts_total,->3,1-112,unknown,0.0,1.694,0.0
2025-10-15T19:39:00.803000+00:00,router_output_pkts_total,->4,1-112,unknown,0.0,1.694,0.0
2025-10-15T19:39:00.803000+00:00,router_output_pkts_total,->6,1-112,unknown,0.0,1.694,0.0
2025-10-15T19:39:00.803000+00:00,router_output_pkts_total,->7,1-112,unknown,0.0,1.694,0.0
2025-10-15T19:39:00.803000+00:00,router_output_pkts_total,5,1-112,1-113,469.0,1.694,276.8595041322314
2025-10-15T19:39:00.803000+00:00,router_output_pkts_total,internal,1-112,1-112,397.0,1.694,234.35655253837072
2025-10-15T19:39:00.803000+00:00,router_output_pkts_total,physical_local,1-112,local,397.0,1.694,234.35655253837072
2025-10-15T19:39:00.803000+00:00,router_output_pkts_total,physical_remote,1-112,remote,469.0,1.694,276.8595041322314
2025-10-15T19:39:02.602000+00:00,router_dropped_pkts_total,->1,1-112,unknown,0.0,1.799,0.0
2025-10-15T19:39:02.602000+00:00,router_dropped_pkts_total,->2,1-112,unknown,0.0,1.799,0.0
2025-10-15T19:39:02.602000+00:00,router_dropped_pkts_total,->3,1-112,unknown,0.0,1.799,0.0
2025-10-15T19:39:02.602000+00:00,router_dropped_pkts_total,->4,1-112,unknown,0.0,1.799,0.0
2025-10-15T19:39:02.602000+00:00,router_dropped_pkts_total,->6,1-112,unknown,0.0,1.799,0.0
2025-10-15T19:39:02.602000+00:00,router_dropped_pkts_total,->7,1-112,unknown,0.0,1.799,0.0
2025-10-15T19:39:02.602000+00:00,router_dropped_pkts_total,5,1-112,1-113,0.0,1.799,0.0
2025-10-15T19:39:02.602000+00:00,router_dropped_pkts_total,internal,1-112,1-112,0.0,1.799,0.0
2025-10-15T19:39:02.602000+00:00,router_dropped_pkts_total,physical_local,1-112,local,0.0,1.799,0.0
2025-10-15T19:39:02.602000+00:00,router_dropped_pkts_total,physical_remote,1-112,remote,0.0,1.799,0.0
2025-10-15T19:39:02.602000+00:00,router_input_bytes_total,->1,1-112,unknown,0.0,1.799,0.0
2025-10-15T19:39:02.602000+00:00,router_input_bytes_total,->2,1-112,unknown,0.0,1.799,0.0
2025-10-15T19:39:02.602000+00:00,router_input_bytes_total,->3,1-112,unknown,0.0,1.799,0.0
2025-10-15T19:39:02.602000+00:00,router_input_bytes_total,->4,1-112,unknown,0.0,1.799,0.0
2025-10-15T19:39:02.602000+00:00,router_input_bytes_total,->6,1-112,unknown,0.0,1.799,0.0
2025-10-15T19:39:02.602000+00:00,router_input_bytes_total,->7,1-112,unknown,0.0,1.799,0.0
2025-10-15T19:39:02.602000+00:00,router_input_bytes_total,5,1-112,1-113,118780.0,1.799,66025.56976097832
2025-10-15T19:39:02.602000+00:00,router_input_bytes_total,internal,1-112,1-112,251115.0,1.799,139585.88104502502
2025-10-15T19:39:02.602000+00:00,router_input_bytes_total,physical_local,1-112,local,251115.0,1.799,139585.88104502502
2025-10-15T19:39:02.602000+00:00,router_input_bytes_total,physical_remote,1-112,remote,118780.0,1.799,66025.56976097832
2025-10-15T19:39:02.602000+00:00,router_input_pkts_total,->1,1-112,unknown,0.0,1.799,0.0
2025-10-15T19:39:02.602000+00:00,router_input_pkts_total,->2,1-112,unknown,0.0,1.799,0.0
2025-10-15T19:39:02.602000+00:00,router_input_pkts_total,->3,1-112,unknown,0.0,1.799,0.0
2025-10-15T19:39:02.602000+00:00,router_input_pkts_total,->4,1-112,unknown,0.0,1.799,0.0
2025-10-15T19:39:02.602000+00:00,router_input_pkts_total,->6,1-112,unknown,0.0,1.799,0.0
2025-10-15T19:39:02.602000+00:00,router_input_pkts_total,->7,1-112,unknown,0.0,1.799,0.0
2025-10-15T19:39:02.602000+00:00,router_input_pkts_total,5,1-112,1-113,404.0,1.799,224.5692051139522
2025-10-15T19:39:02.602000+00:00,router_input_pkts_total,internal,1-112,1-112,382.0,1.799,212.3401889938855
2025-10-15T19:39:02.602000+00:00,router_input_pkts_total,physical_local,1-112,local,382.0,1.799,212.3401889938855
2025-10-15T19:39:02.602000+00:00,router_input_pkts_total,physical_remote,1-112,remote,404.0,1.799,224.5692051139522
2025-10-15T19:39:02.602000+00:00,router_output_bytes_total,->1,1-112,unknown,0.0,1.799,0.0
2025-10-15T19:39:02.602000+00:00,router_output_bytes_total,->2,1-112,unknown,0.0,1.799,0.0
2025-10-15T19:39:02.602000+00:00,router_output_bytes_total,->3,1-112,unknown,0.0,1.799,0.0
2025-10-15T19:39:02.602000+00:00,router_output_bytes_total,->4,1-112,unknown,0.0,1.799,0.0
2025-10-15T19:39:02.602000+00:00,router_output_bytes_total,->6,1-112,unknown,0.0,1.799,0.0
2025-10-15T19:39:02.602000+00:00,router_output_bytes_total,->7,1-112,unknown,0.0,1.799,0.0
2025-10-15T19:39:02.602000+00:00,router_output_bytes_total,5,1-112,1-113,255483.0,1.799,142013.89660922735
2025-10-15T19:39:02.602000+00:00,router_output_bytes_total,internal,1-112,1-112,114568.0,1.799,63684.26903835464
2025-10-15T19:39:02.602000+00:00,router_output_bytes_total,physical_local,1-112,local,114568.0,1.799,63684.26903835464
2025-10-15T19:39:02.602000+00:00,router_output_bytes_total,physical_remote,1-112,remote,255483.0,1.799,142013.89660922735
2025-10-15T19:39:02.602000+00:00,router_output_pkts_total,->1,1-112,unknown,0.0,1.799,0.0
2025-10-15T19:39:02.602000+00:00,router_output_pkts_total,->2,1-112,unknown,0.0,1.799,0.0
2025-10-15T19:39:02.602000+00:00,router_output_pkts_total,->3,1-112,unknown,0.0,1.799,0.0
2025-10-15T19:39:02.602000+00:00,router_output_pkts_total,->4,1-112,unknown,0.0,1.799,0.0
2025-10-15T19:39:02.602000+00:00,router_output_pkts_total,->6,1-112,unknown,0.0,1.799,0.0
2025-10-15T19:39:02.602000+00:00,router_output_pkts_total,->7,1-112,unknown,0.0,1.799,0.0
2025-10-15T19:39:02.602000+00:00,router_output_pkts_total,5,1-112,1-113,421.0,1.799,234.01889938854922
2025-10-15T19:39:02.602000+00:00,router_output_pkts_total,internal,1-112,1-112,365.0,1.799,202.8904947192885
2025-10-15T19:39:02.602000+00:00,router_output_pkts_total,physical_local,1-112,local,365.0,1.799,202.8904947192885
2025-10-15T19:39:02.602000+00:00,router_output_pkts_total,physical_remote,1-112,remote,421.0,1.799,234.01889938854922
2025-10-15T19:39:04.374000+00:00,router_dropped_pkts_total,->1,1-112,unknown,0.0,1.772,0.0
2025-10-15T19:39:04.374000+00:00,router_dropped_pkts_total,->2,1-112,unknown,0.0,1.772,0.0
2025-10-15T19:39:04.374000+00:00,router_dropped_pkts_total,->3,1-112,unknown,0.0,1.772,0.0
2025-10-15T19:39:04.374000+00:00,router_dropped_pkts_total,->4,1-112,unknown,0.0,1.772,0.0
2025-10-15T19:39:04.374000+00:00,router_dropped_pkts_total,->6,1-112,unknown,0.0,1.772,0.0
2025-10-15T19:39:04.374000+00:00,router_dropped_pkts_total,->7,1-112,unknown,0.0,1.772,0.0
2025-10-15T19:39:04.374000+00:00,router_dropped_pkts_total,5,1-112,1-113,0.0,1.772,0.0
2025-10-15T19:39:04.374000+00:00,router_dropped_pkts_total,internal,1-112,1-112,0.0,1.772,0.0
2025-10-15T19:39:04.374000+00:00,router_dropped_pkts_total,physical_local,1-112,local,0.0,1.772,0.0
2025-10-15T19:39:04.374000+00:00,router_dropped_pkts_total,physical_remote,1-112,remote,0.0,1.772,0.0
2025-10-15T19:39:04.374000+00:00,router_input_bytes_total,->1,1-112,unknown,0.0,1.772,0.0
2025-10-15T19:39:04.374000+00:00,router_input_bytes_total,->2,1-112,unknown,0.0,1.772,0.0
2025-10-15T19:39:04.374000+00:00,router_input_bytes_total,->3,1-112,unknown,0.0,1.772,0.0
2025-10-15T19:39:04.374000+00:00,router_input_bytes_total,->4,1-112,unknown,0.0,1.772,0.0
2025-10-15T19:39:04.374000+00:00,router_input_bytes_total,->6,1-112,unknown,0.0,1.772,0.0
2025-10-15T19:39:04.374000+00:00,router_input_bytes_total,->7,1-112,unknown,0.0,1.772,0.0
2025-10-15T19:39:04.374000+00:00,router_input_bytes_total,5,1-112,1-113,121048.0,1.772,68311.51241534989
2025-10-15T19:39:04.374000+00:00,router_input_bytes_total,internal,1-112,1-112,251830.0,1.772,142116.25282167044
2025-10-15T19:39:04.374000+00:00,router_input_bytes_total,physical_local,1-112,local,251830.0,1.772,142116.25282167044
2025-10-15T19:39:04.374000+00:00,router_input_bytes_total,physical_remote,1-112,remote,121048.0,1.772,68311.51241534989
2025-10-15T19:39:04.374000+00:00,router_input_pkts_total,->1,1-112,unknown,0.0,1.772,0.0
2025-10-15T19:39:04.374000+00:00,router_input_pkts_total,->2,1-112,unknown,0.0,1.772,0.0
2025-10-15T19:39:04.374000+00:00,router_input_pkts_total,->3,1-112,unknown,0.0,1.772,0.0
2025-10-15T19:39:04.374000+00:00,router_input_pkts_total,->4,1-112,unknown,0.0,1.772,0.0
2025-10-15T19:39:04.374000+00:00,router_input_pkts_total,->6,1-112,unknown,0.0,1.772,0.0
2025-10-15T19:39:04.374000+00:00,router_input_pkts_total,->7,1-112,unknown,0.0,1.772,0.0
2025-10-15T19:39:04.374000+00:00,router_input_pkts_total,5,1-112,1-113,439.0,1.772,247.74266365688487
2025-10-15T19:39:04.374000+00:00,router_input_pkts_total,internal,1-112,1-112,411.0,1.772,231.941309255079
2025-10-15T19:39:04.374000+00:00,router_input_pkts_total,physical_local,1-112,local,411.0,1.772,231.941309255079
2025-10-15T19:39:04.374000+00:00,router_input_pkts_total,physical_remote,1-112,remote,439.0,1.772,247.74266365688487
2025-10-15T19:39:04.374000+00:00,router_output_bytes_total,->1,1-112,unknown,0.0,1.772,0.0
2025-10-15T19:39:04.374000+00:00,router_output_bytes_total,->2,1-112,unknown,0.0,1.772,0.0
2025-10-15T19:39:04.374000+00:00,router_output_bytes_total,->3,1-112,unknown,0.0,1.772,0.0
2025-10-15T19:39:04.374000+00:00,router_output_bytes_total,->4,1-112,unknown,0.0,1.772,0.0
2025-10-15T19:39:04.374000+00:00,router_output_bytes_total,->6,1-112,unknown,0.0,1.772,0.0
2025-10-15T19:39:04.374000+00:00,router_output_bytes_total,->7,1-112,unknown,0.0,1.772,0.0
2025-10-15T19:39:04.374000+00:00,router_output_bytes_total,5,1-112,1-113,258550.0,1.772,145908.57787810382
2025-10-15T19:39:04.374000+00:00,router_output_bytes_total,internal,1-112,1-112,114568.0,1.772,64654.62753950339
2025-10-15T19:39:04.374000+00:00,router_output_bytes_total,physical_local,1-112,local,114568.0,1.772,64654.62753950339
2025-10-15T19:39:04.374000+00:00,router_output_bytes_total,physical_remote,1-112,remote,258550.0,1.772,145908.57787810382
2025-10-15T19:39:04.374000+00:00,router_output_pkts_total,->1,1-112,unknown,0.0,1.772,0.0
2025-10-15T19:39:04.374000+00:00,router_output_pkts_total,->2,1-112,unknown,0.0,1.772,0.0
2025-10-15T19:39:04.374000+00:00,router_output_pkts_total,->3,1-112,unknown,0.0,1.772,0.0
2025-10-15T19:39:04.374000+00:00,router_output_pkts_total,->4,1-112,unknown,0.0,1.772,0.0
2025-10-15T19:39:04.374000+00:00,router_output_pkts_total,->6,1-112,unknown,0.0,1.772,0.0
2025-10-15T19:39:04.374000+00:00,router_output_pkts_total,->7,1-112,unknown,0.0,1.772,0.0
2025-10-15T19:39:04.374000+00:00,router_output_pkts_total,5,1-112,1-113,471.0,1.772,265.80135440180584
2025-10-15T19:39:04.374000+00:00,router_output_pkts_total,internal,1-112,1-112,379.0,1.772,213.882618510158
2025-10-15T19:39:04.374000+00:00,router_output_pkts_total,physical_local,1-112,local,379.0,1.772,213.882618510158
2025-10-15T19:39:04.374000+00:00,router_output_pkts_total,physical_remote,1-112,remote,471.0,1.772,265.80135440180584
2025-10-15T19:39:06.200000+00:00,router_dropped_pkts_total,->1,1-112,unknown,0.0,1.826,0.0
2025-10-15T19:39:06.200000+00:00,router_dropped_pkts_total,->2,1-112,unknown,0.0,1.826,0.0
2025-10-15T19:39:06.200000+00:00,router_dropped_pkts_total,->3,1-112,unknown,0.0,1.826,0.0
2025-10-15T19:39:06.200000+00:00,router_dropped_pkts_total,->4,1-112,unknown,0.0,1.826,0.0
2025-10-15T19:39:06.200000+00:00,router_dropped_pkts_total,->6,1-112,unknown,0.0,1.826,0.0
2025-10-15T19:39:06.200000+00:00,router_dropped_pkts_total,->7,1-112,unknown,0.0,1.826,0.0
2025-10-15T19:39:06.200000+00:00,router_dropped_pkts_total,5,1-112,1-113,0.0,1.826,0.0
2025-10-15T19:39:06.200000+00:00,router_dropped_pkts_total,internal,1-112,1-112,0.0,1.826,0.0
2025-10-15T19:39:06.200000+00:00,router_dropped_pkts_total,physical_local,1-112,local,0.0,1.826,0.0
2025-10-15T19:39:06.200000+00:00,router_dropped_pkts_total,physical_remote,1-112,remote,0.0,1.826,0.0
2025-10-15T19:39:06.200000+00:00,router_input_bytes_total,->1,1-112,unknown,0.0,1.826,0.0
2025-10-15T19:39:06.200000+00:00,router_input_bytes_total,->2,1-112,unknown,0.0,1.826,0.0
2025-10-15T19:39:06.200000+00:00,router_input_bytes_total,->3,1-112,unknown,0.0,1.826,0.0
2025-10-15T19:39:06.200000+00:00,router_input_bytes_total,->4,1-112,unknown,0.0,1.826,0.0
2025-10-15T19:39:06.200000+00:00,router_input_bytes_total,->6,1-112,unknown,0.0,1.826,0.0
2025-10-15T19:39:06.200000+00:00,router_input_bytes_total,->7,1-112,unknown,0.0,1.826,0.0
2025-10-15T19:39:06.200000+00:00,router_input_bytes_total,5,1-112,1-113,122651.0,1.826,67169.22234392114
2025-10-15T19:39:06.200000+00:00,router_input_bytes_total,internal,1-112,1-112,240303.0,1.826,131600.76670317634
2025-10-15T19:39:06.200000+00:00,router_input_bytes_total,physical_local,1-112,local,240303.0,1.826,131600.76670317634
2025-10-15T19:39:06.200000+00:00,router_input_bytes_total,physical_remote,1-112,remote,122651.0,1.826,67169.22234392114
2025-10-15T19:39:06.200000+00:00,router_input_pkts_total,->1,1-112,unknown,0.0,1.826,0.0
2025-10-15T19:39:06.200000+00:00,router_input_pkts_total,->2,1-112,unknown,0.0,1.826,0.0
2025-10-15T19:39:06.200000+00:00,router_input_pkts_total,->3,1-112,unknown,0.0,1.826,0.0
2025-10-15T19:39:06.200000+00:00,router_input_pkts_total,->4,1-112,unknown,0.0,1.826,0.0
2025-10-15T19:39:06.200000+00:00,router_input_pkts_total,->6,1-112,unknown,0.0,1.826,0.0
2025-10-15T19:39:06.200000+00:00,router_input_pkts_total,->7,1-112,unknown,0.0,1.826,0.0
2025-10-15T19:39:06.200000+00:00,router_input_pkts_total,5,1-112,1-113,449.0,1.826,245.89266155531215
2025-10-15T19:39:06.200000+00:00,router_input_pkts_total,internal,1-112,1-112,412.0,1.826,225.62979189485213
2025-10-15T19:39:06.200000+00:00,router_input_pkts_total,physical_local,1-112,local,412.0,1.826,225.62979189485213
2025-10-15T19:39:06.200000+00:00,router_input_pkts_total,physical_remote,1-112,remote,449.0,1.826,245.89266155531215
2025-10-15T19:39:06.200000+00:00,router_output_bytes_total,->1,1-112,unknown,0.0,1.826,0.0
2025-10-15T19:39:06.200000+00:00,router_output_bytes_total,->2,1-112,unknown,0.0,1.826,0.0
2025-10-15T19:39:06.200000+00:00,router_output_bytes_total,->3,1-112,unknown,0.0,1.826,0.0
2025-10-15T19:39:06.200000+00:00,router_output_bytes_total,->4,1-112,unknown,0.0,1.826,0.0
2025-10-15T19:39:06.200000+00:00,router_output_bytes_total,->6,1-112,unknown,0.0,1.826,0.0
2025-10-15T19:39:06.200000+00:00,router_output_bytes_total,->7,1-112,unknown,0.0,1.826,0.0
2025-10-15T19:39:06.200000+00:00,router_output_bytes_total,5,1-112,1-113,247023.0,1.826,135280.94194961665
2025-10-15T19:39:06.200000+00:00,router_output_bytes_total,internal,1-112,1-112,117289.0,1.826,64232.74917853231
2025-10-15T19:39:06.200000+00:00,router_output_bytes_total,physical_local,1-112,local,117289.0,1.826,64232.74917853231
2025-10-15T19:39:06.200000+00:00,router_output_bytes_total,physical_remote,1-112,remote,247023.0,1.826,135280.94194961665
2025-10-15T19:39:06.200000+00:00,router_output_pkts_total,->1,1-112,unknown,0.0,1.826,0.0
2025-10-15T19:39:06.200000+00:00,router_output_pkts_total,->2,1-112,unknown,0.0,1.826,0.0
2025-10-15T19:39:06.200000+00:00,router_output_pkts_total,->3,1-112,unknown,0.0,1.826,0.0
2025-10-15T19:39:06.200000+00:00,router_output_pkts_total,->4,1-112,unknown,0.0,1.826,0.0
2025-10-15T19:39:06.200000+00:00,router_output_pkts_total,->6,1-112,unknown,0.0,1.826,0.0
2025-10-15T19:39:06.200000+00:00,router_output_pkts_total,->7,1-112,unknown,0.0,1.826,0.0
2025-10-15T19:39:06.200000+00:00,router_output_pkts_total,5,1-112,1-113,472.0,1.826,258.48849945235486
2025-10-15T19:39:06.200000+00:00,router_output_pkts_total,internal,1-112,1-112,388.0,1.826,212.48630887185104
2025-10-15T19:39:06.200000+00:00,router_output_pkts_total,physical_local,1-112,local,388.0,1.826,212.48630887185104
2025-10-15T19:39:06.200000+00:00,router_output_pkts_total,physical_remote,1-112,remote,472.0,1.826,258.48849945235486
2025-10-15T19:39:07.757000+00:00,router_dropped_pkts_total,->1,1-112,unknown,0.0,1.557,0.0
2025-10-15T19:39:07.757000+00:00,router_dropped_pkts_total,->2,1-112,unknown,0.0,1.557,0.0
2025-10-15T19:39:07.757000+00:00,router_dropped_pkts_total,->3,1-112,unknown,0.0,1.557,0.0
2025-10-15T19:39:07.757000+00:00,router_dropped_pkts_total,->4,1-112,unknown,0.0,1.557,0.0
2025-10-15T19:39:07.757000+00:00,router_dropped_pkts_total,->6,1-112,unknown,0.0,1.557,0.0
2025-10-15T19:39:07.757000+00:00,router_dropped_pkts_total,->7,1-112,unknown,0.0,1.557,0.0
2025-10-15T19:39:07.757000+00:00,router_dropped_pkts_total,5,1-112,1-113,0.0,1.557,0.0
2025-10-15T19:39:07.757000+00:00,router_dropped_pkts_total,internal,1-112,1-112,0.0,1.557,0.0
2025-10-15T19:39:07.757000+00:00,router_dropped_pkts_total,physical_local,1-112,local,0.0,1.557,0.0
2025-10-15T19:39:07.757000+00:00,router_dropped_pkts_total,physical_remote,1-112,remote,0.0,1.557,0.0
2025-10-15T19:39:07.757000+00:00,router_input_bytes_total,->1,1-112,unknown,0.0,1.557,0.0
2025-10-15T19:39:07.757000+00:00,router_input_bytes_total,->2,1-112,unknown,0.0,1.557,0.0
2025-10-15T19:39:07.757000+00:00,router_input_bytes_total,->3,1-112,unknown,0.0,1.557,0.0
2025-10-15T19:39:07.757000+00:00,router_input_bytes_total,->4,1-112,unknown,0.0,1.557,0.0
2025-10-15T19:39:07.757000+00:00,router_input_bytes_total,->6,1-112,unknown,0.0,1.557,0.0
2025-10-15T19:39:07.757000+00:00,router_input_bytes_total,->7,1-112,unknown,0.0,1.557,0.0
2025-10-15T19:39:07.757000+00:00,router_input_bytes_total,5,1-112,1-113,131189.0,1.557,84257.54656390495
2025-10-15T19:39:07.757000+00:00,router_input_bytes_total,internal,1-112,1-112,277332.0,1.557,178119.4605009634
2025-10-15T19:39:07.757000+00:00,router_input_bytes_total,physical_local,1-112,local,277332.0,1.557,178119.4605009634
2025-10-15T19:39:07.757000+00:00,router_input_bytes_total,physical_remote,1-112,remote,131189.0,1.557,84257.54656390495
2025-10-15T19:39:07.757000+00:00,router_input_pkts_total,->1,1-112,unknown,0.0,1.557,0.0
2025-10-15T19:39:07.757000+00:00,router_input_pkts_total,->2,1-112,unknown,0.0,1.557,0.0
2025-10-15T19:39:07.757000+00:00,router_input_pkts_total,->3,1-112,unknown,0.0,1.557,0.0
2025-10-15T19:39:07.757000+00:00,router_input_pkts_total,->4,1-112,unknown,0.0,1.557,0.0
2025-10-15T19:39:07.757000+00:00,router_input_pkts_total,->6,1-112,unknown,0.0,1.557,0.0
2025-10-15T19:39:07.757000+00:00,router_input_pkts_total,->7,1-112,unknown,0.0,1.557,0.0
2025-10-15T19:39:07.757000+00:00,router_input_pkts_total,5,1-112,1-113,487.0,1.557,312.78098908156716
2025-10-15T19:39:07.757000+00:00,router_input_pkts_total,internal,1-112,1-112,471.0,1.557,302.504816955684
2025-10-15T19:39:07.757000+00:00,router_input_pkts_total,physical_local,1-112,local,471.0,1.557,302.504816955684
2025-10-15T19:39:07.757000+00:00,router_input_pkts_total,physical_remote,1-112,remote,487.0,1.557,312.78098908156716
2025-10-15T19:39:07.757000+00:00,router_output_bytes_total,->1,1-112,unknown,0.0,1.557,0.0
2025-10-15T19:39:07.757000+00:00,router_output_bytes_total,->2,1-112,unknown,0.0,1.557,0.0
2025-10-15T19:39:07.757000+00:00,router_output_bytes_total,->3,1-112,unknown,0.0,1.557,0.0
2025-10-15T19:39:07.757000+00:00,router_output_bytes_total,->4,1-112,unknown,0.0,1.557,0.0
2025-10-15T19:39:07.757000+00:00,router_output_bytes_total,->6,1-112,unknown,0.0,1.557,0.0
2025-10-15T19:39:07.757000+00:00,router_output_bytes_total,->7,1-112,unknown,0.0,1.557,0.0
2025-10-15T19:39:07.757000+00:00,router_output_bytes_total,5,1-112,1-113,283716.0,1.557,182219.65317919076
2025-10-15T19:39:07.757000+00:00,router_output_bytes_total,internal,1-112,1-112,124032.0,1.557,79660.88631984586
2025-10-15T19:39:07.757000+00:00,router_output_bytes_total,physical_local,1-112,local,124032.0,1.557,79660.88631984586
2025-10-15T19:39:07.757000+00:00,router_output_bytes_total,physical_remote,1-112,remote,283716.0,1.557,182219.65317919076
2025-10-15T19:39:07.757000+00:00,router_output_pkts_total,->1,1-112,unknown,0.0,1.557,0.0
2025-10-15T19:39:07.757000+00:00,router_output_pkts_total,->2,1-112,unknown,0.0,1.557,0.0
2025-10-15T19:39:07.757000+00:00,router_output_pkts_total,->3,1-112,unknown,0.0,1.557,0.0
2025-10-15T19:39:07.757000+00:00,router_output_pkts_total,->4,1-112,unknown,0.0,1.557,0.0
2025-10-15T19:39:07.757000+00:00,router_output_pkts_total,->6,1-112,unknown,0.0,1.557,0.0
2025-10-15T19:39:07.757000+00:00,router_output_pkts_total,->7,1-112,unknown,0.0,1.557,0.0
2025-10-15T19:39:07.757000+00:00,router_output_pkts_total,5,1-112,1-113,524.0,1.557,336.5446371226718
2025-10-15T19:39:07.757000+00:00,router_output_pkts_total,internal,1-112,1-112,423.0,1.557,271.67630057803467
2025-10-15T19:39:07.757000+00:00,router_output_pkts_total,physical_local,1-112,local,423.0,1.557,271.67630057803467
2025-10-15T19:39:07.757000+00:00,router_output_pkts_total,physical_remote,1-112,remote,524.0,1.557,336.5446371226718
2025-10-15T19:39:09.595000+00:00,router_dropped_pkts_total,->1,1-112,unknown,0.0,1.838,0.0
2025-10-15T19:39:09.595000+00:00,router_dropped_pkts_total,->2,1-112,unknown,0.0,1.838,0.0
2025-10-15T19:39:09.595000+00:00,router_dropped_pkts_total,->3,1-112,unknown,0.0,1.838,0.0
2025-10-15T19:39:09.595000+00:00,router_dropped_pkts_total,->4,1-112,unknown,0.0,1.838,0.0
2025-10-15T19:39:09.595000+00:00,router_dropped_pkts_total,->6,1-112,unknown,0.0,1.838,0.0
2025-10-15T19:39:09.595000+00:00,router_dropped_pkts_total,->7,1-112,unknown,0.0,1.838,0.0
2025-10-15T19:39:09.595000+00:00,router_dropped_pkts_total,5,1-112,1-113,0.0,1.838,0.0
2025-10-15T19:39:09.595000+00:00,router_dropped_pkts_total,internal,1-112,1-112,0.0,1.838,0.0
2025-10-15T19:39:09.595000+00:00,router_dropped_pkts_total,physical_local,1-112,local,0.0,1.838,0.0
2025-10-15T19:39:09.595000+00:00,router_dropped_pkts_total,physical_remote,1-112,remote,0.0,1.838,0.0
2025-10-15T19:39:09.595000+00:00,router_input_bytes_total,->1,1-112,unknown,0.0,1.838,0.0
2025-10-15T19:39:09.595000+00:00,router_input_bytes_total,->2,1-112,unknown,0.0,1.838,0.0
2025-10-15T19:39:09.595000+00:00,router_input_bytes_total,->3,1-112,unknown,0.0,1.838,0.0
2025-10-15T19:39:09.595000+00:00,router_input_bytes_total,->4,1-112,unknown,0.0,1.838,0.0
2025-10-15T19:39:09.595000+00:00,router_input_bytes_total,->6,1-112,unknown,0.0,1.838,0.0
2025-10-15T19:39:09.595000+00:00,router_input_bytes_total,->7,1-112,unknown,0.0,1.838,0.0
2025-10-15T19:39:09.595000+00:00,router_input_bytes_total,5,1-112,1-113,105847.0,1.838,57588.13928182807
2025-10-15T19:39:09.595000+00:00,router_input_bytes_total,internal,1-112,1-112,225840.0,1.838,122872.68770402612
2025-10-15T19:39:09.595000+00:00,router_input_bytes_total,physical_local,1-112,local,225840.0,1.838,122872.68770402612
2025-10-15T19:39:09.595000+00:00,router_input_bytes_total,physical_remote,1-112,remote,105847.0,1.838,57588.13928182807
2025-10-15T19:39:09.595000+00:00,router_input_pkts_total,->1,1-112,unknown,0.0,1.838,0.0
2025-10-15T19:39:09.595000+00:00,router_input_pkts_total,->2,1-112,unknown,0.0,1.838,0.0
2025-10-15T19:39:09.595000+00:00,router_input_pkts_total,->3,1-112,unknown,0.0,1.838,0.0
2025-10-15T19:39:09.595000+00:00,router_input_pkts_total,->4,1-112,unknown,0.0,1.838,0.0
2025-10-15T19:39:09.595000+00:00,router_input_pkts_total,->6,1-112,unknown,0.0,1.838,0.0
2025-10-15T19:39:09.595000+00:00,router_input_pkts_total,->7,1-112,unknown,0.0,1.838,0.0
2025-10-15T19:39:09.595000+00:00,router_input_pkts_total,5,1-112,1-113,349.0,1.838,189.8803046789989
2025-10-15T19:39:09.595000+00:00,router_input_pkts_total,internal,1-112,1-112,331.0,1.838,180.08705114254624
2025-10-15T19:39:09.595000+00:00,router_input_pkts_total,physical_local,1-112,local,331.0,1.838,180.08705114254624
2025-10-15T19:39:09.595000+00:00,router_input_pkts_total,physical_remote,1-112,remote,349.0,1.838,189.8803046789989
2025-10-15T19:39:09.595000+00:00,router_output_bytes_total,->1,1-112,unknown,0.0,1.838,0.0
2025-10-15T19:39:09.595000+00:00,router_output_bytes_total,->2,1-112,unknown,0.0,1.838,0.0
2025-10-15T19:39:09.595000+00:00,router_output_bytes_total,->3,1-112,unknown,0.0,1.838,0.0
2025-10-15T19:39:09.595000+00:00,router_output_bytes_total,->4,1-112,unknown,0.0,1.838,0.0
2025-10-15T19:39:09.595000+00:00,router_output_bytes_total,->6,1-112,unknown,0.0,1.838,0.0
2025-10-15T19:39:09.595000+00:00,router_output_bytes_total,->7,1-112,unknown,0.0,1.838,0.0
2025-10-15T19:39:09.595000+00:00,router_output_bytes_total,5,1-112,1-113,229536.0,1.838,124883.5690968444
2025-10-15T19:39:09.595000+00:00,router_output_bytes_total,internal,1-112,1-112,102166.0,1.838,55585.4189336235
2025-10-15T19:39:09.595000+00:00,router_output_bytes_total,physical_local,1-112,local,102166.0,1.838,55585.4189336235
2025-10-15T19:39:09.595000+00:00,router_output_bytes_total,physical_remote,1-112,remote,229536.0,1.838,124883.5690968444
2025-10-15T19:39:09.595000+00:00,router_output_pkts_total,->1,1-112,unknown,0.0,1.838,0.0
2025-10-15T19:39:09.595000+00:00,router_output_pkts_total,->2,1-112,unknown,0.0,1.838,0.0
2025-10-15T19:39:09.595000+00:00,router_output_pkts_total,->3,1-112,unknown,0.0,1.838,0.0
2025-10-15T19:39:09.595000+00:00,router_output_pkts_total,->4,1-112,unknown,0.0,1.838,0.0
2025-10-15T19:39:09.595000+00:00,router_output_pkts_total,->6,1-112,unknown,0.0,1.838,0.0
2025-10-15T19:39:09.595000+00:00,router_output_pkts_total,->7,1-112,unknown,0.0,1.838,0.0
2025-10-15T19:39:09.595000+00:00,router_output_pkts_total,5,1-112,1-113,368.0,1.838,200.2176278563656
2025-10-15T19:39:09.595000+00:00,router_output_pkts_total,internal,1-112,1-112,324.0,1.838,176.27856365614798
2025-10-15T19:39:09.595000+00:00,router_output_pkts_total,physical_local,1-112,local,324.0,1.838,176.27856365614798
2025-10-15T19:39:09.595000+00:00,router_output_pkts_total,physical_remote,1-112,remote,368.0,1.838,200.2176278563656
2025-10-15T19:39:11.465000+00:00,router_dropped_pkts_total,->1,1-112,unknown,0.0,1.87,0.0
2025-10-15T19:39:11.465000+00:00,router_dropped_pkts_total,->2,1-112,unknown,0.0,1.87,0.0
2025-10-15T19:39:11.465000+00:00,router_dropped_pkts_total,->3,1-112,unknown,0.0,1.87,0.0
2025-10-15T19:39:11.465000+00:00,router_dropped_pkts_total,->4,1-112,unknown,0.0,1.87,0.0
2025-10-15T19:39:11.465000+00:00,router_dropped_pkts_total,->6,1-112,unknown,0.0,1.87,0.0
2025-10-15T19:39:11.465000+00:00,router_dropped_pkts_total,->7,1-112,unknown,0.0,1.87,0.0
2025-10-15T19:39:11.465000+00:00,router_dropped_pkts_total,5,1-112,1-113,0.0,1.87,0.0
2025-10-15T19:39:11.465000+00:00,router_dropped_pkts_total,internal,1-112,1-112,0.0,1.87,0.0
2025-10-15T19:39:11.465000+00:00,router_dropped_pkts_total,physical_local,1-112,local,0.0,1.87,0.0
2025-10-15T19:39:11.465000+00:00,router_dropped_pkts_total,physical_remote,1-112,remote,0.0,1.87,0.0
2025-10-15T19:39:11.465000+00:00,router_input_bytes_total,->1,1-112,unknown,0.0,1.87,0.0
2025-10-15T19:39:11.465000+00:00,router_input_bytes_total,->2,1-112,unknown,0.0,1.87,0.0
2025-10-15T19:39:11.465000+00:00,router_input_bytes_total,->3,1-112,unknown,0.0,1.87,0.0
2025-10-15T19:39:11.465000+00:00,router_input_bytes_total,->4,1-112,unknown,0.0,1.87,0.0
2025-10-15T19:39:11.465000+00:00,router_input_bytes_total,->6,1-112,unknown,0.0,1.87,0.0
2025-10-15T19:39:11.465000+00:00,router_input_bytes_total,->7,1-112,unknown,0.0,1.87,0.0
2025-10-15T19:39:11.465000+00:00,router_input_bytes_total,5,1-112,1-113,134219.0,1.87,71774.86631016042
2025-10-15T19:39:11.465000+00:00,router_input_bytes_total,internal,1-112,1-112,266930.0,1.87,142743.3155080214
2025-10-15T19:39:11.465000+00:00,router_input_bytes_total,physical_local,1-112,local,266930.0,1.87,142743.3155080214
2025-10-15T19:39:11.465000+00:00,router_input_bytes_total,physical_remote,1-112,remote,134219.0,1.87,71774.86631016042
2025-10-15T19:39:11.465000+00:00,router_input_pkts_total,->1,1-112,unknown,0.0,1.87,0.0
2025-10-15T19:39:11.465000+00:00,router_input_pkts_total,->2,1-112,unknown,0.0,1.87,0.0
2025-10-15T19:39:11.465000+00:00,router_input_pkts_total,->3,1-112,unknown,0.0,1.87,0.0
2025-10-15T19:39:11.465000+00:00,router_input_pkts_total,->4,1-112,unknown,0.0,1.87,0.0
2025-10-15T19:39:11.465000+00:00,router_input_pkts_total,->6,1-112,unknown,0.0,1.87,0.0
2025-10-15T19:39:11.465000+00:00,router_input_pkts_total,->7,1-112,unknown,0.0,1.87,0.0
2025-10-15T19:39:11.465000+00:00,router_input_pkts_total,5,1-112,1-113,487.0,1.87,260.427807486631
2025-10-15T19:39:11.465000+00:00,router_input_pkts_total,internal,1-112,1-112,451.0,1.87,241.17647058823528
2025-10-15T19:39:11.465000+00:00,router_input_pkts_total,physical_local,1-112,local,451.0,1.87,241.17647058823528
2025-10-15T19:39:11.465000+00:00,router_input_pkts_total,physical_remote,1-112,remote,487.0,1.87,260.427807486631
2025-10-15T19:39:11.465000+00:00,router_output_bytes_total,->1,1-112,unknown,0.0,1.87,0.0
2025-10-15T19:39:11.465000+00:00,router_output_bytes_total,->2,1-112,unknown,0.0,1.87,0.0
2025-10-15T19:39:11.465000+00:00,router_output_bytes_total,->3,1-112,unknown,0.0,1.87,0.0
2025-10-15T19:39:11.465000+00:00,router_output_bytes_total,->4,1-112,unknown,0.0,1.87,0.0
2025-10-15T19:39:11.465000+00:00,router_output_bytes_total,->6,1-112,unknown,0.0,1.87,0.0
2025-10-15T19:39:11.465000+00:00,router_output_bytes_total,->7,1-112,unknown,0.0,1.87,0.0
2025-10-15T19:39:11.465000+00:00,router_output_bytes_total,5,1-112,1-113,273650.0,1.87,146336.89839572192
2025-10-15T19:39:11.465000+00:00,router_output_bytes_total,internal,1-112,1-112,127739.0,1.87,68309.6256684492
2025-10-15T19:39:11.465000+00:00,router_output_bytes_total,physical_local,1-112,local,127739.0,1.87,68309.6256684492
2025-10-15T19:39:11.465000+00:00,router_output_bytes_total,physical_remote,1-112,remote,273650.0,1.87,146336.89839572192
2025-10-15T19:39:11.465000+00:00,router_output_pkts_total,->1,1-112,unknown,0.0,1.87,0.0
2025-10-15T19:39:11.465000+00:00,router_output_pkts_total,->2,1-112,unknown,0.0,1.87,0.0
2025-10-15T19:39:11.465000+00:00,router_output_pkts_total,->3,1-112,unknown,0.0,1.87,0.0
2025-10-15T19:39:11.465000+00:00,router_output_pkts_total,->4,1-112,unknown,0.0,1.87,0.0
2025-10-15T19:39:11.465000+00:00,router_output_pkts_total,->6,1-112,unknown,0.0,1.87,0.0
2025-10-15T19:39:11.465000+00:00,router_output_pkts_total,->7,1-112,unknown,0.0,1.87,0.0
2025-10-15T19:39:11.465000+00:00,router_output_pkts_total,5,1-112,1-113,511.0,1.87,273.2620320855615
2025-10-15T19:39:11.465000+00:00,router_output_pkts_total,internal,1-112,1-112,427.0,1.87,228.34224598930479
2025-10-15T19:39:11.465000+00:00,router_output_pkts_total,physical_local,1-112,local,427.0,1.87,228.34224598930479
2025-10-15T19:39:11.465000+00:00,router_output_pkts_total,physical_remote,1-112,remote,511.0,1.87,273.2620320855615
2025-10-15T19:39:13.274000+00:00,router_dropped_pkts_total,->1,1-112,unknown,0.0,1.809,0.0
2025-10-15T19:39:13.274000+00:00,router_dropped_pkts_total,->2,1-112,unknown,0.0,1.809,0.0
2025-10-15T19:39:13.274000+00:00,router_dropped_pkts_total,->3,1-112,unknown,0.0,1.809,0.0
2025-10-15T19:39:13.274000+00:00,router_dropped_pkts_total,->4,1-112,unknown,0.0,1.809,0.0
2025-10-15T19:39:13.274000+00:00,router_dropped_pkts_total,->6,1-112,unknown,0.0,1.809,0.0
2025-10-15T19:39:13.274000+00:00,router_dropped_pkts_total,->7,1-112,unknown,0.0,1.809,0.0
2025-10-15T19:39:13.274000+00:00,router_dropped_pkts_total,5,1-112,1-113,0.0,1.809,0.0
2025-10-15T19:39:13.274000+00:00,router_dropped_pkts_total,internal,1-112,1-112,0.0,1.809,0.0
2025-10-15T19:39:13.274000+00:00,router_dropped_pkts_total,physical_local,1-112,local,0.0,1.809,0.0
2025-10-15T19:39:13.274000+00:00,router_dropped_pkts_total,physical_remote,1-112,remote,0.0,1.809,0.0
2025-10-15T19:39:13.274000+00:00,router_input_bytes_total,->1,1-112,unknown,0.0,1.809,0.0
2025-10-15T19:39:13.274000+00:00,router_input_bytes_total,->2,1-112,unknown,0.0,1.809,0.0
2025-10-15T19:39:13.274000+00:00,router_input_bytes_total,->3,1-112,unknown,0.0,1.809,0.0
2025-10-15T19:39:13.274000+00:00,router_input_bytes_total,->4,1-112,unknown,0.0,1.809,0.0
2025-10-15T19:39:13.274000+00:00,router_input_bytes_total,->6,1-112,unknown,0.0,1.809,0.0
2025-10-15T19:39:13.274000+00:00,router_input_bytes_total,->7,1-112,unknown,0.0,1.809,0.0
2025-10-15T19:39:13.274000+00:00,router_input_bytes_total,5,1-112,1-113,130293.0,1.809,72024.87562189055
2025-10-15T19:39:13.274000+00:00,router_input_bytes_total,internal,1-112,1-112,273228.0,1.809,151038.1426202322
2025-10-15T19:39:13.274000+00:00,router_input_bytes_total,physical_local,1-112,local,273228.0,1.809,151038.1426202322
2025-10-15T19:39:13.274000+00:00,router_input_bytes_total,physical_remote,1-112,remote,130293.0,1.809,72024.87562189055
2025-10-15T19:39:13.274000+00:00,router_input_pkts_total,->1,1-112,unknown,0.0,1.809,0.0
2025-10-15T19:39:13.274000+00:00,router_input_pkts_total,->2,1-112,unknown,0.0,1.809,0.0
2025-10-15T19:39:13.274000+00:00,router_input_pkts_total,->3,1-112,unknown,0.0,1.809,0.0
2025-10-15T19:39:13.274000+00:00,router_input_pkts_total,->4,1-112,unknown,0.0,1.809,0.0
2025-10-15T19:39:13.274000+00:00,router_input_pkts_total,->6,1-112,unknown,0.0,1.809,0.0
2025-10-15T19:39:13.274000+00:00,router_input_pkts_total,->7,1-112,unknown,0.0,1.809,0.0
2025-10-15T19:39:13.274000+00:00,router_input_pkts_total,5,1-112,1-113,489.0,1.809,270.3150912106136
2025-10-15T19:39:13.274000+00:00,router_input_pkts_total,internal,1-112,1-112,462.0,1.809,255.38971807628525
2025-10-15T19:39:13.274000+00:00,router_input_pkts_total,physical_local,1-112,local,462.0,1.809,255.38971807628525
2025-10-15T19:39:13.274000+00:00,router_input_pkts_total,physical_remote,1-112,remote,489.0,1.809,270.3150912106136
2025-10-15T19:39:13.274000+00:00,router_output_bytes_total,->1,1-112,unknown,0.0,1.809,0.0
2025-10-15T19:39:13.274000+00:00,router_output_bytes_total,->2,1-112,unknown,0.0,1.809,0.0
2025-10-15T19:39:13.274000+00:00,router_output_bytes_total,->3,1-112,unknown,0.0,1.809,0.0
2025-10-15T19:39:13.274000+00:00,router_output_bytes_total,->4,1-112,unknown,0.0,1.809,0.0
2025-10-15T19:39:13.274000+00:00,router_output_bytes_total,->6,1-112,unknown,0.0,1.809,0.0
2025-10-15T19:39:13.274000+00:00,router_output_bytes_total,->7,1-112,unknown,0.0,1.809,0.0
2025-10-15T19:39:13.274000+00:00,router_output_bytes_total,5,1-112,1-113,279948.0,1.809,154752.90215588725
2025-10-15T19:39:13.274000+00:00,router_output_bytes_total,internal,1-112,1-112,123813.0,1.809,68442.78606965175
2025-10-15T19:39:13.274000+00:00,router_output_bytes_total,physical_local,1-112,local,123813.0,1.809,68442.78606965175
2025-10-15T19:39:13.274000+00:00,router_output_bytes_total,physical_remote,1-112,remote,279948.0,1.809,154752.90215588725
2025-10-15T19:39:13.274000+00:00,router_output_pkts_total,->1,1-112,unknown,0.0,1.809,0.0
2025-10-15T19:39:13.274000+00:00,router_output_pkts_total,->2,1-112,unknown,0.0,1.809,0.0
2025-10-15T19:39:13.274000+00:00,router_output_pkts_total,->3,1-112,unknown,0.0,1.809,0.0
2025-10-15T19:39:13.274000+00:00,router_output_pkts_total,->4,1-112,unknown,0.0,1.809,0.0
2025-10-15T19:39:13.274000+00:00,router_output_pkts_total,->6,1-112,unknown,0.0,1.809,0.0
2025-10-15T19:39:13.274000+00:00,router_output_pkts_total,->7,1-112,unknown,0.0,1.809,0.0
2025-10-15T19:39:13.274000+00:00,router_output_pkts_total,5,1-112,1-113,522.0,1.809,288.55721393034827
2025-10-15T19:39:13.274000+00:00,router_output_pkts_total,internal,1-112,1-112,429.0,1.809,237.1475953565506
2025-10-15T19:39:13.274000+00:00,router_output_pkts_total,physical_local,1-112,local,429.0,1.809,237.1475953565506
2025-10-15T19:39:13.274000+00:00,router_output_pkts_total,physical_remote,1-112,remote,522.0,1.809,288.55721393034827
2025-10-15T19:39:15.067000+00:00,router_dropped_pkts_total,->1,1-112,unknown,0.0,1.793,0.0
2025-10-15T19:39:15.067000+00:00,router_dropped_pkts_total,->2,1-112,unknown,0.0,1.793,0.0
2025-10-15T19:39:15.067000+00:00,router_dropped_pkts_total,->3,1-112,unknown,0.0,1.793,0.0
2025-10-15T19:39:15.067000+00:00,router_dropped_pkts_total,->4,1-112,unknown,0.0,1.793,0.0
2025-10-15T19:39:15.067000+00:00,router_dropped_pkts_total,->6,1-112,unknown,0.0,1.793,0.0
2025-10-15T19:39:15.067000+00:00,router_dropped_pkts_total,->7,1-112,unknown,0.0,1.793,0.0
2025-10-15T19:39:15.067000+00:00,router_dropped_pkts_total,5,1-112,1-113,0.0,1.793,0.0
2025-10-15T19:39:15.067000+00:00,router_dropped_pkts_total,internal,1-112,1-112,0.0,1.793,0.0
2025-10-15T19:39:15.067000+00:00,router_dropped_pkts_total,physical_local,1-112,local,0.0,1.793,0.0
2025-10-15T19:39:15.067000+00:00,router_dropped_pkts_total,physical_remote,1-112,remote,0.0,1.793,0.0
2025-10-15T19:39:15.067000+00:00,router_input_bytes_total,->1,1-112,unknown,0.0,1.793,0.0
2025-10-15T19:39:15.067000+00:00,router_input_bytes_total,->2,1-112,unknown,0.0,1.793,0.0
2025-10-15T19:39:15.067000+00:00,router_input_bytes_total,->3,1-112,unknown,0.0,1.793,0.0
2025-10-15T19:39:15.067000+00:00,router_input_bytes_total,->4,1-112,unknown,0.0,1.793,0.0
2025-10-15T19:39:15.067000+00:00,router_input_bytes_total,->6,1-112,unknown,0.0,1.793,0.0
2025-10-15T19:39:15.067000+00:00,router_input_bytes_total,->7,1-112,unknown,0.0,1.793,0.0
2025-10-15T19:39:15.067000+00:00,router_input_bytes_total,5,1-112,1-113,140152.0,1.793,78166.20189626324
2025-10-15T19:39:15.067000+00:00,router_input_bytes_total,internal,1-112,1-112,275608.0,1.793,153713.3296151701
2025-10-15T19:39:15.067000+00:00,router_input_bytes_total,physical_local,1-112,local,275608.0,1.793,153713.3296151701
2025-10-15T19:39:15.067000+00:00,router_input_bytes_total,physical_remote,1-112,remote,140152.0,1.793,78166.20189626324
2025-10-15T19:39:15.067000+00:00,router_input_pkts_total,->1,1-112,unknown,0.0,1.793,0.0
2025-10-15T19:39:15.067000+00:00,router_input_pkts_total,->2,1-112,unknown,0.0,1.793,0.0
2025-10-15T19:39:15.067000+00:00,router_input_pkts_total,->3,1-112,unknown,0.0,1.793,0.0
2025-10-15T19:39:15.067000+00:00,router_input_pkts_total,->4,1-112,unknown,0.0,1.793,0.0
2025-10-15T19:39:15.067000+00:00,router_input_pkts_total,->6,1-112,unknown,0.0,1.793,0.0
2025-10-15T19:39:15.067000+00:00,router_input_pkts_total,->7,1-112,unknown,0.0,1.793,0.0
2025-10-15T19:39:15.067000+00:00,router_input_pkts_total,5,1-112,1-113,488.0,1.793,272.16954824316787
2025-10-15T19:39:15.067000+00:00,router_input_pkts_total,internal,1-112,1-112,449.0,1.793,250.41829336307865
2025-10-15T19:39:15.067000+00:00,router_input_pkts_total,physical_local,1-112,local,449.0,1.793,250.41829336307865
2025-10-15T19:39:15.067000+00:00,router_input_pkts_total,physical_remote,1-112,remote,488.0,1.793,272.16954824316787
2025-10-15T19:39:15.067000+00:00,router_output_bytes_total,->1,1-112,unknown,0.0,1.793,0.0
2025-10-15T19:39:15.067000+00:00,router_output_bytes_total,->2,1-112,unknown,0.0,1.793,0.0
2025-10-15T19:39:15.067000+00:00,router_output_bytes_total,->3,1-112,unknown,0.0,1.793,0.0
2025-10-15T19:39:15.067000+00:00,router_output_bytes_total,->4,1-112,unknown,0.0,1.793,0.0
2025-10-15T19:39:15.067000+00:00,router_output_bytes_total,->6,1-112,unknown,0.0,1.793,0.0
2025-10-15T19:39:15.067000+00:00,router_output_bytes_total,->7,1-112,unknown,0.0,1.793,0.0
2025-10-15T19:39:15.067000+00:00,router_output_bytes_total,5,1-112,1-113,282328.0,1.793,157461.23814835472
2025-10-15T19:39:15.067000+00:00,router_output_bytes_total,internal,1-112,1-112,133672.0,1.793,74552.14723926381
2025-10-15T19:39:15.067000+00:00,router_output_bytes_total,physical_local,1-112,local,133672.0,1.793,74552.14723926381
2025-10-15T19:39:15.067000+00:00,router_output_bytes_total,physical_remote,1-112,remote,282328.0,1.793,157461.23814835472
2025-10-15T19:39:15.067000+00:00,router_output_pkts_total,->1,1-112,unknown,0.0,1.793,0.0
2025-10-15T19:39:15.067000+00:00,router_output_pkts_total,->2,1-112,unknown,0.0,1.793,0.0
2025-10-15T19:39:15.067000+00:00,router_output_pkts_total,->3,1-112,unknown,0.0,1.793,0.0
2025-10-15T19:39:15.067000+00:00,router_output_pkts_total,->4,1-112,unknown,0.0,1.793,0.0
2025-10-15T19:39:15.067000+00:00,router_output_pkts_total,->6,1-112,unknown,0.0,1.793,0.0
2025-10-15T19:39:15.067000+00:00,router_output_pkts_total,->7,1-112,unknown,0.0,1.793,0.0
2025-10-15T19:39:15.067000+00:00,router_output_pkts_total,5,1-112,1-113,509.0,1.793,283.8817624093698
2025-10-15T19:39:15.067000+00:00,router_output_pkts_total,internal,1-112,1-112,428.0,1.793,238.70607919687674
2025-10-15T19:39:15.067000+00:00,router_output_pkts_total,physical_local,1-112,local,428.0,1.793,238.70607919687674
2025-10-15T19:39:15.067000+00:00,router_output_pkts_total,physical_remote,1-112,remote,509.0,1.793,283.8817624093698
2025-10-15T19:39:17.111000+00:00,router_dropped_pkts_total,->1,1-112,unknown,0.0,2.044,0.0
2025-10-15T19:39:17.111000+00:00,router_dropped_pkts_total,->2,1-112,unknown,0.0,2.044,0.0
2025-10-15T19:39:17.111000+00:00,router_dropped_pkts_total,->3,1-112,unknown,0.0,2.044,0.0
2025-10-15T19:39:17.111000+00:00,router_dropped_pkts_total,->4,1-112,unknown,0.0,2.044,0.0
2025-10-15T19:39:17.111000+00:00,router_dropped_pkts_total,->6,1-112,unknown,0.0,2.044,0.0
2025-10-15T19:39:17.111000+00:00,router_dropped_pkts_total,->7,1-112,unknown,0.0,2.044,0.0
2025-10-15T19:39:17.111000+00:00,router_dropped_pkts_total,5,1-112,1-113,0.0,2.044,0.0
2025-10-15T19:39:17.111000+00:00,router_dropped_pkts_total,internal,1-112,1-112,0.0,2.044,0.0
2025-10-15T19:39:17.111000+00:00,router_dropped_pkts_total,physical_local,1-112,local,0.0,2.044,0.0
2025-10-15T19:39:17.111000+00:00,router_dropped_pkts_total,physical_remote,1-112,remote,0.0,2.044,0.0
2025-10-15T19:39:17.111000+00:00,router_input_bytes_total,->1,1-112,unknown,0.0,2.044,0.0
2025-10-15T19:39:17.111000+00:00,router_input_bytes_total,->2,1-112,unknown,0.0,2.044,0.0
2025-10-15T19:39:17.111000+00:00,router_input_bytes_total,->3,1-112,unknown,0.0,2.044,0.0
2025-10-15T19:39:17.111000+00:00,router_input_bytes_total,->4,1-112,unknown,0.0,2.044,0.0
2025-10-15T19:39:17.111000+00:00,router_input_bytes_total,->6,1-112,unknown,0.0,2.044,0.0
2025-10-15T19:39:17.111000+00:00,router_input_bytes_total,->7,1-112,unknown,0.0,2.044,0.0
2025-10-15T19:39:17.111000+00:00,router_input_bytes_total,5,1-112,1-113,123052.0,2.044,60201.56555772994
2025-10-15T19:39:17.111000+00:00,router_input_bytes_total,internal,1-112,1-112,257459.0,2.044,125958.41487279843
2025-10-15T19:39:17.111000+00:00,router_input_bytes_total,physical_local,1-112,local,257459.0,2.044,125958.41487279843
2025-10-15T19:39:17.111000+00:00,router_input_bytes_total,physical_remote,1-112,remote,123052.0,2.044,60201.56555772994
2025-10-15T19:39:17.111000+00:00,router_input_pkts_total,->1,1-112,unknown,0.0,2.044,0.0
2025-10-15T19:39:17.111000+00:00,router_input_pkts_total,->2,1-112,unknown,0.0,2.044,0.0
2025-10-15T19:39:17.111000+00:00,router_input_pkts_total,->3,1-112,unknown,0.0,2.044,0.0
2025-10-15T19:39:17.111000+00:00,router_input_pkts_total,->4,1-112,unknown,0.0,2.044,0.0
2025-10-15T19:39:17.111000+00:00,router_input_pkts_total,->6,1-112,unknown,0.0,2.044,0.0
2025-10-15T19:39:17.111000+00:00,router_input_pkts_total,->7,1-112,unknown,0.0,2.044,0.0
2025-10-15T19:39:17.111000+00:00,router_input_pkts_total,5,1-112,1-113,462.0,2.044,226.02739726027397
2025-10-15T19:39:17.111000+00:00,router_input_pkts_total,internal,1-112,1-112,430.0,2.044,210.37181996086105
2025-10-15T19:39:17.111000+00:00,router_input_pkts_total,physical_local,1-112,local,430.0,2.044,210.37181996086105
2025-10-15T19:39:17.111000+00:00,router_input_pkts_total,physical_remote,1-112,remote,462.0,2.044,226.02739726027397
2025-10-15T19:39:17.111000+00:00,router_output_bytes_total,->1,1-112,unknown,0.0,2.044,0.0
2025-10-15T19:39:17.111000+00:00,router_output_bytes_total,->2,1-112,unknown,0.0,2.044,0.0
2025-10-15T19:39:17.111000+00:00,router_output_bytes_total,->3,1-112,unknown,0.0,2.044,0.0
2025-10-15T19:39:17.111000+00:00,router_output_bytes_total,->4,1-112,unknown,0.0,2.044,0.0
2025-10-15T19:39:17.111000+00:00,router_output_bytes_total,->6,1-112,unknown,0.0,2.044,0.0
2025-10-15T19:39:17.111000+00:00,router_output_bytes_total,->7,1-112,unknown,0.0,2.044,0.0
2025-10-15T19:39:17.111000+00:00,router_output_bytes_total,5,1-112,1-113,264179.0,2.044,129246.08610567515
2025-10-15T19:39:17.111000+00:00,router_output_bytes_total,internal,1-112,1-112,116572.0,2.044,57031.31115459882
2025-10-15T19:39:17.111000+00:00,router_output_bytes_total,physical_local,1-112,local,116572.0,2.044,57031.31115459882
2025-10-15T19:39:17.111000+00:00,router_output_bytes_total,physical_remote,1-112,remote,264179.0,2.044,129246.08610567515
2025-10-15T19:39:17.111000+00:00,router_output_pkts_total,->1,1-112,unknown,0.0,2.044,0.0
2025-10-15T19:39:17.111000+00:00,router_output_pkts_total,->2,1-112,unknown,0.0,2.044,0.0
2025-10-15T19:39:17.111000+00:00,router_output_pkts_total,->3,1-112,unknown,0.0,2.044,0.0
2025-10-15T19:39:17.111000+00:00,router_output_pkts_total,->4,1-112,unknown,0.0,2.044,0.0
2025-10-15T19:39:17.111000+00:00,router_output_pkts_total,->6,1-112,unknown,0.0,2.044,0.0
2025-10-15T19:39:17.111000+00:00,router_output_pkts_total,->7,1-112,unknown,0.0,2.044,0.0
2025-10-15T19:39:17.111000+00:00,router_output_pkts_total,5,1-112,1-113,489.0,2.044,239.2367906066536
2025-10-15T19:39:17.111000+00:00,router_output_pkts_total,internal,1-112,1-112,402.0,2.044,196.67318982387476
2025-10-15T19:39:17.111000+00:00,router_output_pkts_total,physical_local,1-112,local,402.0,2.044,196.67318982387476
2025-10-15T19:39:17.111000+00:00,router_output_pkts_total,physical_remote,1-112,remote,489.0,2.044,239.2367906066536
2025-10-15T19:39:18.754000+00:00,router_dropped_pkts_total,->1,1-112,unknown,0.0,1.643,0.0
2025-10-15T19:39:18.754000+00:00,router_dropped_pkts_total,->2,1-112,unknown,0.0,1.643,0.0
2025-10-15T19:39:18.754000+00:00,router_dropped_pkts_total,->3,1-112,unknown,0.0,1.643,0.0
2025-10-15T19:39:18.754000+00:00,router_dropped_pkts_total,->4,1-112,unknown,0.0,1.643,0.0
2025-10-15T19:39:18.754000+00:00,router_dropped_pkts_total,->6,1-112,unknown,0.0,1.643,0.0
2025-10-15T19:39:18.754000+00:00,router_dropped_pkts_total,->7,1-112,unknown,0.0,1.643,0.0
2025-10-15T19:39:18.754000+00:00,router_dropped_pkts_total,5,1-112,1-113,0.0,1.643,0.0
2025-10-15T19:39:18.754000+00:00,router_dropped_pkts_total,internal,1-112,1-112,0.0,1.643,0.0
2025-10-15T19:39:18.754000+00:00,router_dropped_pkts_total,physical_local,1-112,local,0.0,1.643,0.0
2025-10-15T19:39:18.754000+00:00,router_dropped_pkts_total,physical_remote,1-112,remote,0.0,1.643,0.0
2025-10-15T19:39:18.754000+00:00,router_input_bytes_total,->1,1-112,unknown,0.0,1.643,0.0
2025-10-15T19:39:18.754000+00:00,router_input_bytes_total,->2,1-112,unknown,0.0,1.643,0.0
2025-10-15T19:39:18.754000+00:00,router_input_bytes_total,->3,1-112,unknown,0.0,1.643,0.0
2025-10-15T19:39:18.754000+00:00,router_input_bytes_total,->4,1-112,unknown,0.0,1.643,0.0
2025-10-15T19:39:18.754000+00:00,router_input_bytes_total,->6,1-112,unknown,0.0,1.643,0.0
2025-10-15T19:39:18.754000+00:00,router_input_bytes_total,->7,1-112,unknown,0.0,1.643,0.0
2025-10-15T19:39:18.754000+00:00,router_input_bytes_total,5,1-112,1-113,108726.0,1.643,66175.28910529519
2025-10-15T19:39:18.754000+00:00,router_input_bytes_total,internal,1-112,1-112,238010.0,1.643,144863.05538648812
2025-10-15T19:39:18.754000+00:00,router_input_bytes_total,physical_local,1-112,local,238010.0,1.643,144863.05538648812
2025-10-15T19:39:18.754000+00:00,router_input_bytes_total,physical_remote,1-112,remote,108726.0,1.643,66175.28910529519
2025-10-15T19:39:18.754000+00:00,router_input_pkts_total,->1,1-112,unknown,0.0,1.643,0.0
2025-10-15T19:39:18.754000+00:00,router_input_pkts_total,->2,1-112,unknown,0.0,1.643,0.0
2025-10-15T19:39:18.754000+00:00,router_input_pkts_total,->3,1-112,unknown,0.0,1.643,0.0
2025-10-15T19:39:18.754000+00:00,router_input_pkts_total,->4,1-112,unknown,0.0,1.643,0.0
2025-10-15T19:39:18.754000+00:00,router_input_pkts_total,->6,1-112,unknown,0.0,1.643,0.0
2025-10-15T19:39:18.754000+00:00,router_input_pkts_total,->7,1-112,unknown,0.0,1.643,0.0
2025-10-15T19:39:18.754000+00:00,router_input_pkts_total,5,1-112,1-113,372.0,1.643,226.41509433962264
2025-10-15T19:39:18.754000+00:00,router_input_pkts_total,internal,1-112,1-112,364.0,1.643,221.5459525258673
2025-10-15T19:39:18.754000+00:00,router_input_pkts_total,physical_local,1-112,local,364.0,1.643,221.5459525258673
2025-10-15T19:39:18.754000+00:00,router_input_pkts_total,physical_remote,1-112,remote,372.0,1.643,226.41509433962264
2025-10-15T19:39:18.754000+00:00,router_output_bytes_total,->1,1-112,unknown,0.0,1.643,0.0
2025-10-15T19:39:18.754000+00:00,router_output_bytes_total,->2,1-112,unknown,0.0,1.643,0.0
2025-10-15T19:39:18.754000+00:00,router_output_bytes_total,->3,1-112,unknown,0.0,1.643,0.0
2025-10-15T19:39:18.754000+00:00,router_output_bytes_total,->4,1-112,unknown,0.0,1.643,0.0
2025-10-15T19:39:18.754000+00:00,router_output_bytes_total,->6,1-112,unknown,0.0,1.643,0.0
2025-10-15T19:39:18.754000+00:00,router_output_bytes_total,->7,1-112,unknown,0.0,1.643,0.0
2025-10-15T19:39:18.754000+00:00,router_output_bytes_total,5,1-112,1-113,241706.0,1.643,147112.5989044431
2025-10-15T19:39:18.754000+00:00,router_output_bytes_total,internal,1-112,1-112,105162.0,1.643,64006.0864272672
2025-10-15T19:39:18.754000+00:00,router_output_bytes_total,physical_local,1-112,local,105162.0,1.643,64006.0864272672
2025-10-15T19:39:18.754000+00:00,router_output_bytes_total,physical_remote,1-112,remote,241706.0,1.643,147112.5989044431
2025-10-15T19:39:18.754000+00:00,router_output_pkts_total,->1,1-112,unknown,0.0,1.643,0.0
2025-10-15T19:39:18.754000+00:00,router_output_pkts_total,->2,1-112,unknown,0.0,1.643,0.0
2025-10-15T19:39:18.754000+00:00,router_output_pkts_total,->3,1-112,unknown,0.0,1.643,0.0
2025-10-15T19:39:18.754000+00:00,router_output_pkts_total,->4,1-112,unknown,0.0,1.643,0.0
2025-10-15T19:39:18.754000+00:00,router_output_pkts_total,->6,1-112,unknown,0.0,1.643,0.0
2025-10-15T19:39:18.754000+00:00,router_output_pkts_total,->7,1-112,unknown,0.0,1.643,0.0
2025-10-15T19:39:18.754000+00:00,router_output_pkts_total,5,1-112,1-113,398.0,1.643,242.23980523432743
2025-10-15T19:39:18.754000+00:00,router_output_pkts_total,internal,1-112,1-112,339.0,1.643,206.32988435788192
2025-10-15T19:39:18.754000+00:00,router_output_pkts_total,physical_local,1-112,local,339.0,1.643,206.32988435788192
2025-10-15T19:39:18.754000+00:00,router_output_pkts_total,physical_remote,1-112,remote,398.0,1.643,242.23980523432743
2025-10-15T19:39:20.493000+00:00,router_dropped_pkts_total,->1,1-112,unknown,0.0,1.739,0.0
2025-10-15T19:39:20.493000+00:00,router_dropped_pkts_total,->2,1-112,unknown,0.0,1.739,0.0
2025-10-15T19:39:20.493000+00:00,router_dropped_pkts_total,->3,1-112,unknown,0.0,1.739,0.0
2025-10-15T19:39:20.493000+00:00,router_dropped_pkts_total,->4,1-112,unknown,0.0,1.739,0.0
2025-10-15T19:39:20.493000+00:00,router_dropped_pkts_total,->6,1-112,unknown,0.0,1.739,0.0
2025-10-15T19:39:20.493000+00:00,router_dropped_pkts_total,->7,1-112,unknown,0.0,1.739,0.0
2025-10-15T19:39:20.493000+00:00,router_dropped_pkts_total,5,1-112,1-113,0.0,1.739,0.0
2025-10-15T19:39:20.493000+00:00,router_dropped_pkts_total,internal,1-112,1-112,0.0,1.739,0.0
2025-10-15T19:39:20.493000+00:00,router_dropped_pkts_total,physical_local,1-112,local,0.0,1.739,0.0
2025-10-15T19:39:20.493000+00:00,router_dropped_pkts_total,physical_remote,1-112,remote,0.0,1.739,0.0
2025-10-15T19:39:20.493000+00:00,router_input_bytes_total,->1,1-112,unknown,0.0,1.739,0.0
2025-10-15T19:39:20.493000+00:00,router_input_bytes_total,->2,1-112,unknown,0.0,1.739,0.0
2025-10-15T19:39:20.493000+00:00,router_input_bytes_total,->3,1-112,unknown,0.0,1.739,0.0
2025-10-15T19:39:20.493000+00:00,router_input_bytes_total,->4,1-112,unknown,0.0,1.739,0.0
2025-10-15T19:39:20.493000+00:00,router_input_bytes_total,->6,1-112,unknown,0.0,1.739,0.0
2025-10-15T19:39:20.493000+00:00,router_input_bytes_total,->7,1-112,unknown,0.0,1.739,0.0
2025-10-15T19:39:20.493000+00:00,router_input_bytes_total,5,1-112,1-113,121195.0,1.739,69692.35192639448
2025-10-15T19:39:20.493000+00:00,router_input_bytes_total,internal,1-112,1-112,248152.0,1.739,142698.1023576768
2025-10-15T19:39:20.493000+00:00,router_input_bytes_total,physical_local,1-112,local,248152.0,1.739,142698.1023576768
2025-10-15T19:39:20.493000+00:00,router_input_bytes_total,physical_remote,1-112,remote,121195.0,1.739,69692.35192639448
2025-10-15T19:39:20.493000+00:00,router_input_pkts_total,->1,1-112,unknown,0.0,1.739,0.0
2025-10-15T19:39:20.493000+00:00,router_input_pkts_total,->2,1-112,unknown,0.0,1.739,0.0
2025-10-15T19:39:20.493000+00:00,router_input_pkts_total,->3,1-112,unknown,0.0,1.739,0.0
2025-10-15T19:39:20.493000+00:00,router_input_pkts_total,->4,1-112,unknown,0.0,1.739,0.0
2025-10-15T19:39:20.493000+00:00,router_input_pkts_total,->6,1-112,unknown,0.0,1.739,0.0
2025-10-15T19:39:20.493000+00:00,router_input_pkts_total,->7,1-112,unknown,0.0,1.739,0.0
2025-10-15T19:39:20.493000+00:00,router_input_pkts_total,5,1-112,1-113,440.0,1.739,253.01897642323172
2025-10-15T19:39:20.493000+00:00,router_input_pkts_total,internal,1-112,1-112,404.0,1.739,232.31742380678548
2025-10-15T19:39:20.493000+00:00,router_input_pkts_total,physical_local,1-112,local,404.0,1.739,232.31742380678548
2025-10-15T19:39:20.493000+00:00,router_input_pkts_total,physical_remote,1-112,remote,440.0,1.739,253.01897642323172
2025-10-15T19:39:20.493000+00:00,router_output_bytes_total,->1,1-112,unknown,0.0,1.739,0.0
2025-10-15T19:39:20.493000+00:00,router_output_bytes_total,->2,1-112,unknown,0.0,1.739,0.0
2025-10-15T19:39:20.493000+00:00,router_output_bytes_total,->3,1-112,unknown,0.0,1.739,0.0
2025-10-15T19:39:20.493000+00:00,router_output_bytes_total,->4,1-112,unknown,0.0,1.739,0.0
2025-10-15T19:39:20.493000+00:00,router_output_bytes_total,->6,1-112,unknown,0.0,1.739,0.0
2025-10-15T19:39:20.493000+00:00,router_output_bytes_total,->7,1-112,unknown,0.0,1.739,0.0
2025-10-15T19:39:20.493000+00:00,router_output_bytes_total,5,1-112,1-113,254536.0,1.739,146369.17768832663
2025-10-15T19:39:20.493000+00:00,router_output_bytes_total,internal,1-112,1-112,115039.0,1.739,66152.38642898216
2025-10-15T19:39:20.493000+00:00,router_output_bytes_total,physical_local,1-112,local,115039.0,1.739,66152.38642898216
2025-10-15T19:39:20.493000+00:00,router_output_bytes_total,physical_remote,1-112,remote,254536.0,1.739,146369.17768832663
2025-10-15T19:39:20.493000+00:00,router_output_pkts_total,->1,1-112,unknown,0.0,1.739,0.0
2025-10-15T19:39:20.493000+00:00,router_output_pkts_total,->2,1-112,unknown,0.0,1.739,0.0
2025-10-15T19:39:20.493000+00:00,router_output_pkts_total,->3,1-112,unknown,0.0,1.739,0.0
2025-10-15T19:39:20.493000+00:00,router_output_pkts_total,->4,1-112,unknown,0.0,1.739,0.0
2025-10-15T19:39:20.493000+00:00,router_output_pkts_total,->6,1-112,unknown,0.0,1.739,0.0
2025-10-15T19:39:20.493000+00:00,router_output_pkts_total,->7,1-112,unknown,0.0,1.739,0.0
2025-10-15T19:39:20.493000+00:00,router_output_pkts_total,5,1-112,1-113,461.0,1.739,265.0948821161587
2025-10-15T19:39:20.493000+00:00,router_output_pkts_total,internal,1-112,1-112,383.0,1.739,220.24151811385852
2025-10-15T19:39:20.493000+00:00,router_output_pkts_total,physical_local,1-112,local,383.0,1.739,220.24151811385852
2025-10-15T19:39:20.493000+00:00,router_output_pkts_total,physical_remote,1-112,remote,461.0,1.739,265.0948821161587
2025-10-15T19:39:22.291000+00:00,router_dropped_pkts_total,->1,1-112,unknown,0.0,1.798,0.0
2025-10-15T19:39:22.291000+00:00,router_dropped_pkts_total,->2,1-112,unknown,0.0,1.798,0.0
2025-10-15T19:39:22.291000+00:00,router_dropped_pkts_total,->3,1-112,unknown,0.0,1.798,0.0
2025-10-15T19:39:22.291000+00:00,router_dropped_pkts_total,->4,1-112,unknown,0.0,1.798,0.0
2025-10-15T19:39:22.291000+00:00,router_dropped_pkts_total,->6,1-112,unknown,0.0,1.798,0.0
2025-10-15T19:39:22.291000+00:00,router_dropped_pkts_total,->7,1-112,unknown,0.0,1.798,0.0
2025-10-15T19:39:22.291000+00:00,router_dropped_pkts_total,5,1-112,1-113,0.0,1.798,0.0
2025-10-15T19:39:22.291000+00:00,router_dropped_pkts_total,internal,1-112,1-112,0.0,1.798,0.0
2025-10-15T19:39:22.291000+00:00,router_dropped_pkts_total,physical_local,1-112,local,0.0,1.798,0.0
2025-10-15T19:39:22.291000+00:00,router_dropped_pkts_total,physical_remote,1-112,remote,0.0,1.798,0.0
2025-10-15T19:39:22.291000+00:00,router_input_bytes_total,->1,1-112,unknown,0.0,1.798,0.0
2025-10-15T19:39:22.291000+00:00,router_input_bytes_total,->2,1-112,unknown,0.0,1.798,0.0
2025-10-15T19:39:22.291000+00:00,router_input_bytes_total,->3,1-112,unknown,0.0,1.798,0.0
2025-10-15T19:39:22.291000+00:00,router_input_bytes_total,->4,1-112,unknown,0.0,1.798,0.0
2025-10-15T19:39:22.291000+00:00,router_input_bytes_total,->6,1-112,unknown,0.0,1.798,0.0
2025-10-15T19:39:22.291000+00:00,router_input_bytes_total,->7,1-112,unknown,0.0,1.798,0.0
2025-10-15T19:39:22.291000+00:00,router_input_bytes_total,5,1-112,1-113,128042.0,1.798,71213.57063403782
2025-10-15T19:39:22.291000+00:00,router_input_bytes_total,internal,1-112,1-112,250697.0,1.798,139431.0344827586
2025-10-15T19:39:22.291000+00:00,router_input_bytes_total,physical_local,1-112,local,250697.0,1.798,139431.0344827586
2025-10-15T19:39:22.291000+00:00,router_input_bytes_total,physical_remote,1-112,remote,128042.0,1.798,71213.57063403782
2025-10-15T19:39:22.291000+00:00,router_input_pkts_total,->1,1-112,unknown,0.0,1.798,0.0
2025-10-15T19:39:22.291000+00:00,router_input_pkts_total,->2,1-112,unknown,0.0,1.798,0.0
2025-10-15T19:39:22.291000+00:00,router_input_pkts_total,->3,1-112,unknown,0.0,1.798,0.0
2025-10-15T19:39:22.291000+00:00,router_input_pkts_total,->4,1-112,unknown,0.0,1.798,0.0
2025-10-15T19:39:22.291000+00:00,router_input_pkts_total,->6,1-112,unknown,0.0,1.798,0.0
2025-10-15T19:39:22.291000+00:00,router_input_pkts_total,->7,1-112,unknown,0.0,1.798,0.0
2025-10-15T19:39:22.291000+00:00,router_input_pkts_total,5,1-112,1-113,467.0,1.798,259.7330367074527
2025-10-15T19:39:22.291000+00:00,router_input_pkts_total,internal,1-112,1-112,424.0,1.798,235.81757508342602
2025-10-15T19:39:22.291000+00:00,router_input_pkts_total,physical_local,1-112,local,424.0,1.798,235.81757508342602
2025-10-15T19:39:22.291000+00:00,router_input_pkts_total,physical_remote,1-112,remote,467.0,1.798,259.7330367074527
2025-10-15T19:39:22.291000+00:00,router_output_bytes_total,->1,1-112,unknown,0.0,1.798,0.0
2025-10-15T19:39:22.291000+00:00,router_output_bytes_total,->2,1-112,unknown,0.0,1.798,0.0
2025-10-15T19:39:22.291000+00:00,router_output_bytes_total,->3,1-112,unknown,0.0,1.798,0.0
2025-10-15T19:39:22.291000+00:00,router_output_bytes_total,->4,1-112,unknown,0.0,1.798,0.0
2025-10-15T19:39:22.291000+00:00,router_output_bytes_total,->6,1-112,unknown,0.0,1.798,0.0
2025-10-15T19:39:22.291000+00:00,router_output_bytes_total,->7,1-112,unknown,0.0,1.798,0.0
2025-10-15T19:39:22.291000+00:00,router_output_bytes_total,5,1-112,1-113,257417.0,1.798,143168.52057842046
2025-10-15T19:39:22.291000+00:00,router_output_bytes_total,internal,1-112,1-112,121562.0,1.798,67609.56618464961
2025-10-15T19:39:22.291000+00:00,router_output_bytes_total,physical_local,1-112,local,121562.0,1.798,67609.56618464961
2025-10-15T19:39:22.291000+00:00,router_output_bytes_total,physical_remote,1-112,remote,257417.0,1.798,143168.52057842046
2025-10-15T19:39:22.291000+00:00,router_output_pkts_total,->1,1-112,unknown,0.0,1.798,0.0
2025-10-15T19:39:22.291000+00:00,router_output_pkts_total,->2,1-112,unknown,0.0,1.798,0.0
2025-10-15T19:39:22.291000+00:00,router_output_pkts_total,->3,1-112,unknown,0.0,1.798,0.0
2025-10-15T19:39:22.291000+00:00,router_output_pkts_total,->4,1-112,unknown,0.0,1.798,0.0
2025-10-15T19:39:22.291000+00:00,router_output_pkts_total,->6,1-112,unknown,0.0,1.798,0.0
2025-10-15T19:39:22.291000+00:00,router_output_pkts_total,->7,1-112,unknown,0.0,1.798,0.0
2025-10-15T19:39:22.291000+00:00,router_output_pkts_total,5,1-112,1-113,484.0,1.798,269.1879866518354
2025-10-15T19:39:22.291000+00:00,router_output_pkts_total,internal,1-112,1-112,407.0,1.798,226.3626251390434
2025-10-15T19:39:22.291000+00:00,router_output_pkts_total,physical_local,1-112,local,407.0,1.798,226.3626251390434
2025-10-15T19:39:22.291000+00:00,router_output_pkts_total,physical_remote,1-112,remote,484.0,1.798,269.1879866518354
2025-10-15T19:39:24.034000+00:00,router_dropped_pkts_total,->1,1-112,unknown,0.0,1.743,0.0
2025-10-15T19:39:24.034000+00:00,router_dropped_pkts_total,->2,1-112,unknown,0.0,1.743,0.0
2025-10-15T19:39:24.034000+00:00,router_dropped_pkts_total,->3,1-112,unknown,0.0,1.743,0.0
2025-10-15T19:39:24.034000+00:00,router_dropped_pkts_total,->4,1-112,unknown,0.0,1.743,0.0
2025-10-15T19:39:24.034000+00:00,router_dropped_pkts_total,->6,1-112,unknown,0.0,1.743,0.0
2025-10-15T19:39:24.034000+00:00,router_dropped_pkts_total,->7,1-112,unknown,0.0,1.743,0.0
2025-10-15T19:39:24.034000+00:00,router_dropped_pkts_total,5,1-112,1-113,0.0,1.743,0.0
2025-10-15T19:39:24.034000+00:00,router_dropped_pkts_total,internal,1-112,1-112,0.0,1.743,0.0
2025-10-15T19:39:24.034000+00:00,router_dropped_pkts_total,physical_local,1-112,local,0.0,1.743,0.0
2025-10-15T19:39:24.034000+00:00,router_dropped_pkts_total,physical_remote,1-112,remote,0.0,1.743,0.0
2025-10-15T19:39:24.034000+00:00,router_input_bytes_total,->1,1-112,unknown,0.0,1.743,0.0
2025-10-15T19:39:24.034000+00:00,router_input_bytes_total,->2,1-112,unknown,0.0,1.743,0.0
2025-10-15T19:39:24.034000+00:00,router_input_bytes_total,->3,1-112,unknown,0.0,1.743,0.0
2025-10-15T19:39:24.034000+00:00,router_input_bytes_total,->4,1-112,unknown,0.0,1.743,0.0
2025-10-15T19:39:24.034000+00:00,router_input_bytes_total,->6,1-112,unknown,0.0,1.743,0.0
2025-10-15T19:39:24.034000+00:00,router_input_bytes_total,->7,1-112,unknown,0.0,1.743,0.0
2025-10-15T19:39:24.034000+00:00,router_input_bytes_total,5,1-112,1-113,124972.0,1.743,71699.36890418817
2025-10-15T19:39:24.034000+00:00,router_input_bytes_total,internal,1-112,1-112,265008.0,1.743,152041.30808950085
2025-10-15T19:39:24.034000+00:00,router_input_bytes_total,physical_local,1-112,local,265008.0,1.743,152041.30808950085
2025-10-15T19:39:24.034000+00:00,router_input_bytes_total,physical_remote,1-112,remote,124972.0,1.743,71699.36890418817
2025-10-15T19:39:24.034000+00:00,router_input_pkts_total,->1,1-112,unknown,0.0,1.743,0.0
2025-10-15T19:39:24.034000+00:00,router_input_pkts_total,->2,1-112,unknown,0.0,1.743,0.0
2025-10-15T19:39:24.034000+00:00,router_input_pkts_total,->3,1-112,unknown,0.0,1.743,0.0
2025-10-15T19:39:24.034000+00:00,router_input_pkts_total,->4,1-112,unknown,0.0,1.743,0.0
2025-10-15T19:39:24.034000+00:00,router_input_pkts_total,->6,1-112,unknown,0.0,1.743,0.0
2025-10-15T19:39:24.034000+00:00,router_input_pkts_total,->7,1-112,unknown,0.0,1.743,0.0
2025-10-15T19:39:24.034000+00:00,router_input_pkts_total,5,1-112,1-113,469.0,1.743,269.0763052208835
2025-10-15T19:39:24.034000+00:00,router_input_pkts_total,internal,1-112,1-112,443.0,1.743,254.15949512335052
2025-10-15T19:39:24.034000+00:00,router_input_pkts_total,physical_local,1-112,local,443.0,1.743,254.15949512335052
2025-10-15T19:39:24.034000+00:00,router_input_pkts_total,physical_remote,1-112,remote,469.0,1.743,269.0763052208835
2025-10-15T19:39:24.034000+00:00,router_output_bytes_total,->1,1-112,unknown,0.0,1.743,0.0
2025-10-15T19:39:24.034000+00:00,router_output_bytes_total,->2,1-112,unknown,0.0,1.743,0.0
2025-10-15T19:39:24.034000+00:00,router_output_bytes_total,->3,1-112,unknown,0.0,1.743,0.0
2025-10-15T19:39:24.034000+00:00,router_output_bytes_total,->4,1-112,unknown,0.0,1.743,0.0
2025-10-15T19:39:24.034000+00:00,router_output_bytes_total,->6,1-112,unknown,0.0,1.743,0.0
2025-10-15T19:39:24.034000+00:00,router_output_bytes_total,->7,1-112,unknown,0.0,1.743,0.0
2025-10-15T19:39:24.034000+00:00,router_output_bytes_total,5,1-112,1-113,271728.0,1.743,155896.72977624784
2025-10-15T19:39:24.034000+00:00,router_output_bytes_total,internal,1-112,1-112,118492.0,1.743,67981.64084911073
2025-10-15T19:39:24.034000+00:00,router_output_bytes_total,physical_local,1-112,local,118492.0,1.743,67981.64084911073
2025-10-15T19:39:24.034000+00:00,router_output_bytes_total,physical_remote,1-112,remote,271728.0,1.743,155896.72977624784
2025-10-15T19:39:24.034000+00:00,router_output_pkts_total,->1,1-112,unknown,0.0,1.743,0.0
2025-10-15T19:39:24.034000+00:00,router_output_pkts_total,->2,1-112,unknown,0.0,1.743,0.0
2025-10-15T19:39:24.034000+00:00,router_output_pkts_total,->3,1-112,unknown,0.0,1.743,0.0
2025-10-15T19:39:24.034000+00:00,router_output_pkts_total,->4,1-112,unknown,0.0,1.743,0.0
2025-10-15T19:39:24.034000+00:00,router_output_pkts_total,->6,1-112,unknown,0.0,1.743,0.0
2025-10-15T19:39:24.034000+00:00,router_output_pkts_total,->7,1-112,unknown,0.0,1.743,0.0
2025-10-15T19:39:24.034000+00:00,router_output_pkts_total,5,1-112,1-113,503.0,1.743,288.5829030407343
2025-10-15T19:39:24.034000+00:00,router_output_pkts_total,internal,1-112,1-112,409.0,1.743,234.65289730349969
2025-10-15T19:39:24.034000+00:00,router_output_pkts_total,physical_local,1-112,local,409.0,1.743,234.65289730349969
2025-10-15T19:39:24.034000+00:00,router_output_pkts_total,physical_remote,1-112,remote,503.0,1.743,288.5829030407343
2025-10-15T19:39:25.661000+00:00,router_dropped_pkts_total,->1,1-112,unknown,0.0,1.627,0.0
2025-10-15T19:39:25.661000+00:00,router_dropped_pkts_total,->2,1-112,unknown,0.0,1.627,0.0
2025-10-15T19:39:25.661000+00:00,router_dropped_pkts_total,->3,1-112,unknown,0.0,1.627,0.0
2025-10-15T19:39:25.661000+00:00,router_dropped_pkts_total,->4,1-112,unknown,0.0,1.627,0.0
2025-10-15T19:39:25.661000+00:00,router_dropped_pkts_total,->6,1-112,unknown,0.0,1.627,0.0
2025-10-15T19:39:25.661000+00:00,router_dropped_pkts_total,->7,1-112,unknown,0.0,1.627,0.0
2025-10-15T19:39:25.661000+00:00,router_dropped_pkts_total,5,1-112,1-113,0.0,1.627,0.0
2025-10-15T19:39:25.661000+00:00,router_dropped_pkts_total,internal,1-112,1-112,0.0,1.627,0.0
2025-10-15T19:39:25.661000+00:00,router_dropped_pkts_total,physical_local,1-112,local,0.0,1.627,0.0
2025-10-15T19:39:25.661000+00:00,router_dropped_pkts_total,physical_remote,1-112,remote,0.0,1.627,0.0
2025-10-15T19:39:25.661000+00:00,router_input_bytes_total,->1,1-112,unknown,0.0,1.627,0.0
2025-10-15T19:39:25.661000+00:00,router_input_bytes_total,->2,1-112,unknown,0.0,1.627,0.0
2025-10-15T19:39:25.661000+00:00,router_input_bytes_total,->3,1-112,unknown,0.0,1.627,0.0
2025-10-15T19:39:25.661000+00:00,router_input_bytes_total,->4,1-112,unknown,0.0,1.627,0.0
2025-10-15T19:39:25.661000+00:00,router_input_bytes_total,->6,1-112,unknown,0.0,1.627,0.0
2025-10-15T19:39:25.661000+00:00,router_input_bytes_total,->7,1-112,unknown,0.0,1.627,0.0
2025-10-15T19:39:25.661000+00:00,router_input_bytes_total,5,1-112,1-113,129804.0,1.627,79781.19237861094
2025-10-15T19:39:25.661000+00:00,router_input_bytes_total,internal,1-112,1-112,272513.0,1.627,167494.1610325753
2025-10-15T19:39:25.661000+00:00,router_input_bytes_total,physical_local,1-112,local,272513.0,1.627,167494.1610325753
2025-10-15T19:39:25.661000+00:00,router_input_bytes_total,physical_remote,1-112,remote,129804.0,1.627,79781.19237861094
2025-10-15T19:39:25.661000+00:00,router_input_pkts_total,->1,1-112,unknown,0.0,1.627,0.0
2025-10-15T19:39:25.661000+00:00,router_input_pkts_total,->2,1-112,unknown,0.0,1.627,0.0
2025-10-15T19:39:25.661000+00:00,router_input_pkts_total,->3,1-112,unknown,0.0,1.627,0.0
2025-10-15T19:39:25.661000+00:00,router_input_pkts_total,->4,1-112,unknown,0.0,1.627,0.0
2025-10-15T19:39:25.661000+00:00,router_input_pkts_total,->6,1-112,unknown,0.0,1.627,0.0
2025-10-15T19:39:25.661000+00:00,router_input_pkts_total,->7,1-112,unknown,0.0,1.627,0.0
2025-10-15T19:39:25.661000+00:00,router_input_pkts_total,5,1-112,1-113,462.0,1.627,283.9582052858021
2025-10-15T19:39:25.661000+00:00,router_input_pkts_total,internal,1-112,1-112,441.0,1.627,271.05101413644746
2025-10-15T19:39:25.661000+00:00,router_input_pkts_total,physical_local,1-112,local,441.0,1.627,271.05101413644746
2025-10-15T19:39:25.661000+00:00,router_input_pkts_total,physical_remote,1-112,remote,462.0,1.627,283.9582052858021
2025-10-15T19:39:25.661000+00:00,router_output_bytes_total,->1,1-112,unknown,0.0,1.627,0.0
2025-10-15T19:39:25.661000+00:00,router_output_bytes_total,->2,1-112,unknown,0.0,1.627,0.0
2025-10-15T19:39:25.661000+00:00,router_output_bytes_total,->3,1-112,unknown,0.0,1.627,0.0
2025-10-15T19:39:25.661000+00:00,router_output_bytes_total,->4,1-112,unknown,0.0,1.627,0.0
2025-10-15T19:39:25.661000+00:00,router_output_bytes_total,->6,1-112,unknown,0.0,1.627,0.0
2025-10-15T19:39:25.661000+00:00,router_output_bytes_total,->7,1-112,unknown,0.0,1.627,0.0
2025-10-15T19:39:25.661000+00:00,router_output_bytes_total,5,1-112,1-113,278897.0,1.627,171417.9471419791
2025-10-15T19:39:25.661000+00:00,router_output_bytes_total,internal,1-112,1-112,123648.0,1.627,75997.54148740013
2025-10-15T19:39:25.661000+00:00,router_output_bytes_total,physical_local,1-112,local,123648.0,1.627,75997.54148740013
2025-10-15T19:39:25.661000+00:00,router_output_bytes_total,physical_remote,1-112,remote,278897.0,1.627,171417.9471419791
2025-10-15T19:39:25.661000+00:00,router_output_pkts_total,->1,1-112,unknown,0.0,1.627,0.0
2025-10-15T19:39:25.661000+00:00,router_output_pkts_total,->2,1-112,unknown,0.0,1.627,0.0
2025-10-15T19:39:25.661000+00:00,router_output_pkts_total,->3,1-112,unknown,0.0,1.627,0.0
2025-10-15T19:39:25.661000+00:00,router_output_pkts_total,->4,1-112,unknown,0.0,1.627,0.0
2025-10-15T19:39:25.661000+00:00,router_output_pkts_total,->6,1-112,unknown,0.0,1.627,0.0
2025-10-15T19:39:25.661000+00:00,router_output_pkts_total,->7,1-112,unknown,0.0,1.627,0.0
2025-10-15T19:39:25.661000+00:00,router_output_pkts_total,5,1-112,1-113,498.0,1.627,306.08481868469573
2025-10-15T19:39:25.661000+00:00,router_output_pkts_total,internal,1-112,1-112,405.0,1.627,248.92440073755378
2025-10-15T19:39:25.661000+00:00,router_output_pkts_total,physical_local,1-112,local,405.0,1.627,248.92440073755378
2025-10-15T19:39:25.661000+00:00,router_output_pkts_total,physical_remote,1-112,remote,498.0,1.627,306.08481868469573
2025-10-15T19:39:27.612000+00:00,router_dropped_pkts_total,->1,1-112,unknown,0.0,1.951,0.0
2025-10-15T19:39:27.612000+00:00,router_dropped_pkts_total,->2,1-112,unknown,0.0,1.951,0.0
2025-10-15T19:39:27.612000+00:00,router_dropped_pkts_total,->3,1-112,unknown,0.0,1.951,0.0
2025-10-15T19:39:27.612000+00:00,router_dropped_pkts_total,->4,1-112,unknown,0.0,1.951,0.0
2025-10-15T19:39:27.612000+00:00,router_dropped_pkts_total,->6,1-112,unknown,0.0,1.951,0.0
2025-10-15T19:39:27.612000+00:00,router_dropped_pkts_total,->7,1-112,unknown,0.0,1.951,0.0
2025-10-15T19:39:27.612000+00:00,router_dropped_pkts_total,5,1-112,1-113,0.0,1.951,0.0
2025-10-15T19:39:27.612000+00:00,router_dropped_pkts_total,internal,1-112,1-112,0.0,1.951,0.0
2025-10-15T19:39:27.612000+00:00,router_dropped_pkts_total,physical_local,1-112,local,0.0,1.951,0.0
2025-10-15T19:39:27.612000+00:00,router_dropped_pkts_total,physical_remote,1-112,remote,0.0,1.951,0.0
2025-10-15T19:39:27.612000+00:00,router_input_bytes_total,->1,1-112,unknown,0.0,1.951,0.0
2025-10-15T19:39:27.612000+00:00,router_input_bytes_total,->2,1-112,unknown,0.0,1.951,0.0
2025-10-15T19:39:27.612000+00:00,router_input_bytes_total,->3,1-112,unknown,0.0,1.951,0.0
2025-10-15T19:39:27.612000+00:00,router_input_bytes_total,->4,1-112,unknown,0.0,1.951,0.0
2025-10-15T19:39:27.612000+00:00,router_input_bytes_total,->6,1-112,unknown,0.0,1.951,0.0
2025-10-15T19:39:27.612000+00:00,router_input_bytes_total,->7,1-112,unknown,0.0,1.951,0.0
2025-10-15T19:39:27.612000+00:00,router_input_bytes_total,5,1-112,1-113,130584.0,1.951,66931.82983085598
2025-10-15T19:39:27.612000+00:00,router_input_bytes_total,internal,1-112,1-112,262192.0,1.951,134388.51870835468
2025-10-15T19:39:27.612000+00:00,router_input_bytes_total,physical_local,1-112,local,262192.0,1.951,134388.51870835468
2025-10-15T19:39:27.612000+00:00,router_input_bytes_total,physical_remote,1-112,remote,130584.0,1.951,66931.82983085598
2025-10-15T19:39:27.612000+00:00,router_input_pkts_total,->1,1-112,unknown,0.0,1.951,0.0
2025-10-15T19:39:27.612000+00:00,router_input_pkts_total,->2,1-112,unknown,0.0,1.951,0.0
2025-10-15T19:39:27.612000+00:00,router_input_pkts_total,->3,1-112,unknown,0.0,1.951,0.0
2025-10-15T19:39:27.612000+00:00,router_input_pkts_total,->4,1-112,unknown,0.0,1.951,0.0
2025-10-15T19:39:27.612000+00:00,router_input_pkts_total,->6,1-112,unknown,0.0,1.951,0.0
2025-10-15T19:39:27.612000+00:00,router_input_pkts_total,->7,1-112,unknown,0.0,1.951,0.0
2025-10-15T19:39:27.612000+00:00,router_input_pkts_total,5,1-112,1-113,452.0,1.951,231.67606355715017
2025-10-15T19:39:27.612000+00:00,router_input_pkts_total,internal,1-112,1-112,422.0,1.951,216.29933367503844
2025-10-15T19:39:27.612000+00:00,router_input_pkts_total,physical_local,1-112,local,422.0,1.951,216.29933367503844
2025-10-15T19:39:27.612000+00:00,router_input_pkts_total,physical_remote,1-112,remote,452.0,1.951,231.67606355715017
2025-10-15T19:39:27.612000+00:00,router_output_bytes_total,->1,1-112,unknown,0.0,1.951,0.0
2025-10-15T19:39:27.612000+00:00,router_output_bytes_total,->2,1-112,unknown,0.0,1.951,0.0
2025-10-15T19:39:27.612000+00:00,router_output_bytes_total,->3,1-112,unknown,0.0,1.951,0.0
2025-10-15T19:39:27.612000+00:00,router_output_bytes_total,->4,1-112,unknown,0.0,1.951,0.0
2025-10-15T19:39:27.612000+00:00,router_output_bytes_total,->6,1-112,unknown,0.0,1.951,0.0
2025-10-15T19:39:27.612000+00:00,router_output_bytes_total,->7,1-112,unknown,0.0,1.951,0.0
2025-10-15T19:39:27.612000+00:00,router_output_bytes_total,5,1-112,1-113,266026.0,1.951,136353.66478728855
2025-10-15T19:39:27.612000+00:00,router_output_bytes_total,internal,1-112,1-112,125184.0,1.951,64164.018452075856
2025-10-15T19:39:27.612000+00:00,router_output_bytes_total,physical_local,1-112,local,125184.0,1.951,64164.018452075856
2025-10-15T19:39:27.612000+00:00,router_output_bytes_total,physical_remote,1-112,remote,266026.0,1.951,136353.66478728855
2025-10-15T19:39:27.612000+00:00,router_output_pkts_total,->1,1-112,unknown,0.0,1.951,0.0
2025-10-15T19:39:27.612000+00:00,router_output_pkts_total,->2,1-112,unknown,0.0,1.951,0.0
2025-10-15T19:39:27.612000+00:00,router_output_pkts_total,->3,1-112,unknown,0.0,1.951,0.0
2025-10-15T19:39:27.612000+00:00,router_output_pkts_total,->4,1-112,unknown,0.0,1.951,0.0
2025-10-15T19:39:27.612000+00:00,router_output_pkts_total,->6,1-112,unknown,0.0,1.951,0.0
2025-10-15T19:39:27.612000+00:00,router_output_pkts_total,->7,1-112,unknown,0.0,1.951,0.0
2025-10-15T19:39:27.612000+00:00,router_output_pkts_total,5,1-112,1-113,471.0,1.951,241.41465914915426
2025-10-15T19:39:27.612000+00:00,router_output_pkts_total,internal,1-112,1-112,405.0,1.951,207.58585340850846
2025-10-15T19:39:27.612000+00:00,router_output_pkts_total,physical_local,1-112,local,405.0,1.951,207.58585340850846
2025-10-15T19:39:27.612000+00:00,router_output_pkts_total,physical_remote,1-112,remote,471.0,1.951,241.41465914915426
2025-10-15T19:39:29.556000+00:00,router_dropped_pkts_total,->1,1-112,unknown,0.0,1.944,0.0
2025-10-15T19:39:29.556000+00:00,router_dropped_pkts_total,->2,1-112,unknown,0.0,1.944,0.0
2025-10-15T19:39:29.556000+00:00,router_dropped_pkts_total,->3,1-112,unknown,0.0,1.944,0.0
2025-10-15T19:39:29.556000+00:00,router_dropped_pkts_total,->4,1-112,unknown,0.0,1.944,0.0
2025-10-15T19:39:29.556000+00:00,router_dropped_pkts_total,->6,1-112,unknown,0.0,1.944,0.0
2025-10-15T19:39:29.556000+00:00,router_dropped_pkts_total,->7,1-112,unknown,0.0,1.944,0.0
2025-10-15T19:39:29.556000+00:00,router_dropped_pkts_total,5,1-112,1-113,0.0,1.944,0.0
2025-10-15T19:39:29.556000+00:00,router_dropped_pkts_total,internal,1-112,1-112,0.0,1.944,0.0
2025-10-15T19:39:29.556000+00:00,router_dropped_pkts_total,physical_local,1-112,local,0.0,1.944,0.0
2025-10-15T19:39:29.556000+00:00,router_dropped_pkts_total,physical_remote,1-112,remote,0.0,1.944,0.0
2025-10-15T19:39:29.556000+00:00,router_input_bytes_total,->1,1-112,unknown,0.0,1.944,0.0
2025-10-15T19:39:29.556000+00:00,router_input_bytes_total,->2,1-112,unknown,0.0,1.944,0.0
2025-10-15T19:39:29.556000+00:00,router_input_bytes_total,->3,1-112,unknown,0.0,1.944,0.0
2025-10-15T19:39:29.556000+00:00,router_input_bytes_total,->4,1-112,unknown,0.0,1.944,0.0
2025-10-15T19:39:29.556000+00:00,router_input_bytes_total,->6,1-112,unknown,0.0,1.944,0.0
2025-10-15T19:39:29.556000+00:00,router_input_bytes_total,->7,1-112,unknown,0.0,1.944,0.0
2025-10-15T19:39:29.556000+00:00,router_input_bytes_total,5,1-112,1-113,114234.0,1.944,58762.345679012345
2025-10-15T19:39:29.556000+00:00,router_input_bytes_total,internal,1-112,1-112,243880.0,1.944,125452.67489711934
2025-10-15T19:39:29.556000+00:00,router_input_bytes_total,physical_local,1-112,local,243880.0,1.944,125452.67489711934
2025-10-15T19:39:29.556000+00:00,router_input_bytes_total,physical_remote,1-112,remote,114234.0,1.944,58762.345679012345
2025-10-15T19:39:29.556000+00:00,router_input_pkts_total,->1,1-112,unknown,0.0,1.944,0.0
2025-10-15T19:39:29.556000+00:00,router_input_pkts_total,->2,1-112,unknown,0.0,1.944,0.0
2025-10-15T19:39:29.556000+00:00,router_input_pkts_total,->3,1-112,unknown,0.0,1.944,0.0
2025-10-15T19:39:29.556000+00:00,router_input_pkts_total,->4,1-112,unknown,0.0,1.944,0.0
2025-10-15T19:39:29.556000+00:00,router_input_pkts_total,->6,1-112,unknown,0.0,1.944,0.0
2025-10-15T19:39:29.556000+00:00,router_input_pkts_total,->7,1-112,unknown,0.0,1.944,0.0
2025-10-15T19:39:29.556000+00:00,router_input_pkts_total,5,1-112,1-113,422.0,1.944,217.07818930041154
2025-10-15T19:39:29.556000+00:00,router_input_pkts_total,internal,1-112,1-112,412.0,1.944,211.93415637860082
2025-10-15T19:39:29.556000+00:00,router_input_pkts_total,physical_local,1-112,local,412.0,1.944,211.93415637860082
2025-10-15T19:39:29.556000+00:00,router_input_pkts_total,physical_remote,1-112,remote,422.0,1.944,217.07818930041154
2025-10-15T19:39:29.556000+00:00,router_output_bytes_total,->1,1-112,unknown,0.0,1.944,0.0
2025-10-15T19:39:29.556000+00:00,router_output_bytes_total,->2,1-112,unknown,0.0,1.944,0.0
2025-10-15T19:39:29.556000+00:00,router_output_bytes_total,->3,1-112,unknown,0.0,1.944,0.0
2025-10-15T19:39:29.556000+00:00,router_output_bytes_total,->4,1-112,unknown,0.0,1.944,0.0
2025-10-15T19:39:29.556000+00:00,router_output_bytes_total,->6,1-112,unknown,0.0,1.944,0.0
2025-10-15T19:39:29.556000+00:00,router_output_bytes_total,->7,1-112,unknown,0.0,1.944,0.0
2025-10-15T19:39:29.556000+00:00,router_output_bytes_total,5,1-112,1-113,250462.0,1.944,128838.47736625515
2025-10-15T19:39:29.556000+00:00,router_output_bytes_total,internal,1-112,1-112,109590.0,1.944,56373.456790123455
2025-10-15T19:39:29.556000+00:00,router_output_bytes_total,physical_local,1-112,local,109590.0,1.944,56373.456790123455
2025-10-15T19:39:29.556000+00:00,router_output_bytes_total,physical_remote,1-112,remote,250462.0,1.944,128838.47736625515
2025-10-15T19:39:29.556000+00:00,router_output_pkts_total,->1,1-112,unknown,0.0,1.944,0.0
2025-10-15T19:39:29.556000+00:00,router_output_pkts_total,->2,1-112,unknown,0.0,1.944,0.0
2025-10-15T19:39:29.556000+00:00,router_output_pkts_total,->3,1-112,unknown,0.0,1.944,0.0
2025-10-15T19:39:29.556000+00:00,router_output_pkts_total,->4,1-112,unknown,0.0,1.944,0.0
2025-10-15T19:39:29.556000+00:00,router_output_pkts_total,->6,1-112,unknown,0.0,1.944,0.0
2025-10-15T19:39:29.556000+00:00,router_output_pkts_total,->7,1-112,unknown,0.0,1.944,0.0
2025-10-15T19:39:29.556000+00:00,router_output_pkts_total,5,1-112,1-113,456.0,1.944,234.5679012345679
2025-10-15T19:39:29.556000+00:00,router_output_pkts_total,internal,1-112,1-112,376.0,1.944,193.4156378600823
2025-10-15T19:39:29.556000+00:00,router_output_pkts_total,physical_local,1-112,local,376.0,1.944,193.4156378600823
2025-10-15T19:39:29.556000+00:00,router_output_pkts_total,physical_remote,1-112,remote,456.0,1.944,234.5679012345679
2025-10-15T19:39:31.284000+00:00,router_dropped_pkts_total,->1,1-112,unknown,0.0,1.728,0.0
2025-10-15T19:39:31.284000+00:00,router_dropped_pkts_total,->2,1-112,unknown,0.0,1.728,0.0
2025-10-15T19:39:31.284000+00:00,router_dropped_pkts_total,->3,1-112,unknown,0.0,1.728,0.0
2025-10-15T19:39:31.284000+00:00,router_dropped_pkts_total,->4,1-112,unknown,0.0,1.728,0.0
2025-10-15T19:39:31.284000+00:00,router_dropped_pkts_total,->6,1-112,unknown,0.0,1.728,0.0
2025-10-15T19:39:31.284000+00:00,router_dropped_pkts_total,->7,1-112,unknown,0.0,1.728,0.0
2025-10-15T19:39:31.284000+00:00,router_dropped_pkts_total,5,1-112,1-113,0.0,1.728,0.0
2025-10-15T19:39:31.284000+00:00,router_dropped_pkts_total,internal,1-112,1-112,0.0,1.728,0.0
2025-10-15T19:39:31.284000+00:00,router_dropped_pkts_total,physical_local,1-112,local,0.0,1.728,0.0
2025-10-15T19:39:31.284000+00:00,router_dropped_pkts_total,physical_remote,1-112,remote,0.0,1.728,0.0
2025-10-15T19:39:31.284000+00:00,router_input_bytes_total,->1,1-112,unknown,0.0,1.728,0.0
2025-10-15T19:39:31.284000+00:00,router_input_bytes_total,->2,1-112,unknown,0.0,1.728,0.0
2025-10-15T19:39:31.284000+00:00,router_input_bytes_total,->3,1-112,unknown,0.0,1.728,0.0
2025-10-15T19:39:31.284000+00:00,router_input_bytes_total,->4,1-112,unknown,0.0,1.728,0.0
2025-10-15T19:39:31.284000+00:00,router_input_bytes_total,->6,1-112,unknown,0.0,1.728,0.0
2025-10-15T19:39:31.284000+00:00,router_input_bytes_total,->7,1-112,unknown,0.0,1.728,0.0
2025-10-15T19:39:31.284000+00:00,router_input_bytes_total,5,1-112,1-113,135068.0,1.728,78164.35185185185
2025-10-15T19:39:31.284000+00:00,router_input_bytes_total,internal,1-112,1-112,260403.0,1.728,150696.18055555556
2025-10-15T19:39:31.284000+00:00,router_input_bytes_total,physical_local,1-112,local,260403.0,1.728,150696.18055555556
2025-10-15T19:39:31.284000+00:00,router_input_bytes_total,physical_remote,1-112,remote,135068.0,1.728,78164.35185185185
2025-10-15T19:39:31.284000+00:00,router_input_pkts_total,->1,1-112,unknown,0.0,1.728,0.0
2025-10-15T19:39:31.284000+00:00,router_input_pkts_total,->2,1-112,unknown,0.0,1.728,0.0
2025-10-15T19:39:31.284000+00:00,router_input_pkts_total,->3,1-112,unknown,0.0,1.728,0.0
2025-10-15T19:39:31.284000+00:00,router_input_pkts_total,->4,1-112,unknown,0.0,1.728,0.0
2025-10-15T19:39:31.284000+00:00,router_input_pkts_total,->6,1-112,unknown,0.0,1.728,0.0
2025-10-15T19:39:31.284000+00:00,router_input_pkts_total,->7,1-112,unknown,0.0,1.728,0.0
2025-10-15T19:39:31.284000+00:00,router_input_pkts_total,5,1-112,1-113,480.0,1.728,277.77777777777777
2025-10-15T19:39:31.284000+00:00,router_input_pkts_total,internal,1-112,1-112,443.0,1.728,256.36574074074076
2025-10-15T19:39:31.284000+00:00,router_input_pkts_total,physical_local,1-112,local,443.0,1.728,256.36574074074076
2025-10-15T19:39:31.284000+00:00,router_input_pkts_total,physical_remote,1-112,remote,480.0,1.728,277.77777777777777
2025-10-15T19:39:31.284000+00:00,router_output_bytes_total,->1,1-112,unknown,0.0,1.728,0.0
2025-10-15T19:39:31.284000+00:00,router_output_bytes_total,->2,1-112,unknown,0.0,1.728,0.0
2025-10-15T19:39:31.284000+00:00,router_output_bytes_total,->3,1-112,unknown,0.0,1.728,0.0
2025-10-15T19:39:31.284000+00:00,router_output_bytes_total,->4,1-112,unknown,0.0,1.728,0.0
2025-10-15T19:39:31.284000+00:00,router_output_bytes_total,->6,1-112,unknown,0.0,1.728,0.0
2025-10-15T19:39:31.284000+00:00,router_output_bytes_total,->7,1-112,unknown,0.0,1.728,0.0
2025-10-15T19:39:31.284000+00:00,router_output_bytes_total,5,1-112,1-113,267123.0,1.728,154585.06944444444
2025-10-15T19:39:31.284000+00:00,router_output_bytes_total,internal,1-112,1-112,128588.0,1.728,74414.35185185185
2025-10-15T19:39:31.284000+00:00,router_output_bytes_total,physical_local,1-112,local,128588.0,1.728,74414.35185185185
2025-10-15T19:39:31.284000+00:00,router_output_bytes_total,physical_remote,1-112,remote,267123.0,1.728,154585.06944444444
2025-10-15T19:39:31.284000+00:00,router_output_pkts_total,->1,1-112,unknown,0.0,1.728,0.0
2025-10-15T19:39:31.284000+00:00,router_output_pkts_total,->2,1-112,unknown,0.0,1.728,0.0
2025-10-15T19:39:31.284000+00:00,router_output_pkts_total,->3,1-112,unknown,0.0,1.728,0.0
2025-10-15T19:39:31.284000+00:00,router_output_pkts_total,->4,1-112,unknown,0.0,1.728,0.0
2025-10-15T19:39:31.284000+00:00,router_output_pkts_total,->6,1-112,unknown,0.0,1.728,0.0
2025-10-15T19:39:31.284000+00:00,router_output_pkts_total,->7,1-112,unknown,0.0,1.728,0.0
2025-10-15T19:39:31.284000+00:00,router_output_pkts_total,5,1-112,1-113,500.0,1.728,289.35185185185185
2025-10-15T19:39:31.284000+00:00,router_output_pkts_total,internal,1-112,1-112,419.0,1.728,242.47685185185185
2025-10-15T19:39:31.284000+00:00,router_output_pkts_total,physical_local,1-112,local,419.0,1.728,242.47685185185185
2025-10-15T19:39:31.284000+00:00,router_output_pkts_total,physical_remote,1-112,remote,500.0,1.728,289.35185185185185
2025-10-15T19:39:33.087000+00:00,router_dropped_pkts_total,->1,1-112,unknown,0.0,1.803,0.0
2025-10-15T19:39:33.087000+00:00,router_dropped_pkts_total,->2,1-112,unknown,0.0,1.803,0.0
2025-10-15T19:39:33.087000+00:00,router_dropped_pkts_total,->3,1-112,unknown,0.0,1.803,0.0
2025-10-15T19:39:33.087000+00:00,router_dropped_pkts_total,->4,1-112,unknown,0.0,1.803,0.0
2025-10-15T19:39:33.087000+00:00,router_dropped_pkts_total,->6,1-112,unknown,0.0,1.803,0.0
2025-10-15T19:39:33.087000+00:00,router_dropped_pkts_total,->7,1-112,unknown,0.0,1.803,0.0
2025-10-15T19:39:33.087000+00:00,router_dropped_pkts_total,5,1-112,1-113,0.0,1.803,0.0
2025-10-15T19:39:33.087000+00:00,router_dropped_pkts_total,internal,1-112,1-112,0.0,1.803,0.0
2025-10-15T19:39:33.087000+00:00,router_dropped_pkts_total,physical_local,1-112,local,0.0,1.803,0.0
2025-10-15T19:39:33.087000+00:00,router_dropped_pkts_total,physical_remote,1-112,remote,0.0,1.803,0.0
2025-10-15T19:39:33.087000+00:00,router_input_bytes_total,->1,1-112,unknown,0.0,1.803,0.0
2025-10-15T19:39:33.087000+00:00,router_input_bytes_total,->2,1-112,unknown,0.0,1.803,0.0
2025-10-15T19:39:33.087000+00:00,router_input_bytes_total,->3,1-112,unknown,0.0,1.803,0.0
2025-10-15T19:39:33.087000+00:00,router_input_bytes_total,->4,1-112,unknown,0.0,1.803,0.0
2025-10-15T19:39:33.087000+00:00,router_input_bytes_total,->6,1-112,unknown,0.0,1.803,0.0
2025-10-15T19:39:33.087000+00:00,router_input_bytes_total,->7,1-112,unknown,0.0,1.803,0.0
2025-10-15T19:39:33.087000+00:00,router_input_bytes_total,5,1-112,1-113,120851.0,1.803,67027.7315585136
2025-10-15T19:39:33.087000+00:00,router_input_bytes_total,internal,1-112,1-112,253925.0,1.803,140834.71991125902
2025-10-15T19:39:33.087000+00:00,router_input_bytes_total,physical_local,1-112,local,253925.0,1.803,140834.71991125902
2025-10-15T19:39:33.087000+00:00,router_input_bytes_total,physical_remote,1-112,remote,120851.0,1.803,67027.7315585136
2025-10-15T19:39:33.087000+00:00,router_input_pkts_total,->1,1-112,unknown,0.0,1.803,0.0
2025-10-15T19:39:33.087000+00:00,router_input_pkts_total,->2,1-112,unknown,0.0,1.803,0.0
2025-10-15T19:39:33.087000+00:00,router_input_pkts_total,->3,1-112,unknown,0.0,1.803,0.0
2025-10-15T19:39:33.087000+00:00,router_input_pkts_total,->4,1-112,unknown,0.0,1.803,0.0
2025-10-15T19:39:33.087000+00:00,router_input_pkts_total,->6,1-112,unknown,0.0,1.803,0.0
2025-10-15T19:39:33.087000+00:00,router_input_pkts_total,->7,1-112,unknown,0.0,1.803,0.0
2025-10-15T19:39:33.087000+00:00,router_input_pkts_total,5,1-112,1-113,451.0,1.803,250.13865779256795
2025-10-15T19:39:33.087000+00:00,router_input_pkts_total,internal,1-112,1-112,414.0,1.803,229.6173044925125
2025-10-15T19:39:33.087000+00:00,router_input_pkts_total,physical_local,1-112,local,414.0,1.803,229.6173044925125
2025-10-15T19:39:33.087000+00:00,router_input_pkts_total,physical_remote,1-112,remote,451.0,1.803,250.13865779256795
2025-10-15T19:39:33.087000+00:00,router_output_bytes_total,->1,1-112,unknown,0.0,1.803,0.0
2025-10-15T19:39:33.087000+00:00,router_output_bytes_total,->2,1-112,unknown,0.0,1.803,0.0
2025-10-15T19:39:33.087000+00:00,router_output_bytes_total,->3,1-112,unknown,0.0,1.803,0.0
2025-10-15T19:39:33.087000+00:00,router_output_bytes_total,->4,1-112,unknown,0.0,1.803,0.0
2025-10-15T19:39:33.087000+00:00,router_output_bytes_total,->6,1-112,unknown,0.0,1.803,0.0
2025-10-15T19:39:33.087000+00:00,router_output_bytes_total,->7,1-112,unknown,0.0,1.803,0.0
2025-10-15T19:39:33.087000+00:00,router_output_bytes_total,5,1-112,1-113,260645.0,1.803,144561.8413754853
2025-10-15T19:39:33.087000+00:00,router_output_bytes_total,internal,1-112,1-112,114371.0,1.803,63433.72157515253
2025-10-15T19:39:33.087000+00:00,router_output_bytes_total,physical_local,1-112,local,114371.0,1.803,63433.72157515253
2025-10-15T19:39:33.087000+00:00,router_output_bytes_total,physical_remote,1-112,remote,260645.0,1.803,144561.8413754853
2025-10-15T19:39:33.087000+00:00,router_output_pkts_total,->1,1-112,unknown,0.0,1.803,0.0
2025-10-15T19:39:33.087000+00:00,router_output_pkts_total,->2,1-112,unknown,0.0,1.803,0.0
2025-10-15T19:39:33.087000+00:00,router_output_pkts_total,->3,1-112,unknown,0.0,1.803,0.0
2025-10-15T19:39:33.087000+00:00,router_output_pkts_total,->4,1-112,unknown,0.0,1.803,0.0
2025-10-15T19:39:33.087000+00:00,router_output_pkts_total,->6,1-112,unknown,0.0,1.803,0.0
2025-10-15T19:39:33.087000+00:00,router_output_pkts_total,->7,1-112,unknown,0.0,1.803,0.0
2025-10-15T19:39:33.087000+00:00,router_output_pkts_total,5,1-112,1-113,477.0,1.803,264.55906821963396
2025-10-15T19:39:33.087000+00:00,router_output_pkts_total,internal,1-112,1-112,392.0,1.803,217.41541874653356
2025-10-15T19:39:33.087000+00:00,router_output_pkts_total,physical_local,1-112,local,392.0,1.803,217.41541874653356
2025-10-15T19:39:33.087000+00:00,router_output_pkts_total,physical_remote,1-112,remote,477.0,1.803,264.55906821963396
2025-10-15T19:39:34.759000+00:00,router_dropped_pkts_total,->1,1-112,unknown,0.0,1.672,0.0
2025-10-15T19:39:34.759000+00:00,router_dropped_pkts_total,->2,1-112,unknown,0.0,1.672,0.0
2025-10-15T19:39:34.759000+00:00,router_dropped_pkts_total,->3,1-112,unknown,0.0,1.672,0.0
2025-10-15T19:39:34.759000+00:00,router_dropped_pkts_total,->4,1-112,unknown,0.0,1.672,0.0
2025-10-15T19:39:34.759000+00:00,router_dropped_pkts_total,->6,1-112,unknown,0.0,1.672,0.0
2025-10-15T19:39:34.759000+00:00,router_dropped_pkts_total,->7,1-112,unknown,0.0,1.672,0.0
2025-10-15T19:39:34.759000+00:00,router_dropped_pkts_total,5,1-112,1-113,0.0,1.672,0.0
2025-10-15T19:39:34.759000+00:00,router_dropped_pkts_total,internal,1-112,1-112,0.0,1.672,0.0
2025-10-15T19:39:34.759000+00:00,router_dropped_pkts_total,physical_local,1-112,local,0.0,1.672,0.0
2025-10-15T19:39:34.759000+00:00,router_dropped_pkts_total,physical_remote,1-112,remote,0.0,1.672,0.0
2025-10-15T19:39:34.759000+00:00,router_input_bytes_total,->1,1-112,unknown,0.0,1.672,0.0
2025-10-15T19:39:34.759000+00:00,router_input_bytes_total,->2,1-112,unknown,0.0,1.672,0.0
2025-10-15T19:39:34.759000+00:00,router_input_bytes_total,->3,1-112,unknown,0.0,1.672,0.0
2025-10-15T19:39:34.759000+00:00,router_input_bytes_total,->4,1-112,unknown,0.0,1.672,0.0
2025-10-15T19:39:34.759000+00:00,router_input_bytes_total,->6,1-112,unknown,0.0,1.672,0.0
2025-10-15T19:39:34.759000+00:00,router_input_bytes_total,->7,1-112,unknown,0.0,1.672,0.0
2025-10-15T19:39:34.759000+00:00,router_input_bytes_total,5,1-112,1-113,122194.0,1.672,73082.53588516747
2025-10-15T19:39:34.759000+00:00,router_input_bytes_total,internal,1-112,1-112,260688.0,1.672,155913.87559808613
2025-10-15T19:39:34.759000+00:00,router_input_bytes_total,physical_local,1-112,local,260688.0,1.672,155913.87559808613
2025-10-15T19:39:34.759000+00:00,router_input_bytes_total,physical_remote,1-112,remote,122194.0,1.672,73082.53588516747
2025-10-15T19:39:34.759000+00:00,router_input_pkts_total,->1,1-112,unknown,0.0,1.672,0.0
2025-10-15T19:39:34.759000+00:00,router_input_pkts_total,->2,1-112,unknown,0.0,1.672,0.0
2025-10-15T19:39:34.759000+00:00,router_input_pkts_total,->3,1-112,unknown,0.0,1.672,0.0
2025-10-15T19:39:34.759000+00:00,router_input_pkts_total,->4,1-112,unknown,0.0,1.672,0.0
2025-10-15T19:39:34.759000+00:00,router_input_pkts_total,->6,1-112,unknown,0.0,1.672,0.0
2025-10-15T19:39:34.759000+00:00,router_input_pkts_total,->7,1-112,unknown,0.0,1.672,0.0
2025-10-15T19:39:34.759000+00:00,router_input_pkts_total,5,1-112,1-113,445.0,1.672,266.1483253588517
2025-10-15T19:39:34.759000+00:00,router_input_pkts_total,internal,1-112,1-112,423.0,1.672,252.99043062200957
2025-10-15T19:39:34.759000+00:00,router_input_pkts_total,physical_local,1-112,local,423.0,1.672,252.99043062200957
2025-10-15T19:39:34.759000+00:00,router_input_pkts_total,physical_remote,1-112,remote,445.0,1.672,266.1483253588517
2025-10-15T19:39:34.759000+00:00,router_output_bytes_total,->1,1-112,unknown,0.0,1.672,0.0
2025-10-15T19:39:34.759000+00:00,router_output_bytes_total,->2,1-112,unknown,0.0,1.672,0.0
2025-10-15T19:39:34.759000+00:00,router_output_bytes_total,->3,1-112,unknown,0.0,1.672,0.0
2025-10-15T19:39:34.759000+00:00,router_output_bytes_total,->4,1-112,unknown,0.0,1.672,0.0
2025-10-15T19:39:34.759000+00:00,router_output_bytes_total,->6,1-112,unknown,0.0,1.672,0.0
2025-10-15T19:39:34.759000+00:00,router_output_bytes_total,->7,1-112,unknown,0.0,1.672,0.0
2025-10-15T19:39:34.759000+00:00,router_output_bytes_total,5,1-112,1-113,266288.0,1.672,159263.15789473685
2025-10-15T19:39:34.759000+00:00,router_output_bytes_total,internal,1-112,1-112,116794.0,1.672,69852.87081339714
2025-10-15T19:39:34.759000+00:00,router_output_bytes_total,physical_local,1-112,local,116794.0,1.672,69852.87081339714
2025-10-15T19:39:34.759000+00:00,router_output_bytes_total,physical_remote,1-112,remote,266288.0,1.672,159263.15789473685
2025-10-15T19:39:34.759000+00:00,router_output_pkts_total,->1,1-112,unknown,0.0,1.672,0.0
2025-10-15T19:39:34.759000+00:00,router_output_pkts_total,->2,1-112,unknown,0.0,1.672,0.0
2025-10-15T19:39:34.759000+00:00,router_output_pkts_total,->3,1-112,unknown,0.0,1.672,0.0
2025-10-15T19:39:34.759000+00:00,router_output_pkts_total,->4,1-112,unknown,0.0,1.672,0.0
2025-10-15T19:39:34.759000+00:00,router_output_pkts_total,->6,1-112,unknown,0.0,1.672,0.0
2025-10-15T19:39:34.759000+00:00,router_output_pkts_total,->7,1-112,unknown,0.0,1.672,0.0
2025-10-15T19:39:34.759000+00:00,router_output_pkts_total,5,1-112,1-113,462.0,1.672,276.3157894736842
2025-10-15T19:39:34.759000+00:00,router_output_pkts_total,internal,1-112,1-112,380.0,1.672,227.27272727272728
2025-10-15T19:39:34.759000+00:00,router_output_pkts_total,physical_local,1-112,local,380.0,1.672,227.27272727272728
2025-10-15T19:39:34.759000+00:00,router_output_pkts_total,physical_remote,1-112,remote,462.0,1.672,276.3157894736842
2025-10-15T19:39:36.603000+00:00,router_dropped_pkts_total,->1,1-112,unknown,0.0,1.844,0.0
2025-10-15T19:39:36.603000+00:00,router_dropped_pkts_total,->2,1-112,unknown,0.0,1.844,0.0
2025-10-15T19:39:36.603000+00:00,router_dropped_pkts_total,->3,1-112,unknown,0.0,1.844,0.0
2025-10-15T19:39:36.603000+00:00,router_dropped_pkts_total,->4,1-112,unknown,0.0,1.844,0.0
2025-10-15T19:39:36.603000+00:00,router_dropped_pkts_total,->6,1-112,unknown,0.0,1.844,0.0
2025-10-15T19:39:36.603000+00:00,router_dropped_pkts_total,->7,1-112,unknown,0.0,1.844,0.0
2025-10-15T19:39:36.603000+00:00,router_dropped_pkts_total,5,1-112,1-113,0.0,1.844,0.0
2025-10-15T19:39:36.603000+00:00,router_dropped_pkts_total,internal,1-112,1-112,0.0,1.844,0.0
2025-10-15T19:39:36.603000+00:00,router_dropped_pkts_total,physical_local,1-112,local,0.0,1.844,0.0
2025-10-15T19:39:36.603000+00:00,router_dropped_pkts_total,physical_remote,1-112,remote,0.0,1.844,0.0
2025-10-15T19:39:36.603000+00:00,router_input_bytes_total,->1,1-112,unknown,0.0,1.844,0.0
2025-10-15T19:39:36.603000+00:00,router_input_bytes_total,->2,1-112,unknown,0.0,1.844,0.0
2025-10-15T19:39:36.603000+00:00,router_input_bytes_total,->3,1-112,unknown,0.0,1.844,0.0
2025-10-15T19:39:36.603000+00:00,router_input_bytes_total,->4,1-112,unknown,0.0,1.844,0.0
2025-10-15T19:39:36.603000+00:00,router_input_bytes_total,->6,1-112,unknown,0.0,1.844,0.0
2025-10-15T19:39:36.603000+00:00,router_input_bytes_total,->7,1-112,unknown,0.0,1.844,0.0
2025-10-15T19:39:36.603000+00:00,router_input_bytes_total,5,1-112,1-113,112302.0,1.844,60901.30151843817
2025-10-15T19:39:36.603000+00:00,router_input_bytes_total,internal,1-112,1-112,240459.0,1.844,130400.75921908893
2025-10-15T19:39:36.603000+00:00,router_input_bytes_total,physical_local,1-112,local,240459.0,1.844,130400.75921908893
2025-10-15T19:39:36.603000+00:00,router_input_bytes_total,physical_remote,1-112,remote,112302.0,1.844,60901.30151843817
2025-10-15T19:39:36.603000+00:00,router_input_pkts_total,->1,1-112,unknown,0.0,1.844,0.0
2025-10-15T19:39:36.603000+00:00,router_input_pkts_total,->2,1-112,unknown,0.0,1.844,0.0
2025-10-15T19:39:36.603000+00:00,router_input_pkts_total,->3,1-112,unknown,0.0,1.844,0.0
2025-10-15T19:39:36.603000+00:00,router_input_pkts_total,->4,1-112,unknown,0.0,1.844,0.0
2025-10-15T19:39:36.603000+00:00,router_input_pkts_total,->6,1-112,unknown,0.0,1.844,0.0
2025-10-15T19:39:36.603000+00:00,router_input_pkts_total,->7,1-112,unknown,0.0,1.844,0.0
2025-10-15T19:39:36.603000+00:00,router_input_pkts_total,5,1-112,1-113,380.0,1.844,206.07375271149672
2025-10-15T19:39:36.603000+00:00,router_input_pkts_total,internal,1-112,1-112,363.0,1.844,196.85466377440346
2025-10-15T19:39:36.603000+00:00,router_input_pkts_total,physical_local,1-112,local,363.0,1.844,196.85466377440346
2025-10-15T19:39:36.603000+00:00,router_input_pkts_total,physical_remote,1-112,remote,380.0,1.844,206.07375271149672
2025-10-15T19:39:36.603000+00:00,router_output_bytes_total,->1,1-112,unknown,0.0,1.844,0.0
2025-10-15T19:39:36.603000+00:00,router_output_bytes_total,->2,1-112,unknown,0.0,1.844,0.0
2025-10-15T19:39:36.603000+00:00,router_output_bytes_total,->3,1-112,unknown,0.0,1.844,0.0
2025-10-15T19:39:36.603000+00:00,router_output_bytes_total,->4,1-112,unknown,0.0,1.844,0.0
2025-10-15T19:39:36.603000+00:00,router_output_bytes_total,->6,1-112,unknown,0.0,1.844,0.0
2025-10-15T19:39:36.603000+00:00,router_output_bytes_total,->7,1-112,unknown,0.0,1.844,0.0
2025-10-15T19:39:36.603000+00:00,router_output_bytes_total,5,1-112,1-113,244939.0,1.844,132830.26030368762
2025-10-15T19:39:36.603000+00:00,router_output_bytes_total,internal,1-112,1-112,107982.0,1.844,58558.568329718
2025-10-15T19:39:36.603000+00:00,router_output_bytes_total,physical_local,1-112,local,107982.0,1.844,58558.568329718
2025-10-15T19:39:36.603000+00:00,router_output_bytes_total,physical_remote,1-112,remote,244939.0,1.844,132830.26030368762
2025-10-15T19:39:36.603000+00:00,router_output_pkts_total,->1,1-112,unknown,0.0,1.844,0.0
2025-10-15T19:39:36.603000+00:00,router_output_pkts_total,->2,1-112,unknown,0.0,1.844,0.0
2025-10-15T19:39:36.603000+00:00,router_output_pkts_total,->3,1-112,unknown,0.0,1.844,0.0
2025-10-15T19:39:36.603000+00:00,router_output_pkts_total,->4,1-112,unknown,0.0,1.844,0.0
2025-10-15T19:39:36.603000+00:00,router_output_pkts_total,->6,1-112,unknown,0.0,1.844,0.0
2025-10-15T19:39:36.603000+00:00,router_output_pkts_total,->7,1-112,unknown,0.0,1.844,0.0
2025-10-15T19:39:36.603000+00:00,router_output_pkts_total,5,1-112,1-113,414.0,1.844,224.51193058568327
2025-10-15T19:39:36.603000+00:00,router_output_pkts_total,internal,1-112,1-112,355.0,1.844,192.5162689804772
2025-10-15T19:39:36.603000+00:00,router_output_pkts_total,physical_local,1-112,local,355.0,1.844,192.5162689804772
2025-10-15T19:39:36.603000+00:00,router_output_pkts_total,physical_remote,1-112,remote,414.0,1.844,224.51193058568327
2025-10-15T19:39:38.461000+00:00,router_dropped_pkts_total,->1,1-112,unknown,0.0,1.858,0.0
2025-10-15T19:39:38.461000+00:00,router_dropped_pkts_total,->2,1-112,unknown,0.0,1.858,0.0
2025-10-15T19:39:38.461000+00:00,router_dropped_pkts_total,->3,1-112,unknown,0.0,1.858,0.0
2025-10-15T19:39:38.461000+00:00,router_dropped_pkts_total,->4,1-112,unknown,0.0,1.858,0.0
2025-10-15T19:39:38.461000+00:00,router_dropped_pkts_total,->6,1-112,unknown,0.0,1.858,0.0
2025-10-15T19:39:38.461000+00:00,router_dropped_pkts_total,->7,1-112,unknown,0.0,1.858,0.0
2025-10-15T19:39:38.461000+00:00,router_dropped_pkts_total,5,1-112,1-113,0.0,1.858,0.0
2025-10-15T19:39:38.461000+00:00,router_dropped_pkts_total,internal,1-112,1-112,0.0,1.858,0.0
2025-10-15T19:39:38.461000+00:00,router_dropped_pkts_total,physical_local,1-112,local,0.0,1.858,0.0
2025-10-15T19:39:38.461000+00:00,router_dropped_pkts_total,physical_remote,1-112,remote,0.0,1.858,0.0
2025-10-15T19:39:38.461000+00:00,router_input_bytes_total,->1,1-112,unknown,0.0,1.858,0.0
2025-10-15T19:39:38.461000+00:00,router_input_bytes_total,->2,1-112,unknown,0.0,1.858,0.0
2025-10-15T19:39:38.461000+00:00,router_input_bytes_total,->3,1-112,unknown,0.0,1.858,0.0
2025-10-15T19:39:38.461000+00:00,router_input_bytes_total,->4,1-112,unknown,0.0,1.858,0.0
2025-10-15T19:39:38.461000+00:00,router_input_bytes_total,->6,1-112,unknown,0.0,1.858,0.0
2025-10-15T19:39:38.461000+00:00,router_input_bytes_total,->7,1-112,unknown,0.0,1.858,0.0
2025-10-15T19:39:38.461000+00:00,router_input_bytes_total,5,1-112,1-113,128165.0,1.858,68980.08611410118
2025-10-15T19:39:38.461000+00:00,router_input_bytes_total,internal,1-112,1-112,252693.0,1.858,136002.691065662
2025-10-15T19:39:38.461000+00:00,router_input_bytes_total,physical_local,1-112,local,252693.0,1.858,136002.691065662
2025-10-15T19:39:38.461000+00:00,router_input_bytes_total,physical_remote,1-112,remote,128165.0,1.858,68980.08611410118
2025-10-15T19:39:38.461000+00:00,router_input_pkts_total,->1,1-112,unknown,0.0,1.858,0.0
2025-10-15T19:39:38.461000+00:00,router_input_pkts_total,->2,1-112,unknown,0.0,1.858,0.0
2025-10-15T19:39:38.461000+00:00,router_input_pkts_total,->3,1-112,unknown,0.0,1.858,0.0
2025-10-15T19:39:38.461000+00:00,router_input_pkts_total,->4,1-112,unknown,0.0,1.858,0.0
2025-10-15T19:39:38.461000+00:00,router_input_pkts_total,->6,1-112,unknown,0.0,1.858,0.0
2025-10-15T19:39:38.461000+00:00,router_input_pkts_total,->7,1-112,unknown,0.0,1.858,0.0
2025-10-15T19:39:38.461000+00:00,router_input_pkts_total,5,1-112,1-113,461.0,1.858,248.1162540365985
2025-10-15T19:39:38.461000+00:00,router_input_pkts_total,internal,1-112,1-112,424.0,1.858,228.20236813778254
2025-10-15T19:39:38.461000+00:00,router_input_pkts_total,physical_local,1-112,local,424.0,1.858,228.20236813778254
2025-10-15T19:39:38.461000+00:00,router_input_pkts_total,physical_remote,1-112,remote,461.0,1.858,248.1162540365985
2025-10-15T19:39:38.461000+00:00,router_output_bytes_total,->1,1-112,unknown,0.0,1.858,0.0
2025-10-15T19:39:38.461000+00:00,router_output_bytes_total,->2,1-112,unknown,0.0,1.858,0.0
2025-10-15T19:39:38.461000+00:00,router_output_bytes_total,->3,1-112,unknown,0.0,1.858,0.0
2025-10-15T19:39:38.461000+00:00,router_output_bytes_total,->4,1-112,unknown,0.0,1.858,0.0
2025-10-15T19:39:38.461000+00:00,router_output_bytes_total,->6,1-112,unknown,0.0,1.858,0.0
2025-10-15T19:39:38.461000+00:00,router_output_bytes_total,->7,1-112,unknown,0.0,1.858,0.0
2025-10-15T19:39:38.461000+00:00,router_output_bytes_total,5,1-112,1-113,259413.0,1.858,139619.4833153929
2025-10-15T19:39:38.461000+00:00,router_output_bytes_total,internal,1-112,1-112,121685.0,1.858,65492.465016146394
2025-10-15T19:39:38.461000+00:00,router_output_bytes_total,physical_local,1-112,local,121685.0,1.858,65492.465016146394
2025-10-15T19:39:38.461000+00:00,router_output_bytes_total,physical_remote,1-112,remote,259413.0,1.858,139619.4833153929
2025-10-15T19:39:38.461000+00:00,router_output_pkts_total,->1,1-112,unknown,0.0,1.858,0.0
2025-10-15T19:39:38.461000+00:00,router_output_pkts_total,->2,1-112,unknown,0.0,1.858,0.0
2025-10-15T19:39:38.461000+00:00,router_output_pkts_total,->3,1-112,unknown,0.0,1.858,0.0
2025-10-15T19:39:38.461000+00:00,router_output_pkts_total,->4,1-112,unknown,0.0,1.858,0.0
2025-10-15T19:39:38.461000+00:00,router_output_pkts_total,->6,1-112,unknown,0.0,1.858,0.0
2025-10-15T19:39:38.461000+00:00,router_output_pkts_total,->7,1-112,unknown,0.0,1.858,0.0
2025-10-15T19:39:38.461000+00:00,router_output_pkts_total,5,1-112,1-113,484.0,1.858,260.4951560818084
2025-10-15T19:39:38.461000+00:00,router_output_pkts_total,internal,1-112,1-112,401.0,1.858,215.82346609257266
2025-10-15T19:39:38.461000+00:00,router_output_pkts_total,physical_local,1-112,local,401.0,1.858,215.82346609257266
2025-10-15T19:39:38.461000+00:00,router_output_pkts_total,physical_remote,1-112,remote,484.0,1.858,260.4951560818084
2025-10-15T19:39:40.173000+00:00,router_dropped_pkts_total,->1,1-112,unknown,0.0,1.712,0.0
2025-10-15T19:39:40.173000+00:00,router_dropped_pkts_total,->2,1-112,unknown,0.0,1.712,0.0
2025-10-15T19:39:40.173000+00:00,router_dropped_pkts_total,->3,1-112,unknown,0.0,1.712,0.0
2025-10-15T19:39:40.173000+00:00,router_dropped_pkts_total,->4,1-112,unknown,0.0,1.712,0.0
2025-10-15T19:39:40.173000+00:00,router_dropped_pkts_total,->6,1-112,unknown,0.0,1.712,0.0
2025-10-15T19:39:40.173000+00:00,router_dropped_pkts_total,->7,1-112,unknown,0.0,1.712,0.0
2025-10-15T19:39:40.173000+00:00,router_dropped_pkts_total,5,1-112,1-113,0.0,1.712,0.0
2025-10-15T19:39:40.173000+00:00,router_dropped_pkts_total,internal,1-112,1-112,0.0,1.712,0.0
2025-10-15T19:39:40.173000+00:00,router_dropped_pkts_total,physical_local,1-112,local,0.0,1.712,0.0
2025-10-15T19:39:40.173000+00:00,router_dropped_pkts_total,physical_remote,1-112,remote,0.0,1.712,0.0
2025-10-15T19:39:40.173000+00:00,router_input_bytes_total,->1,1-112,unknown,0.0,1.712,0.0
2025-10-15T19:39:40.173000+00:00,router_input_bytes_total,->2,1-112,unknown,0.0,1.712,0.0
2025-10-15T19:39:40.173000+00:00,router_input_bytes_total,->3,1-112,unknown,0.0,1.712,0.0
2025-10-15T19:39:40.173000+00:00,router_input_bytes_total,->4,1-112,unknown,0.0,1.712,0.0
2025-10-15T19:39:40.173000+00:00,router_input_bytes_total,->6,1-112,unknown,0.0,1.712,0.0
2025-10-15T19:39:40.173000+00:00,router_input_bytes_total,->7,1-112,unknown,0.0,1.712,0.0
2025-10-15T19:39:40.173000+00:00,router_input_bytes_total,5,1-112,1-113,130024.0,1.712,75948.59813084113
2025-10-15T19:39:40.173000+00:00,router_input_bytes_total,internal,1-112,1-112,272099.0,1.712,158936.33177570094
2025-10-15T19:39:40.173000+00:00,router_input_bytes_total,physical_local,1-112,local,272099.0,1.712,158936.33177570094
2025-10-15T19:39:40.173000+00:00,router_input_bytes_total,physical_remote,1-112,remote,130024.0,1.712,75948.59813084113
2025-10-15T19:39:40.173000+00:00,router_input_pkts_total,->1,1-112,unknown,0.0,1.712,0.0
2025-10-15T19:39:40.173000+00:00,router_input_pkts_total,->2,1-112,unknown,0.0,1.712,0.0
2025-10-15T19:39:40.173000+00:00,router_input_pkts_total,->3,1-112,unknown,0.0,1.712,0.0
2025-10-15T19:39:40.173000+00:00,router_input_pkts_total,->4,1-112,unknown,0.0,1.712,0.0
2025-10-15T19:39:40.173000+00:00,router_input_pkts_total,->6,1-112,unknown,0.0,1.712,0.0
2025-10-15T19:39:40.173000+00:00,router_input_pkts_total,->7,1-112,unknown,0.0,1.712,0.0
2025-10-15T19:39:40.173000+00:00,router_input_pkts_total,5,1-112,1-113,494.0,1.712,288.5514018691589
2025-10-15T19:39:40.173000+00:00,router_input_pkts_total,internal,1-112,1-112,477.0,1.712,278.6214953271028
2025-10-15T19:39:40.173000+00:00,router_input_pkts_total,physical_local,1-112,local,477.0,1.712,278.6214953271028
2025-10-15T19:39:40.173000+00:00,router_input_pkts_total,physical_remote,1-112,remote,494.0,1.712,288.5514018691589
2025-10-15T19:39:40.173000+00:00,router_output_bytes_total,->1,1-112,unknown,0.0,1.712,0.0
2025-10-15T19:39:40.173000+00:00,router_output_bytes_total,->2,1-112,unknown,0.0,1.712,0.0
2025-10-15T19:39:40.173000+00:00,router_output_bytes_total,->3,1-112,unknown,0.0,1.712,0.0
2025-10-15T19:39:40.173000+00:00,router_output_bytes_total,->4,1-112,unknown,0.0,1.712,0.0
2025-10-15T19:39:40.173000+00:00,router_output_bytes_total,->6,1-112,unknown,0.0,1.712,0.0
2025-10-15T19:39:40.173000+00:00,router_output_bytes_total,->7,1-112,unknown,0.0,1.712,0.0
2025-10-15T19:39:40.173000+00:00,router_output_bytes_total,5,1-112,1-113,278819.0,1.712,162861.56542056074
2025-10-15T19:39:40.173000+00:00,router_output_bytes_total,internal,1-112,1-112,123544.0,1.712,72163.55140186916
2025-10-15T19:39:40.173000+00:00,router_output_bytes_total,physical_local,1-112,local,123544.0,1.712,72163.55140186916
2025-10-15T19:39:40.173000+00:00,router_output_bytes_total,physical_remote,1-112,remote,278819.0,1.712,162861.56542056074
2025-10-15T19:39:40.173000+00:00,router_output_pkts_total,->1,1-112,unknown,0.0,1.712,0.0
2025-10-15T19:39:40.173000+00:00,router_output_pkts_total,->2,1-112,unknown,0.0,1.712,0.0
2025-10-15T19:39:40.173000+00:00,router_output_pkts_total,->3,1-112,unknown,0.0,1.712,0.0
2025-10-15T19:39:40.173000+00:00,router_output_pkts_total,->4,1-112,unknown,0.0,1.712,0.0
2025-10-15T19:39:40.173000+00:00,router_output_pkts_total,->6,1-112,unknown,0.0,1.712,0.0
2025-10-15T19:39:40.173000+00:00,router_output_pkts_total,->7,1-112,unknown,0.0,1.712,0.0
2025-10-15T19:39:40.173000+00:00,router_output_pkts_total,5,1-112,1-113,537.0,1.712,313.6682242990654
2025-10-15T19:39:40.173000+00:00,router_output_pkts_total,internal,1-112,1-112,434.0,1.712,253.50467289719626
2025-10-15T19:39:40.173000+00:00,router_output_pkts_total,physical_local,1-112,local,434.0,1.712,253.50467289719626
2025-10-15T19:39:40.173000+00:00,router_output_pkts_total,physical_remote,1-112,remote,537.0,1.712,313.6682242990654
2025-10-15T19:39:41.867000+00:00,router_dropped_pkts_total,->1,1-112,unknown,0.0,1.694,0.0
2025-10-15T19:39:41.867000+00:00,router_dropped_pkts_total,->2,1-112,unknown,0.0,1.694,0.0
2025-10-15T19:39:41.867000+00:00,router_dropped_pkts_total,->3,1-112,unknown,0.0,1.694,0.0
2025-10-15T19:39:41.867000+00:00,router_dropped_pkts_total,->4,1-112,unknown,0.0,1.694,0.0
2025-10-15T19:39:41.867000+00:00,router_dropped_pkts_total,->6,1-112,unknown,0.0,1.694,0.0
2025-10-15T19:39:41.867000+00:00,router_dropped_pkts_total,->7,1-112,unknown,0.0,1.694,0.0
2025-10-15T19:39:41.867000+00:00,router_dropped_pkts_total,5,1-112,1-113,0.0,1.694,0.0
2025-10-15T19:39:41.867000+00:00,router_dropped_pkts_total,internal,1-112,1-112,0.0,1.694,0.0
2025-10-15T19:39:41.867000+00:00,router_dropped_pkts_total,physical_local,1-112,local,0.0,1.694,0.0
2025-10-15T19:39:41.867000+00:00,router_dropped_pkts_total,physical_remote,1-112,remote,0.0,1.694,0.0
2025-10-15T19:39:41.867000+00:00,router_input_bytes_total,->1,1-112,unknown,0.0,1.694,0.0
2025-10-15T19:39:41.867000+00:00,router_input_bytes_total,->2,1-112,unknown,0.0,1.694,0.0
2025-10-15T19:39:41.867000+00:00,router_input_bytes_total,->3,1-112,unknown,0.0,1.694,0.0
2025-10-15T19:39:41.867000+00:00,router_input_bytes_total,->4,1-112,unknown,0.0,1.694,0.0
2025-10-15T19:39:41.867000+00:00,router_input_bytes_total,->6,1-112,unknown,0.0,1.694,0.0
2025-10-15T19:39:41.867000+00:00,router_input_bytes_total,->7,1-112,unknown,0.0,1.694,0.0
2025-10-15T19:39:41.867000+00:00,router_input_bytes_total,5,1-112,1-113,59329.0,1.694,35023.02243211334
2025-10-15T19:39:41.867000+00:00,router_input_bytes_total,internal,1-112,1-112,165989.0,1.694,97986.42266824085
2025-10-15T19:39:41.867000+00:00,router_input_bytes_total,physical_local,1-112,local,165989.0,1.694,97986.42266824085
2025-10-15T19:39:41.867000+00:00,router_input_bytes_total,physical_remote,1-112,remote,59329.0,1.694,35023.02243211334
2025-10-15T19:39:41.867000+00:00,router_input_pkts_total,->1,1-112,unknown,0.0,1.694,0.0
2025-10-15T19:39:41.867000+00:00,router_input_pkts_total,->2,1-112,unknown,0.0,1.694,0.0
2025-10-15T19:39:41.867000+00:00,router_input_pkts_total,->3,1-112,unknown,0.0,1.694,0.0
2025-10-15T19:39:41.867000+00:00,router_input_pkts_total,->4,1-112,unknown,0.0,1.694,0.0
2025-10-15T19:39:41.867000+00:00,router_input_pkts_total,->6,1-112,unknown,0.0,1.694,0.0
2025-10-15T19:39:41.867000+00:00,router_input_pkts_total,->7,1-112,unknown,0.0,1.694,0.0
2025-10-15T19:39:41.867000+00:00,router_input_pkts_total,5,1-112,1-113,288.0,1.694,170.01180637544275
2025-10-15T19:39:41.867000+00:00,router_input_pkts_total,internal,1-112,1-112,257.0,1.694,151.71192443919716
2025-10-15T19:39:41.867000+00:00,router_input_pkts_total,physical_local,1-112,local,257.0,1.694,151.71192443919716
2025-10-15T19:39:41.867000+00:00,router_input_pkts_total,physical_remote,1-112,remote,288.0,1.694,170.01180637544275
2025-10-15T19:39:41.867000+00:00,router_output_bytes_total,->1,1-112,unknown,0.0,1.694,0.0
2025-10-15T19:39:41.867000+00:00,router_output_bytes_total,->2,1-112,unknown,0.0,1.694,0.0
2025-10-15T19:39:41.867000+00:00,router_output_bytes_total,->3,1-112,unknown,0.0,1.694,0.0
2025-10-15T19:39:41.867000+00:00,router_output_bytes_total,->4,1-112,unknown,0.0,1.694,0.0
2025-10-15T19:39:41.867000+00:00,router_output_bytes_total,->6,1-112,unknown,0.0,1.694,0.0
2025-10-15T19:39:41.867000+00:00,router_output_bytes_total,->7,1-112,unknown,0.0,1.694,0.0
2025-10-15T19:39:41.867000+00:00,router_output_bytes_total,5,1-112,1-113,170693.0,1.694,100763.28217237309
2025-10-15T19:39:41.867000+00:00,router_output_bytes_total,internal,1-112,1-112,54905.0,1.694,32411.45218417946
2025-10-15T19:39:41.867000+00:00,router_output_bytes_total,physical_local,1-112,local,54905.0,1.694,32411.45218417946
2025-10-15T19:39:41.867000+00:00,router_output_bytes_total,physical_remote,1-112,remote,170693.0,1.694,100763.28217237309
2025-10-15T19:39:41.867000+00:00,router_output_pkts_total,->1,1-112,unknown,0.0,1.694,0.0
2025-10-15T19:39:41.867000+00:00,router_output_pkts_total,->2,1-112,unknown,0.0,1.694,0.0
2025-10-15T19:39:41.867000+00:00,router_output_pkts_total,->3,1-112,unknown,0.0,1.694,0.0
2025-10-15T19:39:41.867000+00:00,router_output_pkts_total,->4,1-112,unknown,0.0,1.694,0.0
2025-10-15T19:39:41.867000+00:00,router_output_pkts_total,->6,1-112,unknown,0.0,1.694,0.0
2025-10-15T19:39:41.867000+00:00,router_output_pkts_total,->7,1-112,unknown,0.0,1.694,0.0
2025-10-15T19:39:41.867000+00:00,router_output_pkts_total,5,1-112,1-113,300.0,1.694,177.0956316410862
2025-10-15T19:39:41.867000+00:00,router_output_pkts_total,internal,1-112,1-112,246.0,1.694,145.21841794569067
2025-10-15T19:39:41.867000+00:00,router_output_pkts_total,physical_local,1-112,local,246.0,1.694,145.21841794569067
2025-10-15T19:39:41.867000+00:00,router_output_pkts_total,physical_remote,1-112,remote,300.0,1.694,177.0956316410862
2025-10-15T19:39:43.474000+00:00,router_dropped_pkts_total,->1,1-112,unknown,0.0,1.607,0.0
2025-10-15T19:39:43.474000+00:00,router_dropped_pkts_total,->2,1-112,unknown,0.0,1.607,0.0
2025-10-15T19:39:43.474000+00:00,router_dropped_pkts_total,->3,1-112,unknown,0.0,1.607,0.0
2025-10-15T19:39:43.474000+00:00,router_dropped_pkts_total,->4,1-112,unknown,0.0,1.607,0.0
2025-10-15T19:39:43.474000+00:00,router_dropped_pkts_total,->6,1-112,unknown,0.0,1.607,0.0
2025-10-15T19:39:43.474000+00:00,router_dropped_pkts_total,->7,1-112,unknown,0.0,1.607,0.0
2025-10-15T19:39:43.474000+00:00,router_dropped_pkts_total,5,1-112,1-113,0.0,1.607,0.0
2025-10-15T19:39:43.474000+00:00,router_dropped_pkts_total,internal,1-112,1-112,0.0,1.607,0.0
2025-10-15T19:39:43.474000+00:00,router_dropped_pkts_total,physical_local,1-112,local,0.0,1.607,0.0
2025-10-15T19:39:43.474000+00:00,router_dropped_pkts_total,physical_remote,1-112,remote,0.0,1.607,0.0
2025-10-15T19:39:43.474000+00:00,router_input_bytes_total,->1,1-112,unknown,0.0,1.607,0.0
2025-10-15T19:39:43.474000+00:00,router_input_bytes_total,->2,1-112,unknown,0.0,1.607,0.0
2025-10-15T19:39:43.474000+00:00,router_input_bytes_total,->3,1-112,unknown,0.0,1.607,0.0
2025-10-15T19:39:43.474000+00:00,router_input_bytes_total,->4,1-112,unknown,0.0,1.607,0.0
2025-10-15T19:39:43.474000+00:00,router_input_bytes_total,->6,1-112,unknown,0.0,1.607,0.0
2025-10-15T19:39:43.474000+00:00,router_input_bytes_total,->7,1-112,unknown,0.0,1.607,0.0
2025-10-15T19:39:43.474000+00:00,router_input_bytes_total,5,1-112,1-113,34997.0,1.607,21777.8469197262
2025-10-15T19:39:43.474000+00:00,router_input_bytes_total,internal,1-112,1-112,126098.0,1.607,78467.95270690728
2025-10-15T19:39:43.474000+00:00,router_input_bytes_total,physical_local,1-112,local,126098.0,1.607,78467.95270690728
2025-10-15T19:39:43.474000+00:00,router_input_bytes_total,physical_remote,1-112,remote,34997.0,1.607,21777.8469197262
2025-10-15T19:39:43.474000+00:00,router_input_pkts_total,->1,1-112,unknown,0.0,1.607,0.0
2025-10-15T19:39:43.474000+00:00,router_input_pkts_total,->2,1-112,unknown,0.0,1.607,0.0
2025-10-15T19:39:43.474000+00:00,router_input_pkts_total,->3,1-112,unknown,0.0,1.607,0.0
2025-10-15T19:39:43.474000+00:00,router_input_pkts_total,->4,1-112,unknown,0.0,1.607,0.0
2025-10-15T19:39:43.474000+00:00,router_input_pkts_total,->6,1-112,unknown,0.0,1.607,0.0
2025-10-15T19:39:43.474000+00:00,router_input_pkts_total,->7,1-112,unknown,0.0,1.607,0.0
2025-10-15T19:39:43.474000+00:00,router_input_pkts_total,5,1-112,1-113,228.0,1.607,141.8792781580585
2025-10-15T19:39:43.474000+00:00,router_input_pkts_total,internal,1-112,1-112,215.0,1.607,133.78967019290604
2025-10-15T19:39:43.474000+00:00,router_input_pkts_total,physical_local,1-112,local,215.0,1.607,133.78967019290604
2025-10-15T19:39:43.474000+00:00,router_input_pkts_total,physical_remote,1-112,remote,228.0,1.607,141.8792781580585
2025-10-15T19:39:43.474000+00:00,router_output_bytes_total,->1,1-112,unknown,0.0,1.607,0.0
2025-10-15T19:39:43.474000+00:00,router_output_bytes_total,->2,1-112,unknown,0.0,1.607,0.0
2025-10-15T19:39:43.474000+00:00,router_output_bytes_total,->3,1-112,unknown,0.0,1.607,0.0
2025-10-15T19:39:43.474000+00:00,router_output_bytes_total,->4,1-112,unknown,0.0,1.607,0.0
2025-10-15T19:39:43.474000+00:00,router_output_bytes_total,->6,1-112,unknown,0.0,1.607,0.0
2025-10-15T19:39:43.474000+00:00,router_output_bytes_total,->7,1-112,unknown,0.0,1.607,0.0
2025-10-15T19:39:43.474000+00:00,router_output_bytes_total,5,1-112,1-113,128786.0,1.607,80140.63472308649
2025-10-15T19:39:43.474000+00:00,router_output_bytes_total,internal,1-112,1-112,32293.0,1.607,20095.208462974486
2025-10-15T19:39:43.474000+00:00,router_output_bytes_total,physical_local,1-112,local,32293.0,1.607,20095.208462974486
2025-10-15T19:39:43.474000+00:00,router_output_bytes_total,physical_remote,1-112,remote,128786.0,1.607,80140.63472308649
2025-10-15T19:39:43.474000+00:00,router_output_pkts_total,->1,1-112,unknown,0.0,1.607,0.0
2025-10-15T19:39:43.474000+00:00,router_output_pkts_total,->2,1-112,unknown,0.0,1.607,0.0
2025-10-15T19:39:43.474000+00:00,router_output_pkts_total,->3,1-112,unknown,0.0,1.607,0.0
2025-10-15T19:39:43.474000+00:00,router_output_pkts_total,->4,1-112,unknown,0.0,1.607,0.0
2025-10-15T19:39:43.474000+00:00,router_output_pkts_total,->6,1-112,unknown,0.0,1.607,0.0
2025-10-15T19:39:43.474000+00:00,router_output_pkts_total,->7,1-112,unknown,0.0,1.607,0.0
2025-10-15T19:39:43.474000+00:00,router_output_pkts_total,5,1-112,1-113,238.0,1.607,148.10205351586808
2025-10-15T19:39:43.474000+00:00,router_output_pkts_total,internal,1-112,1-112,204.0,1.607,126.9446172993155
2025-10-15T19:39:43.474000+00:00,router_output_pkts_total,physical_local,1-112,local,204.0,1.607,126.9446172993155
2025-10-15T19:39:43.474000+00:00,router_output_pkts_total,physical_remote,1-112,remote,238.0,1.607,148.10205351586808
2025-10-15T19:39:44.602000+00:00,router_dropped_pkts_total,->1,1-112,unknown,0.0,1.128,0.0
2025-10-15T19:39:44.602000+00:00,router_dropped_pkts_total,->2,1-112,unknown,0.0,1.128,0.0
2025-10-15T19:39:44.602000+00:00,router_dropped_pkts_total,->3,1-112,unknown,0.0,1.128,0.0
2025-10-15T19:39:44.602000+00:00,router_dropped_pkts_total,->4,1-112,unknown,0.0,1.128,0.0
2025-10-15T19:39:44.602000+00:00,router_dropped_pkts_total,->6,1-112,unknown,0.0,1.128,0.0
2025-10-15T19:39:44.602000+00:00,router_dropped_pkts_total,->7,1-112,unknown,0.0,1.128,0.0
2025-10-15T19:39:44.602000+00:00,router_dropped_pkts_total,5,1-112,1-113,0.0,1.128,0.0
2025-10-15T19:39:44.602000+00:00,router_dropped_pkts_total,internal,1-112,1-112,0.0,1.128,0.0
2025-10-15T19:39:44.602000+00:00,router_dropped_pkts_total,physical_local,1-112,local,0.0,1.128,0.0
2025-10-15T19:39:44.602000+00:00,router_dropped_pkts_total,physical_remote,1-112,remote,0.0,1.128,0.0
2025-10-15T19:39:44.602000+00:00,router_input_bytes_total,->1,1-112,unknown,0.0,1.128,0.0
2025-10-15T19:39:44.602000+00:00,router_input_bytes_total,->2,1-112,unknown,0.0,1.128,0.0
2025-10-15T19:39:44.602000+00:00,router_input_bytes_total,->3,1-112,unknown,0.0,1.128,0.0
2025-10-15T19:39:44.602000+00:00,router_input_bytes_total,->4,1-112,unknown,0.0,1.128,0.0
2025-10-15T19:39:44.602000+00:00,router_input_bytes_total,->6,1-112,unknown,0.0,1.128,0.0
2025-10-15T19:39:44.602000+00:00,router_input_bytes_total,->7,1-112,unknown,0.0,1.128,0.0
2025-10-15T19:39:44.602000+00:00,router_input_bytes_total,5,1-112,1-113,2451.0,1.128,2172.872340425532
2025-10-15T19:39:44.602000+00:00,router_input_bytes_total,internal,1-112,1-112,16106.0,1.128,14278.368794326243
2025-10-15T19:39:44.602000+00:00,router_input_bytes_total,physical_local,1-112,local,16106.0,1.128,14278.368794326243
2025-10-15T19:39:44.602000+00:00,router_input_bytes_total,physical_remote,1-112,remote,2451.0,1.128,2172.872340425532
2025-10-15T19:39:44.602000+00:00,router_input_pkts_total,->1,1-112,unknown,0.0,1.128,0.0
2025-10-15T19:39:44.602000+00:00,router_input_pkts_total,->2,1-112,unknown,0.0,1.128,0.0
2025-10-15T19:39:44.602000+00:00,router_input_pkts_total,->3,1-112,unknown,0.0,1.128,0.0
2025-10-15T19:39:44.602000+00:00,router_input_pkts_total,->4,1-112,unknown,0.0,1.128,0.0
2025-10-15T19:39:44.602000+00:00,router_input_pkts_total,->6,1-112,unknown,0.0,1.128,0.0
2025-10-15T19:39:44.602000+00:00,router_input_pkts_total,->7,1-112,unknown,0.0,1.128,0.0
2025-10-15T19:39:44.602000+00:00,router_input_pkts_total,5,1-112,1-113,17.0,1.128,15.070921985815604
2025-10-15T19:39:44.602000+00:00,router_input_pkts_total,internal,1-112,1-112,18.0,1.128,15.95744680851064
2025-10-15T19:39:44.602000+00:00,router_input_pkts_total,physical_local,1-112,local,18.0,1.128,15.95744680851064
2025-10-15T19:39:44.602000+00:00,router_input_pkts_total,physical_remote,1-112,remote,17.0,1.128,15.070921985815604
2025-10-15T19:39:44.602000+00:00,router_output_bytes_total,->1,1-112,unknown,0.0,1.128,0.0
2025-10-15T19:39:44.602000+00:00,router_output_bytes_total,->2,1-112,unknown,0.0,1.128,0.0
2025-10-15T19:39:44.602000+00:00,router_output_bytes_total,->3,1-112,unknown,0.0,1.128,0.0
2025-10-15T19:39:44.602000+00:00,router_output_bytes_total,->4,1-112,unknown,0.0,1.128,0.0
2025-10-15T19:39:44.602000+00:00,router_output_bytes_total,->6,1-112,unknown,0.0,1.128,0.0
2025-10-15T19:39:44.602000+00:00,router_output_bytes_total,->7,1-112,unknown,0.0,1.128,0.0
2025-10-15T19:39:44.602000+00:00,router_output_bytes_total,5,1-112,1-113,16106.0,1.128,14278.368794326243
2025-10-15T19:39:44.602000+00:00,router_output_bytes_total,internal,1-112,1-112,2451.0,1.128,2172.872340425532
2025-10-15T19:39:44.602000+00:00,router_output_bytes_total,physical_local,1-112,local,2451.0,1.128,2172.872340425532
2025-10-15T19:39:44.602000+00:00,router_output_bytes_total,physical_remote,1-112,remote,16106.0,1.128,14278.368794326243
2025-10-15T19:39:44.602000+00:00,router_output_pkts_total,->1,1-112,unknown,0.0,1.128,0.0
2025-10-15T19:39:44.602000+00:00,router_output_pkts_total,->2,1-112,unknown,0.0,1.128,0.0
2025-10-15T19:39:44.602000+00:00,router_output_pkts_total,->3,1-112,unknown,0.0,1.128,0.0
2025-10-15T19:39:44.602000+00:00,router_output_pkts_total,->4,1-112,unknown,0.0,1.128,0.0
2025-10-15T19:39:44.602000+00:00,router_output_pkts_total,->6,1-112,unknown,0.0,1.128,0.0
2025-10-15T19:39:44.602000+00:00,router_output_pkts_total,->7,1-112,unknown,0.0,1.128,0.0
2025-10-15T19:39:44.602000+00:00,router_output_pkts_total,5,1-112,1-113,18.0,1.128,15.95744680851064
2025-10-15T19:39:44.602000+00:00,router_output_pkts_total,internal,1-112,1-112,17.0,1.128,15.070921985815604
2025-10-15T19:39:44.602000+00:00,router_output_pkts_total,physical_local,1-112,local,17.0,1.128,15.070921985815604
2025-10-15T19:39:44.602000+00:00,router_output_pkts_total,physical_remote,1-112,remote,18.0,1.128,15.95744680851064
2025-10-15T19:39:45.697000+00:00,router_dropped_pkts_total,->1,1-112,unknown,0.0,1.095,0.0
2025-10-15T19:39:45.697000+00:00,router_dropped_pkts_total,->2,1-112,unknown,0.0,1.095,0.0
2025-10-15T19:39:45.697000+00:00,router_dropped_pkts_total,->3,1-112,unknown,0.0,1.095,0.0
2025-10-15T19:39:45.697000+00:00,router_dropped_pkts_total,->4,1-112,unknown,0.0,1.095,0.0
2025-10-15T19:39:45.697000+00:00,router_dropped_pkts_total,->6,1-112,unknown,0.0,1.095,0.0
2025-10-15T19:39:45.697000+00:00,router_dropped_pkts_total,->7,1-112,unknown,0.0,1.095,0.0
2025-10-15T19:39:45.697000+00:00,router_dropped_pkts_total,5,1-112,1-113,0.0,1.095,0.0
2025-10-15T19:39:45.697000+00:00,router_dropped_pkts_total,internal,1-112,1-112,0.0,1.095,0.0
2025-10-15T19:39:45.697000+00:00,router_dropped_pkts_total,physical_local,1-112,local,0.0,1.095,0.0
2025-10-15T19:39:45.697000+00:00,router_dropped_pkts_total,physical_remote,1-112,remote,0.0,1.095,0.0
2025-10-15T19:39:45.697000+00:00,router_input_bytes_total,->1,1-112,unknown,0.0,1.095,0.0
2025-10-15T19:39:45.697000+00:00,router_input_bytes_total,->2,1-112,unknown,0.0,1.095,0.0
2025-10-15T19:39:45.697000+00:00,router_input_bytes_total,->3,1-112,unknown,0.0,1.095,0.0
2025-10-15T19:39:45.697000+00:00,router_input_bytes_total,->4,1-112,unknown,0.0,1.095,0.0
2025-10-15T19:39:45.697000+00:00,router_input_bytes_total,->6,1-112,unknown,0.0,1.095,0.0
2025-10-15T19:39:45.697000+00:00,router_input_bytes_total,->7,1-112,unknown,0.0,1.095,0.0
2025-10-15T19:39:45.697000+00:00,router_input_bytes_total,5,1-112,1-113,10410.0,1.095,9506.849315068494
2025-10-15T19:39:45.697000+00:00,router_input_bytes_total,internal,1-112,1-112,20628.0,1.095,18838.356164383564
2025-10-15T19:39:45.697000+00:00,router_input_bytes_total,physical_local,1-112,local,20628.0,1.095,18838.356164383564
2025-10-15T19:39:45.697000+00:00,router_input_bytes_total,physical_remote,1-112,remote,10410.0,1.095,9506.849315068494
2025-10-15T19:39:45.697000+00:00,router_input_pkts_total,->1,1-112,unknown,0.0,1.095,0.0
2025-10-15T19:39:45.697000+00:00,router_input_pkts_total,->2,1-112,unknown,0.0,1.095,0.0
2025-10-15T19:39:45.697000+00:00,router_input_pkts_total,->3,1-112,unknown,0.0,1.095,0.0
2025-10-15T19:39:45.697000+00:00,router_input_pkts_total,->4,1-112,unknown,0.0,1.095,0.0
2025-10-15T19:39:45.697000+00:00,router_input_pkts_total,->6,1-112,unknown,0.0,1.095,0.0
2025-10-15T19:39:45.697000+00:00,router_input_pkts_total,->7,1-112,unknown,0.0,1.095,0.0
2025-10-15T19:39:45.697000+00:00,router_input_pkts_total,5,1-112,1-113,53.0,1.095,48.401826484018265
2025-10-15T19:39:45.697000+00:00,router_input_pkts_total,internal,1-112,1-112,63.0,1.095,57.534246575342465
2025-10-15T19:39:45.697000+00:00,router_input_pkts_total,physical_local,1-112,local,63.0,1.095,57.534246575342465
2025-10-15T19:39:45.697000+00:00,router_input_pkts_total,physical_remote,1-112,remote,53.0,1.095,48.401826484018265
2025-10-15T19:39:45.697000+00:00,router_output_bytes_total,->1,1-112,unknown,0.0,1.095,0.0
2025-10-15T19:39:45.697000+00:00,router_output_bytes_total,->2,1-112,unknown,0.0,1.095,0.0
2025-10-15T19:39:45.697000+00:00,router_output_bytes_total,->3,1-112,unknown,0.0,1.095,0.0
2025-10-15T19:39:45.697000+00:00,router_output_bytes_total,->4,1-112,unknown,0.0,1.095,0.0
2025-10-15T19:39:45.697000+00:00,router_output_bytes_total,->6,1-112,unknown,0.0,1.095,0.0
2025-10-15T19:39:45.697000+00:00,router_output_bytes_total,->7,1-112,unknown,0.0,1.095,0.0
2025-10-15T19:39:45.697000+00:00,router_output_bytes_total,5,1-112,1-113,20628.0,1.095,18838.356164383564
2025-10-15T19:39:45.697000+00:00,router_output_bytes_total,internal,1-112,1-112,10410.0,1.095,9506.849315068494
2025-10-15T19:39:45.697000+00:00,router_output_bytes_total,physical_local,1-112,local,10410.0,1.095,9506.849315068494
2025-10-15T19:39:45.697000+00:00,router_output_bytes_total,physical_remote,1-112,remote,20628.0,1.095,18838.356164383564
2025-10-15T19:39:45.697000+00:00,router_output_pkts_total,->1,1-112,unknown,0.0,1.095,0.0
2025-10-15T19:39:45.697000+00:00,router_output_pkts_total,->2,1-112,unknown,0.0,1.095,0.0
2025-10-15T19:39:45.697000+00:00,router_output_pkts_total,->3,1-112,unknown,0.0,1.095,0.0
2025-10-15T19:39:45.697000+00:00,router_output_pkts_total,->4,1-112,unknown,0.0,1.095,0.0
2025-10-15T19:39:45.697000+00:00,router_output_pkts_total,->6,1-112,unknown,0.0,1.095,0.0
2025-10-15T19:39:45.697000+00:00,router_output_pkts_total,->7,1-112,unknown,0.0,1.095,0.0
2025-10-15T19:39:45.697000+00:00,router_output_pkts_total,5,1-112,1-113,63.0,1.095,57.534246575342465
2025-10-15T19:39:45.697000+00:00,router_output_pkts_total,internal,1-112,1-112,53.0,1.095,48.401826484018265
2025-10-15T19:39:45.697000+00:00,router_output_pkts_total,physical_local,1-112,local,53.0,1.095,48.401826484018265
2025-10-15T19:39:45.697000+00:00,router_output_pkts_total,physical_remote,1-112,remote,63.0,1.095,57.534246575342465
2025-10-15T19:39:46.829000+00:00,router_dropped_pkts_total,->1,1-112,unknown,0.0,1.132,0.0
2025-10-15T19:39:46.829000+00:00,router_dropped_pkts_total,->2,1-112,unknown,0.0,1.132,0.0
2025-10-15T19:39:46.829000+00:00,router_dropped_pkts_total,->3,1-112,unknown,0.0,1.132,0.0
2025-10-15T19:39:46.829000+00:00,router_dropped_pkts_total,->4,1-112,unknown,0.0,1.132,0.0
2025-10-15T19:39:46.829000+00:00,router_dropped_pkts_total,->6,1-112,unknown,0.0,1.132,0.0
2025-10-15T19:39:46.829000+00:00,router_dropped_pkts_total,->7,1-112,unknown,0.0,1.132,0.0
2025-10-15T19:39:46.829000+00:00,router_dropped_pkts_total,5,1-112,1-113,0.0,1.132,0.0
2025-10-15T19:39:46.829000+00:00,router_dropped_pkts_total,internal,1-112,1-112,0.0,1.132,0.0
2025-10-15T19:39:46.829000+00:00,router_dropped_pkts_total,physical_local,1-112,local,0.0,1.132,0.0
2025-10-15T19:39:46.829000+00:00,router_dropped_pkts_total,physical_remote,1-112,remote,0.0,1.132,0.0
2025-10-15T19:39:46.829000+00:00,router_input_bytes_total,->1,1-112,unknown,0.0,1.132,0.0
2025-10-15T19:39:46.829000+00:00,router_input_bytes_total,->2,1-112,unknown,0.0,1.132,0.0
2025-10-15T19:39:46.829000+00:00,router_input_bytes_total,->3,1-112,unknown,0.0,1.132,0.0
2025-10-15T19:39:46.829000+00:00,router_input_bytes_total,->4,1-112,unknown,0.0,1.132,0.0
2025-10-15T19:39:46.829000+00:00,router_input_bytes_total,->6,1-112,unknown,0.0,1.132,0.0
2025-10-15T19:39:46.829000+00:00,router_input_bytes_total,->7,1-112,unknown,0.0,1.132,0.0
2025-10-15T19:39:46.829000+00:00,router_input_bytes_total,5,1-112,1-113,4287.0,1.132,3787.1024734982334
2025-10-15T19:39:46.829000+00:00,router_input_bytes_total,internal,1-112,1-112,2928.0,1.132,2586.5724381625446
2025-10-15T19:39:46.829000+00:00,router_input_bytes_total,physical_local,1-112,local,2928.0,1.132,2586.5724381625446
2025-10-15T19:39:46.829000+00:00,router_input_bytes_total,physical_remote,1-112,remote,4287.0,1.132,3787.1024734982334
2025-10-15T19:39:46.829000+00:00,router_input_pkts_total,->1,1-112,unknown,0.0,1.132,0.0
2025-10-15T19:39:46.829000+00:00,router_input_pkts_total,->2,1-112,unknown,0.0,1.132,0.0
2025-10-15T19:39:46.829000+00:00,router_input_pkts_total,->3,1-112,unknown,0.0,1.132,0.0
2025-10-15T19:39:46.829000+00:00,router_input_pkts_total,->4,1-112,unknown,0.0,1.132,0.0
2025-10-15T19:39:46.829000+00:00,router_input_pkts_total,->6,1-112,unknown,0.0,1.132,0.0
2025-10-15T19:39:46.829000+00:00,router_input_pkts_total,->7,1-112,unknown,0.0,1.132,0.0
2025-10-15T19:39:46.829000+00:00,router_input_pkts_total,5,1-112,1-113,13.0,1.132,11.48409893992933
2025-10-15T19:39:46.829000+00:00,router_input_pkts_total,internal,1-112,1-112,9.0,1.132,7.95053003533569
2025-10-15T19:39:46.829000+00:00,router_input_pkts_total,physical_local,1-112,local,9.0,1.132,7.95053003533569
2025-10-15T19:39:46.829000+00:00,router_input_pkts_total,physical_remote,1-112,remote,13.0,1.132,11.48409893992933
2025-10-15T19:39:46.829000+00:00,router_output_bytes_total,->1,1-112,unknown,0.0,1.132,0.0
2025-10-15T19:39:46.829000+00:00,router_output_bytes_total,->2,1-112,unknown,0.0,1.132,0.0
2025-10-15T19:39:46.829000+00:00,router_output_bytes_total,->3,1-112,unknown,0.0,1.132,0.0
2025-10-15T19:39:46.829000+00:00,router_output_bytes_total,->4,1-112,unknown,0.0,1.132,0.0
2025-10-15T19:39:46.829000+00:00,router_output_bytes_total,->6,1-112,unknown,0.0,1.132,0.0
2025-10-15T19:39:46.829000+00:00,router_output_bytes_total,->7,1-112,unknown,0.0,1.132,0.0
2025-10-15T19:39:46.829000+00:00,router_output_bytes_total,5,1-112,1-113,2928.0,1.132,2586.5724381625446
2025-10-15T19:39:46.829000+00:00,router_output_bytes_total,internal,1-112,1-112,4287.0,1.132,3787.1024734982334
2025-10-15T19:39:46.829000+00:00,router_output_bytes_total,physical_local,1-112,local,4287.0,1.132,3787.1024734982334
2025-10-15T19:39:46.829000+00:00,router_output_bytes_total,physical_remote,1-112,remote,2928.0,1.132,2586.5724381625446
2025-10-15T19:39:46.829000+00:00,router_output_pkts_total,->1,1-112,unknown,0.0,1.132,0.0
2025-10-15T19:39:46.829000+00:00,router_output_pkts_total,->2,1-112,unknown,0.0,1.132,0.0
2025-10-15T19:39:46.829000+00:00,router_output_pkts_total,->3,1-112,unknown,0.0,1.132,0.0
2025-10-15T19:39:46.829000+00:00,router_output_pkts_total,->4,1-112,unknown,0.0,1.132,0.0
2025-10-15T19:39:46.829000+00:00,router_output_pkts_total,->6,1-112,unknown,0.0,1.132,0.0
2025-10-15T19:39:46.829000+00:00,router_output_pkts_total,->7,1-112,unknown,0.0,1.132,0.0
2025-10-15T19:39:46.829000+00:00,router_output_pkts_total,5,1-112,1-113,9.0,1.132,7.95053003533569
2025-10-15T19:39:46.829000+00:00,router_output_pkts_total,internal,1-112,1-112,13.0,1.132,11.48409893992933
2025-10-15T19:39:46.829000+00:00,router_output_pkts_total,physical_local,1-112,local,13.0,1.132,11.48409893992933
2025-10-15T19:39:46.829000+00:00,router_output_pkts_total,physical_remote,1-112,remote,9.0,1.132,7.95053003533569
2025-10-15T19:39:47.909000+00:00,router_dropped_pkts_total,->1,1-112,unknown,0.0,1.08,0.0
2025-10-15T19:39:47.909000+00:00,router_dropped_pkts_total,->2,1-112,unknown,0.0,1.08,0.0
2025-10-15T19:39:47.909000+00:00,router_dropped_pkts_total,->3,1-112,unknown,0.0,1.08,0.0
2025-10-15T19:39:47.909000+00:00,router_dropped_pkts_total,->4,1-112,unknown,0.0,1.08,0.0
2025-10-15T19:39:47.909000+00:00,router_dropped_pkts_total,->6,1-112,unknown,0.0,1.08,0.0
2025-10-15T19:39:47.909000+00:00,router_dropped_pkts_total,->7,1-112,unknown,0.0,1.08,0.0
2025-10-15T19:39:47.909000+00:00,router_dropped_pkts_total,5,1-112,1-113,0.0,1.08,0.0
2025-10-15T19:39:47.909000+00:00,router_dropped_pkts_total,internal,1-112,1-112,0.0,1.08,0.0
2025-10-15T19:39:47.909000+00:00,router_dropped_pkts_total,physical_local,1-112,local,0.0,1.08,0.0
2025-10-15T19:39:47.909000+00:00,router_dropped_pkts_total,physical_remote,1-112,remote,0.0,1.08,0.0
2025-10-15T19:39:47.909000+00:00,router_input_bytes_total,->1,1-112,unknown,0.0,1.08,0.0
2025-10-15T19:39:47.909000+00:00,router_input_bytes_total,->2,1-112,unknown,0.0,1.08,0.0
2025-10-15T19:39:47.909000+00:00,router_input_bytes_total,->3,1-112,unknown,0.0,1.08,0.0
2025-10-15T19:39:47.909000+00:00,router_input_bytes_total,->4,1-112,unknown,0.0,1.08,0.0
2025-10-15T19:39:47.909000+00:00,router_input_bytes_total,->6,1-112,unknown,0.0,1.08,0.0
2025-10-15T19:39:47.909000+00:00,router_input_bytes_total,->7,1-112,unknown,0.0,1.08,0.0
2025-10-15T19:39:47.909000+00:00,router_input_bytes_total,5,1-112,1-113,0.0,1.08,0.0
2025-10-15T19:39:47.909000+00:00,router_input_bytes_total,internal,1-112,1-112,0.0,1.08,0.0
2025-10-15T19:39:47.909000+00:00,router_input_bytes_total,physical_local,1-112,local,0.0,1.08,0.0
2025-10-15T19:39:47.909000+00:00,router_input_bytes_total,physical_remote,1-112,remote,0.0,1.08,0.0
2025-10-15T19:39:47.909000+00:00,router_input_pkts_total,->1,1-112,unknown,0.0,1.08,0.0
2025-10-15T19:39:47.909000+00:00,router_input_pkts_total,->2,1-112,unknown,0.0,1.08,0.0
2025-10-15T19:39:47.909000+00:00,router_input_pkts_total,->3,1-112,unknown,0.0,1.08,0.0
2025-10-15T19:39:47.909000+00:00,router_input_pkts_total,->4,1-112,unknown,0.0,1.08,0.0
2025-10-15T19:39:47.909000+00:00,router_input_pkts_total,->6,1-112,unknown,0.0,1.08,0.0
2025-10-15T19:39:47.909000+00:00,router_input_pkts_total,->7,1-112,unknown,0.0,1.08,0.0
2025-10-15T19:39:47.909000+00:00,router_input_pkts_total,5,1-112,1-113,0.0,1.08,0.0
2025-10-15T19:39:47.909000+00:00,router_input_pkts_total,internal,1-112,1-112,0.0,1.08,0.0
2025-10-15T19:39:47.909000+00:00,router_input_pkts_total,physical_local,1-112,local,0.0,1.08,0.0
2025-10-15T19:39:47.909000+00:00,router_input_pkts_total,physical_remote,1-112,remote,0.0,1.08,0.0
2025-10-15T19:39:47.909000+00:00,router_output_bytes_total,->1,1-112,unknown,0.0,1.08,0.0
2025-10-15T19:39:47.909000+00:00,router_output_bytes_total,->2,1-112,unknown,0.0,1.08,0.0
2025-10-15T19:39:47.909000+00:00,router_output_bytes_total,->3,1-112,unknown,0.0,1.08,0.0
2025-10-15T19:39:47.909000+00:00,router_output_bytes_total,->4,1-112,unknown,0.0,1.08,0.0
2025-10-15T19:39:47.909000+00:00,router_output_bytes_total,->6,1-112,unknown,0.0,1.08,0.0
2025-10-15T19:39:47.909000+00:00,router_output_bytes_total,->7,1-112,unknown,0.0,1.08,0.0
2025-10-15T19:39:47.909000+00:00,router_output_bytes_total,5,1-112,1-113,0.0,1.08,0.0
2025-10-15T19:39:47.909000+00:00,router_output_bytes_total,internal,1-112,1-112,0.0,1.08,0.0
2025-10-15T19:39:47.909000+00:00,router_output_bytes_total,physical_local,1-112,local,0.0,1.08,0.0
2025-10-15T19:39:47.909000+00:00,router_output_bytes_total,physical_remote,1-112,remote,0.0,1.08,0.0
2025-10-15T19:39:47.909000+00:00,router_output_pkts_total,->1,1-112,unknown,0.0,1.08,0.0
2025-10-15T19:39:47.909000+00:00,router_output_pkts_total,->2,1-112,unknown,0.0,1.08,0.0
2025-10-15T19:39:47.909000+00:00,router_output_pkts_total,->3,1-112,unknown,0.0,1.08,0.0
2025-10-15T19:39:47.909000+00:00,router_output_pkts_total,->4,1-112,unknown,0.0,1.08,0.0
2025-10-15T19:39:47.909000+00:00,router_output_pkts_total,->6,1-112,unknown,0.0,1.08,0.0
2025-10-15T19:39:47.909000+00:00,router_output_pkts_total,->7,1-112,unknown,0.0,1.08,0.0
2025-10-15T19:39:47.909000+00:00,router_output_pkts_total,5,1-112,1-113,0.0,1.08,0.0
2025-10-15T19:39:47.909000+00:00,router_output_pkts_total,internal,1-112,1-112,0.0,1.08,0.0
2025-10-15T19:39:47.909000+00:00,router_output_pkts_total,physical_local,1-112,local,0.0,1.08,0.0
2025-10-15T19:39:47.909000+00:00,router_output_pkts_total,physical_remote,1-112,remote,0.0,1.08,0.0
2025-10-15T19:39:49.040000+00:00,router_dropped_pkts_total,->1,1-112,unknown,0.0,1.131,0.0
2025-10-15T19:39:49.040000+00:00,router_dropped_pkts_total,->2,1-112,unknown,0.0,1.131,0.0
2025-10-15T19:39:49.040000+00:00,router_dropped_pkts_total,->3,1-112,unknown,0.0,1.131,0.0
2025-10-15T19:39:49.040000+00:00,router_dropped_pkts_total,->4,1-112,unknown,0.0,1.131,0.0
2025-10-15T19:39:49.040000+00:00,router_dropped_pkts_total,->6,1-112,unknown,0.0,1.131,0.0
2025-10-15T19:39:49.040000+00:00,router_dropped_pkts_total,->7,1-112,unknown,0.0,1.131,0.0
2025-10-15T19:39:49.040000+00:00,router_dropped_pkts_total,5,1-112,1-113,0.0,1.131,0.0
2025-10-15T19:39:49.040000+00:00,router_dropped_pkts_total,internal,1-112,1-112,0.0,1.131,0.0
2025-10-15T19:39:49.040000+00:00,router_dropped_pkts_total,physical_local,1-112,local,0.0,1.131,0.0
2025-10-15T19:39:49.040000+00:00,router_dropped_pkts_total,physical_remote,1-112,remote,0.0,1.131,0.0
2025-10-15T19:39:49.040000+00:00,router_input_bytes_total,->1,1-112,unknown,0.0,1.131,0.0
2025-10-15T19:39:49.040000+00:00,router_input_bytes_total,->2,1-112,unknown,0.0,1.131,0.0
2025-10-15T19:39:49.040000+00:00,router_input_bytes_total,->3,1-112,unknown,0.0,1.131,0.0
2025-10-15T19:39:49.040000+00:00,router_input_bytes_total,->4,1-112,unknown,0.0,1.131,0.0
2025-10-15T19:39:49.040000+00:00,router_input_bytes_total,->6,1-112,unknown,0.0,1.131,0.0
2025-10-15T19:39:49.040000+00:00,router_input_bytes_total,->7,1-112,unknown,0.0,1.131,0.0
2025-10-15T19:39:49.040000+00:00,router_input_bytes_total,5,1-112,1-113,11415.0,1.131,10092.838196286471
2025-10-15T19:39:49.040000+00:00,router_input_bytes_total,internal,1-112,1-112,5622.0,1.131,4970.8222811671085
2025-10-15T19:39:49.040000+00:00,router_input_bytes_total,physical_local,1-112,local,5622.0,1.131,4970.8222811671085
2025-10-15T19:39:49.040000+00:00,router_input_bytes_total,physical_remote,1-112,remote,11415.0,1.131,10092.838196286471
2025-10-15T19:39:49.040000+00:00,router_input_pkts_total,->1,1-112,unknown,0.0,1.131,0.0
2025-10-15T19:39:49.040000+00:00,router_input_pkts_total,->2,1-112,unknown,0.0,1.131,0.0
2025-10-15T19:39:49.040000+00:00,router_input_pkts_total,->3,1-112,unknown,0.0,1.131,0.0
2025-10-15T19:39:49.040000+00:00,router_input_pkts_total,->4,1-112,unknown,0.0,1.131,0.0
2025-10-15T19:39:49.040000+00:00,router_input_pkts_total,->6,1-112,unknown,0.0,1.131,0.0
2025-10-15T19:39:49.040000+00:00,router_input_pkts_total,->7,1-112,unknown,0.0,1.131,0.0
2025-10-15T19:39:49.040000+00:00,router_input_pkts_total,5,1-112,1-113,35.0,1.131,30.94606542882405
2025-10-15T19:39:49.040000+00:00,router_input_pkts_total,internal,1-112,1-112,30.0,1.131,26.52519893899204
2025-10-15T19:39:49.040000+00:00,router_input_pkts_total,physical_local,1-112,local,30.0,1.131,26.52519893899204
2025-10-15T19:39:49.040000+00:00,router_input_pkts_total,physical_remote,1-112,remote,35.0,1.131,30.94606542882405
2025-10-15T19:39:49.040000+00:00,router_output_bytes_total,->1,1-112,unknown,0.0,1.131,0.0
2025-10-15T19:39:49.040000+00:00,router_output_bytes_total,->2,1-112,unknown,0.0,1.131,0.0
2025-10-15T19:39:49.040000+00:00,router_output_bytes_total,->3,1-112,unknown,0.0,1.131,0.0
2025-10-15T19:39:49.040000+00:00,router_output_bytes_total,->4,1-112,unknown,0.0,1.131,0.0
2025-10-15T19:39:49.040000+00:00,router_output_bytes_total,->6,1-112,unknown,0.0,1.131,0.0
2025-10-15T19:39:49.040000+00:00,router_output_bytes_total,->7,1-112,unknown,0.0,1.131,0.0
2025-10-15T19:39:49.040000+00:00,router_output_bytes_total,5,1-112,1-113,5622.0,1.131,4970.8222811671085
2025-10-15T19:39:49.040000+00:00,router_output_bytes_total,internal,1-112,1-112,11415.0,1.131,10092.838196286471
2025-10-15T19:39:49.040000+00:00,router_output_bytes_total,physical_local,1-112,local,11415.0,1.131,10092.838196286471
2025-10-15T19:39:49.040000+00:00,router_output_bytes_total,physical_remote,1-112,remote,5622.0,1.131,4970.8222811671085
2025-10-15T19:39:49.040000+00:00,router_output_pkts_total,->1,1-112,unknown,0.0,1.131,0.0
2025-10-15T19:39:49.040000+00:00,router_output_pkts_total,->2,1-112,unknown,0.0,1.131,0.0
2025-10-15T19:39:49.040000+00:00,router_output_pkts_total,->3,1-112,unknown,0.0,1.131,0.0
2025-10-15T19:39:49.040000+00:00,router_output_pkts_total,->4,1-112,unknown,0.0,1.131,0.0
2025-10-15T19:39:49.040000+00:00,router_output_pkts_total,->6,1-112,unknown,0.0,1.131,0.0
2025-10-15T19:39:49.040000+00:00,router_output_pkts_total,->7,1-112,unknown,0.0,1.131,0.0
2025-10-15T19:39:49.040000+00:00,router_output_pkts_total,5,1-112,1-113,30.0,1.131,26.52519893899204
2025-10-15T19:39:49.040000+00:00,router_output_pkts_total,internal,1-112,1-112,35.0,1.131,30.94606542882405
2025-10-15T19:39:49.040000+00:00,router_output_pkts_total,physical_local,1-112,local,35.0,1.131,30.94606542882405
2025-10-15T19:39:49.040000+00:00,router_output_pkts_total,physical_remote,1-112,remote,30.0,1.131,26.52519893899204
